1.027 1.165 2.338 1.382 1.903 2.772 3.665 2.756 3.647 1.179 2.344 6.366 5.21 2.359 2.471 5.681 9.336 7.829 7.219 7.157 11.118 4.262 4.163 6.253 9.713 11.457 6.339 6.998 7.955 15.588 13.239 31.905 14.238 11.063 13.14 14.866 19.628 33.78 24.87 12.437 11.925 9.075 14.617 18.876 26.137 19.115 8.247 14.18 20.019 19.309 17.574 16.123 30.473 17.626 14.711 16.162 17.033 21.368 19.213 16.713 17.607 11.159 10.066 16.175 8.658
1.176 1.298 2.49 1.513 2.027 2.942 3.909 2.956 3.906 1.292 2.398 6.646 5.532 2.618 2.701 6.087 10.281 8.761 8.231 8.175 12.619 4.91 4.678 6.812 10.647 12.794 7.198 7.799 8.777 17.268 14.931 36.628 16.429 12.915 15.093 17.008 22.452 38.752 28.657 14.661 13.918 10.687 16.818 21.769 30.114 22.311 9.916 16.218 22.654 22.048 20.161 18.485 34.067 20.106 16.837 18.257 19.126 23.769 21.519 18.813 19.671 12.649 11.305 17.56 9.761
1.314 1.469 2.792 1.713 2.288 3.249 4.221 3.217 4.178 1.428 2.713 7.038 5.849 2.774 2.9 6.391 10.327 8.787 8.172 8.118 12.349 4.975 4.848 7.132 10.884 12.814 7.327 8.034 9.099 17.298 14.923 34.624 16.151 12.72 14.978 16.893 22.04 36.993 27.785 14.419 13.851 10.782 16.901 21.576 29.309 21.903 9.908 16.382 22.698 22.018 20.15 18.557 33.57 20.185 16.981 18.508 19.447 24.028 21.792 19.11 20.017 13.064 11.836 18.376 10.327
1.37 1.476 2.777 1.695 2.214 3.195 4.316 3.277 4.236 1.383 2.416 6.544 5.718 2.703 2.686 5.878 10.402 9.201 8.717 8.598 13.289 5.162 4.734 6.628 10.297 12.743 7.228 7.602 8.385 16.523 14.833 38.164 17.329 13.507 15.38 17.205 22.876 41.046 30.938 15.753 14.503 10.939 16.96 22.317 31.967 24.126 10.613 16.959 23.763 23.509 21.655 19.833 37.154 22.18 18.455 19.796 20.698 25.905 23.711 20.781 21.724 13.887 12.213 18.752 10.43
1.494 1.646 3.116 1.891 2.488 3.496 4.511 3.4 4.324 1.45 2.642 6.693 5.534 2.611 2.652 5.726 9.266 7.93 7.383 7.289 11.044 4.417 4.21 6.077 9.216 10.876 6.219 6.71 7.505 14.232 12.344 29.164 13.643 10.73 12.494 14.025 18.344 31.298 23.678 12.293 11.635 8.933 13.986 18.012 24.924 18.767 8.43 13.889 19.375 18.933 17.422 16.067 29.592 17.768 14.957 16.28 17.126 21.33 19.437 17.095 17.976 11.657 10.486 16.348 9.113
1.714 1.882 3.631 2.142 2.839 4.043 5.244 3.841 4.927 1.572 2.85 7.604 6.092 2.785 2.816 6.28 10.428 8.718 8.088 7.969 12.292 4.665 4.406 6.38 9.903 11.77 6.489 6.994 7.806 15.41 13.129 32.746 14.394 11.277 13.231 14.906 19.777 34.66 25.465 12.884 12.257 9.322 14.854 19.422 27.362 20.206 8.864 14.777 20.918 20.404 18.724 17.23 32.72 19.012 15.975 17.469 18.398 23.163 20.999 18.414 19.437 12.386 11.074 17.518 9.546
1.205 1.366 2.63 1.645 2.228 3.157 4.119 3.226 4.191 1.491 2.863 7.19 6.127 2.949 3.077 6.626 10.512 9.001 8.331 8.263 12.421 5.133 5.072 7.487 11.3 13.223 7.752 8.539 9.682 17.916 15.547 34.665 16.448 12.989 15.219 17.107 22.133 36.473 27.481 14.372 13.68 10.516 16.424 20.834 28.049 20.905 9.401 15.68 21.695 20.99 19.179 17.626 31.67 18.983 15.959 17.359 18.232 22.473 20.28 17.692 18.481 12.027 10.943 17.102 9.562
0.846 0.955 1.969 1.156 1.626 2.417 3.265 2.471 3.338 1.055 2.135 6.056 4.969 2.235 2.322 5.454 9.131 7.641 7.055 6.978 10.946 4.082 3.954 5.98 9.439 11.229 6.15 6.782 7.707 15.416 13.041 32.308 13.989 10.794 12.744 14.374 19.081 33.304 24.141 11.873 11.213 8.336 13.488 17.502 24.45 17.658 7.417 12.767 18.129 17.448 15.822 14.418 27.684 15.645 12.949 14.14 14.836 18.681 16.674 14.379 15.072 9.362 8.348 13.556 7.106
0.937 1.06 2.124 1.265 1.758 2.59 3.462 2.626 3.535 1.155 2.316 6.457 5.306 2.428 2.558 5.927 9.802 8.21 7.584 7.524 11.69 4.491 4.387 6.594 10.302 12.188 6.753 7.471 8.513 16.773 14.233 34.303 15.219 11.816 14.004 15.818 20.838 35.645 26.068 13.055 12.506 9.527 15.195 19.494 26.733 19.453 8.436 14.292 20.032 19.247 17.454 15.957 29.81 17.216 14.325 15.648 16.407 20.442 18.305 15.86 16.594 10.522 9.456 15.05 8.106
1.077 1.207 2.292 1.449 1.952 2.774 3.642 2.876 3.756 1.353 2.561 6.48 5.57 2.732 2.843 6.094 9.747 8.437 7.88 7.837 11.768 4.923 4.816 7.034 10.609 12.48 7.369 8.068 9.124 16.885 14.764 33.1 15.924 12.609 14.684 16.47 21.272 35.067 26.636 14.09 13.37 10.341 15.922 20.134 27.055 20.339 9.303 15.158 20.818 20.194 18.488 16.999 30.208 18.348 15.437 16.698 17.48 21.435 19.413 16.983 17.682 11.598 10.499 16.143 9.16
1.543 1.723 3.195 2.023 2.661 3.69 4.723 3.681 4.67 1.7 3.121 7.522 6.415 3.157 3.265 6.807 10.662 9.215 8.569 8.5 12.599 5.373 5.261 7.614 11.32 13.21 7.88 8.599 9.69 17.573 15.41 33.683 16.564 13.188 15.366 17.247 22.181 36.194 27.808 14.921 14.236 11.132 17.105 21.635 29.01 22.05 10.264 16.707 22.929 22.345 20.56 19.008 33.502 20.676 17.516 19.026 20.005 24.536 22.371 19.711 20.621 13.703 12.5 19.15 11.028
1.955 2.163 3.993 2.485 3.228 4.442 5.627 4.292 5.361 1.889 3.394 8.119 6.791 3.287 3.351 6.96 10.901 9.366 8.679 8.556 12.672 5.303 5.117 7.34 10.892 12.696 7.472 8.078 9.039 16.487 14.407 32.062 15.629 12.395 14.406 16.148 20.839 34.424 26.438 14.087 13.406 10.45 16.137 20.539 27.843 21.203 9.806 15.996 22.059 21.563 19.881 18.397 32.832 20.206 17.118 18.622 19.607 24.179 22.106 19.522 20.493 13.562 12.333 18.971 10.862
0.827 0.893 1.685 1.039 1.369 2.008 2.773 2.149 2.836 0.941 1.666 4.647 4.175 2.005 2.012 4.447 7.958 7.12 6.773 6.692 10.327 4.044 3.712 5.203 8.092 10.06 5.753 6.064 6.709 13.215 11.937 30.542 14.007 10.876 12.333 13.746 18.182 32.347 24.412 12.419 11.392 8.591 13.228 17.258 24.427 18.369 8.084 12.802 17.753 17.449 15.988 14.575 26.919 16.093 13.319 14.202 14.763 18.323 16.695 14.564 15.122 9.657 8.466 12.891 7.181
1.146 1.288 2.453 1.536 2.078 2.984 3.925 3.057 4.039 1.417 2.749 7.208 6.09 2.936 3.101 6.836 11.024 9.422 8.77 8.722 13.203 5.406 5.307 7.842 11.962 14.082 8.146 8.969 10.206 19.252 16.674 37.883 17.861 14.067 16.522 18.609 24.132 39.873 29.968 15.656 15.017 11.733 18.203 23.025 30.801 23.003 10.489 17.139 23.533 22.751 20.75 19.051 33.754 20.447 17.158 18.594 19.459 23.822 21.542 18.826 19.577 12.845 11.641 17.89 10.172
0.893 1.021 2.103 1.249 1.762 2.609 3.515 2.686 3.625 1.166 2.389 6.656 5.498 2.483 2.599 6.057 10.018 8.383 7.715 7.631 11.904 4.489 4.398 6.685 10.485 12.407 6.848 7.591 8.652 17.086 14.463 35.054 15.308 11.833 14.004 15.805 20.888 36.009 26.141 12.899 12.225 9.122 14.764 19.056 26.363 19.023 8.004 13.866 19.625 18.838 17.054 15.536 29.541 16.748 13.873 15.163 15.918 19.972 17.796 15.327 16.048 10.004 8.974 14.577 7.669
1.108 1.23 2.469 1.458 2.01 2.974 4.006 3.016 4.048 1.292 2.502 7.122 5.846 2.679 2.758 6.402 10.837 9.141 8.52 8.445 13.219 4.987 4.759 7.058 11.133 13.336 7.352 8.023 9.059 18.15 15.472 38.793 16.948 13.161 15.443 17.393 23.096 40.499 29.567 14.76 13.922 10.444 16.662 21.656 30.363 22.166 9.522 15.97 22.575 21.858 19.916 18.201 34.693 19.875 16.523 17.979 18.84 23.665 21.262 18.451 19.339 12.144 10.785 17.199 9.192
1.277 1.364 2.507 1.519 1.934 2.738 3.709 2.885 3.666 1.197 2.014 4.994 4.525 2.17 2.132 4.481 7.811 7.426 7.16 7.044 10.744 4.241 3.814 5.169 7.58 9.359 5.479 5.726 6.211 11.73 10.883 29.074 14.351 11.068 12.305 13.392 17.523 32.253 25.957 13.15 11.873 8.813 13.252 17.157 25.121 19.863 8.78 13.895 19.117 18.909 17.641 16.285 30.541 18.868 15.677 16.691 17.269 21.488 19.925 17.615 18.466 11.822 10.306 15.546 8.605
0.912 0.999 1.827 1.144 1.476 2.082 2.77 2.158 2.769 0.961 1.69 4.343 3.937 1.942 1.987 4.285 7.397 6.695 6.393 6.354 9.632 3.924 3.671 5.147 7.782 9.532 5.593 5.944 6.6 12.51 11.386 27.756 13.322 10.505 12.021 13.432 17.568 30.313 23.317 12.161 11.37 8.832 13.644 17.66 24.44 18.608 8.477 13.48 18.436 18.04 16.559 15.191 27.022 16.615 13.902 14.917 15.556 19.078 17.448 15.346 15.977 10.483 9.374 14.123 8.099
1.206 1.348 2.539 1.61 2.152 3.034 3.959 3.124 4.04 1.467 2.737 6.803 5.864 2.887 2.99 6.332 10.074 8.749 8.169 8.119 12.138 5.125 5.007 7.276 10.918 12.828 7.624 8.327 9.396 17.249 15.135 33.653 16.37 12.982 15.088 16.914 21.813 35.88 27.427 14.591 13.826 10.701 16.441 20.804 27.986 21.151 9.724 15.811 21.717 21.126 19.388 17.858 31.678 19.363 16.322 17.661 18.51 22.71 20.625 18.086 18.857 12.413 11.25 17.271 9.846
1.248 1.406 2.603 1.707 2.275 3.162 4.088 3.302 4.239 1.645 3.032 7.192 6.315 3.207 3.342 6.839 10.59 9.232 8.593 8.552 12.537 5.553 5.516 7.978 11.768 13.696 8.403 9.225 10.427 18.491 16.333 34.323 17.23 13.814 16.035 17.948 22.855 36.385 28.048 15.322 14.583 11.409 17.268 21.582 28.411 21.6 10.213 16.433 22.312 21.672 19.904 18.374 31.595 19.657 16.674 18.01 18.873 22.91 20.808 18.274 18.989 12.732 11.664 17.674 10.325
0.821 0.888 1.683 1.036 1.371 2.017 2.782 2.148 2.842 0.94 1.675 4.709 4.194 2.009 2.02 4.489 8.015 7.112 6.753 6.67 10.304 4.018 3.7 5.211 8.144 10.11 5.758 6.084 6.745 13.334 11.981 30.575 13.885 10.799 12.283 13.72 18.172 32.26 24.194 12.298 11.316 8.547 13.21 17.251 24.371 18.251 8.024 12.746 17.712 17.398 15.93 14.521 26.84 15.98 13.237 14.136 14.711 18.273 16.629 14.5 15.06 9.613 8.44 12.888 7.176
1.083 1.166 2.142 1.307 1.669 2.358 3.178 2.475 3.151 1.044 1.778 4.432 4.034 1.952 1.941 4.113 7.164 6.765 6.516 6.435 9.812 3.905 3.55 4.854 7.158 8.831 5.182 5.445 5.942 11.217 10.379 27.175 13.346 10.354 11.604 12.716 16.647 30.202 24.071 12.27 11.183 8.402 12.735 16.514 23.887 18.714 8.326 13.215 18.161 17.917 16.653 15.352 28.439 17.542 14.602 15.589 16.171 20.065 18.546 16.379 17.153 11.048 9.7 14.644 8.172
1.174 1.272 2.314 1.43 1.811 2.512 3.315 2.598 3.301 1.133 1.932 4.706 4.241 2.103 2.126 4.506 7.72 7.288 7.119 7.127 10.808 4.417 4.059 5.579 8.159 9.838 5.843 6.184 6.81 12.654 11.623 29.456 15.02 11.804 13.395 14.732 19.047 33.524 26.954 14.057 12.982 9.923 15.052 19.331 27.281 21.383 9.733 15.452 21.13 20.661 19.073 17.597 31.883 19.833 16.596 17.794 18.486 22.704 20.89 18.466 19.331 12.624 11.188 16.798 9.509
0.995 1.14 2.318 1.378 1.928 2.836 3.785 2.88 3.863 1.259 2.586 7.113 5.873 2.647 2.8 6.501 10.661 8.91 8.16 8.072 12.526 4.8 4.74 7.21 11.234 13.222 7.308 8.126 9.297 18.215 15.431 36.679 16.297 12.582 14.971 16.943 22.304 37.989 27.774 13.777 13.212 10.036 16.163 20.727 28.355 20.523 8.766 15.158 21.336 20.436 18.47 16.858 31.625 18.169 15.075 16.526 17.37 21.683 19.355 16.71 17.501 11.042 9.972 16.069 8.554
0.859 0.962 1.948 1.15 1.602 2.382 3.218 2.433 3.29 1.051 2.079 5.942 4.875 2.225 2.309 5.394 9.086 7.631 7.087 7.025 11 4.143 3.984 5.957 9.401 11.225 6.175 6.778 7.682 15.384 13.063 32.502 14.157 10.971 12.917 14.555 19.301 33.662 24.477 12.168 11.511 8.633 13.807 17.88 24.925 18.098 7.74 13.069 18.454 17.796 16.168 14.756 28.08 16.016 13.292 14.477 15.163 19.019 17.028 14.735 15.425 9.664 8.599 13.766 7.322
1.022 1.122 2.049 1.282 1.651 2.33 3.132 2.472 3.189 1.108 1.953 4.992 4.638 2.309 2.376 5.145 8.932 8.241 7.898 7.845 11.854 4.828 4.507 6.292 9.409 11.568 6.844 7.288 8.079 15.212 13.971 34.377 16.669 13.098 14.924 16.572 21.592 37.343 28.928 15.008 13.974 10.821 16.651 21.518 29.819 22.735 10.326 16.366 22.214 21.642 19.842 18.171 32.147 19.797 16.516 17.663 18.346 22.416 20.484 17.998 18.7 12.253 10.932 16.389 9.38
0.973 1.114 2.258 1.333 1.849 2.693 3.562 2.687 3.558 1.146 2.326 6.296 5.175 2.322 2.44 5.63 9.206 7.699 7.056 6.977 10.827 4.129 4.067 6.17 9.588 11.277 6.23 6.909 7.88 15.399 13.056 31.147 13.853 10.716 12.753 14.439 19.047 32.628 23.931 11.861 11.363 8.607 13.965 18.014 24.844 18.047 7.672 13.38 18.93 18.194 16.494 15.085 28.536 16.388 13.627 14.983 15.795 19.816 17.739 15.357 16.155 10.173 9.198 14.914 7.909
1.329 1.432 2.606 1.598 2.021 2.806 3.697 2.863 3.6 1.211 2.044 4.933 4.375 2.126 2.114 4.419 7.507 7.025 6.79 6.734 10.193 4.118 3.753 5.127 7.486 9.049 5.331 5.603 6.126 11.4 10.464 26.816 13.52 10.564 11.916 13.071 16.969 30.293 24.384 12.623 11.589 8.787 13.307 17.15 24.511 19.306 8.724 13.868 19.062 18.756 17.411 16.102 29.599 18.414 15.409 16.526 17.188 21.25 19.642 17.4 18.268 11.877 10.489 15.811 8.9
1.009 1.134 2.083 1.371 1.818 2.516 3.241 2.62 3.35 1.31 2.395 5.634 4.956 2.533 2.637 5.357 8.27 7.226 6.732 6.702 9.791 4.373 4.34 6.255 9.196 10.696 6.596 7.231 8.167 14.41 12.759 26.643 13.486 10.833 12.559 14.051 17.859 28.33 21.922 12.046 11.47 9.001 13.568 16.934 22.244 16.971 8.084 12.938 17.526 17.039 15.665 14.474 24.757 15.493 13.16 14.205 14.882 18.035 16.404 14.428 14.989 10.093 9.251 13.956 8.202
1.181 1.33 2.469 1.602 2.131 2.962 3.822 3.058 3.915 1.492 2.752 6.563 5.722 2.878 2.993 6.162 9.576 8.329 7.748 7.703 11.333 4.962 4.914 7.116 10.527 12.263 7.466 8.187 9.25 16.508 14.55 30.913 15.412 12.327 14.325 16.047 20.497 32.871 25.3 13.733 13.071 10.207 15.536 19.493 25.812 19.606 9.205 14.892 20.3 19.736 18.132 16.741 29.031 17.989 15.248 16.499 17.309 21.086 19.163 16.836 17.531 11.708 10.713 16.314 9.473
