3.403 4.294 4.301 3.605 5.356 5.813 5.632 5.158 4.97 4.647 6.091 4.854 4.848 5.841 6.431 10.338 10.036 9.585 8.574 6.306 11.32 7.639 6.947 10.214 13.19 12.278 8.453 14.471 15.32 17.088 13.117 15.634 14.619 12.155 12.471 13.368 15.551 16.643 17.628 15.684 17.395 13.476 16.696 17.961 13.518 20.061 16.699 11.983 12.236 21.13 16.536 13.786 15.075 6.959 8.596 11.451 11.051 12.091 10.179 10.161 11.829 10.169 11.921 13.407 7.679
3.257 4.148 4.15 3.449 5.195 5.646 5.458 4.976 4.783 4.451 5.883 4.64 4.625 5.598 6.166 10.051 9.728 9.261 8.244 5.99 10.976 7.284 6.59 9.817 12.765 11.835 8.018 13.99 14.818 16.571 12.583 15.073 14.055 11.6 11.911 12.797 14.955 16.021 16.988 15.044 16.754 12.865 16.091 17.367 12.95 19.533 16.177 11.486 11.769 20.753 16.122 13.362 14.68 6.582 8.225 11.079 10.662 11.7 9.79 9.786 11.47 9.803 11.565 13.066 7.336
3.266 4.108 4.12 3.469 5.132 5.564 5.388 4.942 4.769 4.474 5.856 4.687 4.692 5.653 6.229 9.957 9.656 9.215 8.249 6.097 10.885 7.39 6.743 9.889 12.727 11.843 8.196 13.956 14.754 16.407 12.631 15.033 14.067 11.731 12.049 12.917 15.008 16.049 16.978 15.117 16.731 12.996 16.044 17.214 12.985 19.122 15.918 11.456 11.687 19.979 15.661 13.072 14.259 6.666 8.231 10.94 10.574 11.55 9.742 9.717 11.275 9.713 11.352 12.728 7.343
2.879 3.63 3.642 3.069 4.546 4.924 4.766 4.373 4.223 3.967 5.196 4.158 4.168 5.026 5.54 8.85 8.573 8.178 7.319 5.413 9.673 6.568 6.001 8.801 11.312 10.514 7.283 12.41 13.103 14.562 11.209 13.353 12.485 10.413 10.702 11.47 13.324 14.244 15.062 13.401 14.829 11.505 14.206 15.227 11.466 16.903 14.039 10.089 10.302 17.645 13.791 11.507 12.561 5.864 7.265 9.658 9.329 10.19 8.583 8.559 9.933 8.552 10.006 11.215 6.451
3.157 4.049 4.03 3.296 5.056 5.548 5.383 4.881 4.654 4.267 5.695 4.417 4.354 5.274 5.811 9.794 9.541 9.109 8.052 5.7 10.701 6.911 6.147 9.27 12.3 11.439 7.546 13.482 14.387 16.315 12.203 14.68 13.615 11.057 11.272 12.102 14.244 15.341 16.367 14.426 16.163 12.241 15.47 16.852 12.423 19.261 15.943 11.141 11.377 20.848 16.162 13.332 14.733 6.288 7.757 10.581 10.189 11.269 9.386 9.39 11.124 9.439 11.259 12.903 7.052
3.103 3.904 3.897 3.23 4.839 5.283 5.123 4.665 4.469 4.134 5.445 4.308 4.265 5.146 5.664 9.26 9.022 8.609 7.671 5.558 10.114 6.731 6.053 9.006 11.787 10.993 7.42 12.879 13.737 15.409 11.716 13.952 13.074 10.786 11.036 11.873 13.876 14.889 15.818 14.063 15.66 12.101 15.091 16.357 12.3 18.42 15.415 11.012 11.215 19.604 15.42 12.803 14.008 6.33 7.767 10.449 10.083 11.068 9.319 9.313 10.898 9.338 10.968 12.411 7.069
3.557 4.406 4.353 3.525 5.258 5.859 5.775 5.273 5.003 4.528 5.92 4.623 4.453 5.348 5.88 9.841 9.968 9.755 8.754 6.22 11.202 7.357 6.392 9.493 12.713 12.141 8.086 13.874 15.123 17.348 13.245 15.568 14.506 11.781 11.968 12.64 14.773 15.808 17.034 15.207 16.886 12.839 15.914 17.616 13.154 19.832 16.81 12.189 12.224 21.57 17.429 14.558 15.902 7.006 8.095 10.662 10.205 11.226 9.433 9.293 10.841 9.201 10.722 12.307 6.955
3.42 4.344 4.339 3.602 5.399 5.873 5.687 5.187 4.978 4.619 6.077 4.794 4.763 5.74 6.308 10.258 9.966 9.515 8.487 6.17 11.239 7.475 6.748 10.004 13.015 12.111 8.222 14.274 15.157 16.998 12.946 15.481 14.457 11.941 12.24 13.137 15.34 16.445 17.458 15.499 17.274 13.308 16.641 18.012 13.494 20.362 16.963 12.098 12.398 21.85 17.077 14.195 15.606 7.012 8.699 11.679 11.242 12.336 10.347 10.351 12.137 10.389 12.246 13.855 7.817
3.41 4.343 4.328 3.546 5.451 5.964 5.745 5.171 4.927 4.53 6.076 4.747 4.705 5.753 6.361 10.646 10.287 9.702 8.526 6.055 11.423 7.407 6.649 10.173 13.48 12.45 8.166 14.646 15.62 17.49 12.976 15.514 14.486 11.815 12.17 13.227 15.591 16.749 17.798 15.691 17.557 13.392 16.937 18.422 13.626 20.843 17.238 12.067 12.34 22.266 17.233 14.079 15.463 6.703 8.461 11.661 11.213 12.363 10.3 10.3 12.165 10.31 12.226 13.919 7.674
3.141 3.992 3.951 3.198 4.96 5.459 5.272 4.73 4.501 4.102 5.524 4.281 4.199 5.114 5.632 9.656 9.337 8.817 7.775 5.502 10.488 6.673 5.917 9.096 12.219 11.297 7.287 13.269 14.226 16.05 11.81 14.182 13.329 10.832 11.084 12.007 14.161 15.223 16.236 14.324 16.122 12.272 15.603 17.068 12.611 19.474 16.159 11.284 11.482 20.915 16.22 13.205 14.543 6.241 7.666 10.551 10.131 11.243 9.395 9.429 11.193 9.441 11.224 12.873 7.088
3.747 4.793 4.75 3.858 5.93 6.533 6.37 5.776 5.496 5.006 6.666 5.151 5.048 6.096 6.707 11.414 11.186 10.744 9.519 6.696 12.574 8.054 7.114 10.731 14.33 13.398 8.802 15.755 16.873 19.269 14.415 17.324 16.083 13.022 13.193 14.12 16.622 17.935 19.201 16.961 19.055 14.426 18.261 19.97 14.764 22.976 19.091 13.375 13.584 24.989 19.451 16.086 17.79 7.541 9.169 12.444 11.965 13.294 11.083 11.093 13.18 11.183 13.351 15.366 8.421
3.187 4.03 4.03 3.35 5.075 5.539 5.361 4.884 4.695 4.369 5.813 4.596 4.582 5.573 6.167 10.168 9.829 9.338 8.294 6 11.041 7.292 6.586 9.888 12.944 11.991 8.063 14.135 14.985 16.73 12.642 15.115 14.118 11.624 11.914 12.822 15 16.076 17.047 15.085 16.765 12.859 16.011 17.23 12.827 19.146 15.812 11.188 11.354 19.823 15.398 12.714 13.894 6.258 7.757 10.501 10.147 11.167 9.372 9.351 10.923 9.324 10.969 12.385 6.994
3.88 4.847 4.828 3.994 5.903 6.45 6.282 5.73 5.474 5.032 6.547 5.185 5.094 6.077 6.646 10.781 10.584 10.166 9.103 6.615 11.85 7.932 7.099 10.429 13.644 12.829 8.714 14.932 16.005 18.061 13.843 16.424 15.438 12.771 13.015 13.962 16.283 17.494 18.638 16.667 18.591 14.483 18.045 19.675 14.969 22.41 19.016 13.749 14.019 24.409 19.498 16.333 17.899 8.18 9.872 13.153 12.715 13.951 11.826 11.843 13.857 11.939 13.983 15.856 9.171
2.787 3.572 3.543 2.878 4.492 4.897 4.661 4.136 3.93 3.604 4.883 3.792 3.765 4.638 5.123 8.685 8.204 7.503 6.689 4.76 9.117 5.84 5.277 8.219 10.959 10.005 6.436 11.816 12.554 13.538 10.17 12.167 11.439 9.36 9.739 10.685 12.641 13.553 14.376 12.624 14.202 10.821 13.871 15.152 11.143 17.325 14.227 9.897 10.218 18.79 14.258 11.575 12.725 5.509 7.092 9.906 9.484 10.479 8.685 8.705 10.359 8.711 10.387 11.877 6.433
2.698 3.392 3.405 2.853 4.289 4.665 4.503 4.106 3.956 3.703 4.915 3.919 3.922 4.776 5.292 8.587 8.278 7.834 6.958 5.075 9.252 6.206 5.641 8.442 10.965 10.136 6.875 11.93 12.627 13.992 10.629 12.664 11.86 9.818 10.104 10.908 12.737 13.628 14.406 12.763 14.126 10.899 13.496 14.473 10.824 15.947 13.193 9.389 9.541 16.402 12.787 10.588 11.535 5.3 6.617 8.955 8.668 9.494 7.985 7.953 9.239 7.919 9.271 10.404 5.946
3.578 4.409 4.337 3.54 5.273 5.982 5.873 5.273 4.966 4.478 5.866 4.703 4.568 5.43 6.051 10.417 10.39 9.93 8.776 6.193 11.046 7.361 6.464 9.535 13.337 12.733 8.321 14.127 15.752 17.977 13.324 15.591 14.774 12.083 12.106 13.053 15.501 16.866 18.123 16.178 18.065 13.973 17.439 19.21 14.517 21.636 18.309 12.958 12.888 22.418 18.029 14.659 15.785 7.088 8.165 11.035 11.105 12.451 10.66 10.707 12.56 10.731 12.45 14.236 8.213
3.425 4.258 4.236 3.475 5.329 5.888 5.683 5.085 4.85 4.452 5.997 4.75 4.683 5.726 6.35 10.699 10.35 9.69 8.539 6.11 11.406 7.459 6.677 10.224 13.687 12.656 8.209 14.663 15.802 17.608 12.968 15.418 14.679 11.999 12.31 13.416 15.782 16.944 18.005 15.937 17.772 13.676 17.117 18.628 13.874 20.681 17.313 12.096 12.165 21.361 16.877 13.682 14.891 6.566 8.04 11.146 10.847 12.017 10.151 10.146 11.892 10.099 11.842 13.478 7.624
3.624 4.539 4.465 3.606 5.442 6.062 5.964 5.395 5.098 4.58 6.014 4.693 4.542 5.407 5.933 10.196 10.166 9.848 8.775 6.178 11.29 7.284 6.37 9.476 12.905 12.306 8.08 14.147 15.401 17.759 13.323 15.791 14.817 12.041 12.091 12.941 15.24 16.521 17.8 15.898 17.889 13.76 17.331 19.127 14.42 22.091 18.711 13.283 13.354 23.926 19.047 15.735 17.212 7.479 8.732 11.732 11.409 12.725 10.793 10.842 12.838 10.949 12.912 14.869 8.403
2.531 3.295 3.274 2.642 4.145 4.539 4.367 3.919 3.725 3.401 4.603 3.518 3.469 4.251 4.684 8.009 7.718 7.284 6.38 4.449 8.668 5.455 4.838 7.505 10.025 9.217 5.92 10.938 11.65 13.169 9.66 11.707 10.843 8.739 8.978 9.726 11.532 12.411 13.227 11.573 13.061 9.79 12.6 13.787 10.034 15.893 13.035 8.986 9.269 17.421 13.325 10.847 12.064 4.963 6.348 8.837 8.439 9.358 7.71 7.74 9.265 7.783 9.352 10.746 5.716
2.683 3.401 3.351 2.698 4.104 4.528 4.423 3.997 3.785 3.405 4.485 3.455 3.34 3.981 4.335 7.396 7.272 7.007 6.247 4.405 8.197 5.216 4.566 6.85 9.221 8.679 5.671 10.12 10.923 12.554 9.398 11.262 10.558 8.571 8.659 9.281 10.919 11.79 12.672 11.28 12.754 9.774 12.432 13.739 10.311 16.081 13.596 9.665 9.851 18.041 14.271 11.856 13.15 5.663 6.743 9.097 8.746 9.721 8.183 8.232 9.799 8.333 9.909 11.443 6.391
3.139 3.88 3.82 3.068 4.537 5.06 5.022 4.586 4.326 3.86 4.985 3.885 3.687 4.326 4.687 7.908 8.138 8.068 7.296 5.145 9.221 6.06 5.211 7.538 10.154 9.841 6.541 11.192 12.313 14.422 11.085 13.114 12.371 9.998 9.95 10.504 12.19 13.163 14.206 12.775 14.342 11.115 13.858 15.37 11.774 18.099 15.75 11.379 11.418 20.391 16.691 13.989 15.325 6.681 7.611 9.917 9.455 10.342 8.697 8.653 10.162 8.739 10.307 11.933 6.838
3.82 4.776 4.75 3.891 5.972 6.584 6.359 5.705 5.44 4.993 6.721 5.3 5.227 6.387 7.074 11.929 11.545 10.851 9.557 6.817 12.777 8.326 7.444 11.394 15.226 14.09 9.164 16.387 17.612 19.681 14.542 17.306 16.394 13.394 13.74 14.948 17.587 18.885 20.076 17.757 19.823 15.219 19.091 20.767 15.45 23.174 19.33 13.537 13.656 24.105 18.927 15.397 16.789 7.381 9.073 12.526 12.146 13.444 11.324 11.325 13.299 11.286 13.272 15.105 8.503
2.675 3.482 3.43 2.745 4.421 4.821 4.556 4.019 3.831 3.504 4.828 3.688 3.651 4.532 5.003 8.793 8.244 7.548 6.584 4.691 9.324 5.732 5.131 8.179 11.054 9.944 6.221 11.908 12.588 13.939 9.978 12.107 11.389 9.269 9.613 10.534 12.521 13.404 14.216 12.375 14.031 10.542 13.711 14.985 10.812 17.257 13.928 9.541 9.867 18.807 13.994 11.13 12.365 5.247 6.696 9.46 8.952 9.949 8.14 8.189 9.861 8.16 9.856 11.351 5.968
3.04 3.806 3.721 2.984 4.522 5.11 5.068 4.572 4.293 3.82 5.017 3.914 3.763 4.457 4.915 8.666 8.754 8.52 7.553 5.241 9.544 6.138 5.31 7.85 10.938 10.559 6.87 11.951 13.173 15.371 11.448 13.5 12.629 10.198 10.13 10.794 12.776 13.951 15.122 13.498 15.195 11.612 14.616 16.216 12.185 18.802 15.901 11.204 11.143 20.226 16.091 13.264 14.474 6.167 7.041 9.427 9.267 10.453 8.88 8.918 10.603 9.026 10.673 12.392 6.938
3.263 4.181 4.151 3.386 5.185 5.688 5.53 5.017 4.783 4.374 5.814 4.505 4.431 5.351 5.882 9.909 9.666 9.26 8.212 5.817 10.888 7.012 6.23 9.38 12.445 11.602 7.667 13.675 14.599 16.598 12.445 14.966 13.907 11.307 11.5 12.327 14.494 15.612 16.679 14.738 16.544 12.561 15.892 17.346 12.846 19.92 16.539 11.626 11.86 21.692 16.855 13.952 15.439 6.606 8.106 10.999 10.571 11.716 9.771 9.785 11.605 9.856 11.747 13.468 7.405
2.711 3.426 3.351 2.682 4.094 4.623 4.558 4.1 3.854 3.427 4.523 3.511 3.373 4 4.417 7.843 7.803 7.556 6.706 4.654 8.559 5.452 4.724 7.021 9.854 9.418 6.082 10.681 11.78 13.699 10.12 12.031 11.26 9.08 9.031 9.646 11.457 12.505 13.541 12.046 13.594 10.346 13.091 14.554 10.879 16.929 14.245 10.016 9.996 18.372 14.477 11.936 13.102 5.542 6.337 8.55 8.448 9.54 8.068 8.099 9.651 8.19 9.711 11.301 6.266
2.777 3.621 3.583 2.88 4.53 4.974 4.815 4.335 4.121 3.741 5.055 3.842 3.768 4.593 5.052 8.757 8.462 8.056 7.094 4.931 9.59 5.964 5.259 8.124 10.914 10.078 6.473 11.986 12.77 14.565 10.698 13.007 12.035 9.663 9.846 10.596 12.55 13.53 14.48 12.693 14.361 10.735 13.808 15.132 11.017 17.565 14.403 9.95 10.204 19.321 14.733 12.071 13.48 5.513 6.873 9.495 9.067 10.116 8.354 8.392 10.065 8.449 10.187 11.769 6.263
3.038 3.879 3.808 3.029 4.702 5.252 5.177 4.679 4.407 3.928 5.225 3.972 3.815 4.563 5 8.82 8.799 8.552 7.566 5.186 9.836 6.144 5.288 7.988 10.935 10.363 6.656 12.067 13.105 15.296 11.361 13.644 12.639 10.079 10.054 10.693 12.648 13.749 14.873 13.153 14.893 11.185 14.275 15.841 11.698 18.671 15.684 10.928 11.001 20.924 16.482 13.668 15.196 6.202 7.266 9.846 9.463 10.62 8.854 8.872 10.666 9.025 10.873 12.744 6.896
2.895 3.658 3.688 3.13 4.673 5.043 4.858 4.461 4.328 4.104 5.425 4.351 4.397 5.35 5.925 9.46 9.048 8.556 7.626 5.654 10.204 6.917 6.368 9.432 12.064 11.098 7.678 13.184 13.803 15.19 11.646 13.926 12.993 10.852 11.211 12.05 14.005 14.933 15.722 13.92 15.343 11.847 14.576 15.479 11.567 16.88 13.853 9.906 10.107 17.146 13.297 11.075 12.075 5.708 7.189 9.624 9.315 10.164 8.536 8.485 9.795 8.423 9.841 10.965 6.3
2.898 3.65 3.59 2.891 4.435 4.962 4.896 4.437 4.197 3.776 5.015 3.891 3.773 4.53 5.001 8.735 8.74 8.479 7.516 5.226 9.696 6.193 5.389 8.087 11.043 10.507 6.846 12.145 13.191 15.244 11.384 13.534 12.601 10.146 10.146 10.817 12.751 13.836 14.917 13.243 14.879 11.291 14.205 15.612 11.606 17.915 15.003 10.495 10.469 19.069 15.009 12.362 13.54 5.726 6.696 9.035 8.753 9.801 8.251 8.26 9.814 8.332 9.907 11.476 6.359
