6.186 4.658 5.905 3.913 5.407 6.416 8.456 6.958 8.062 3.095 4.406 8.247 6.512 3.569 3.25 6.837 8.548 7.324 6.918 6.386 10.937 5.058 6.208 7.979 13.107 10.4 7.469 9.471 11.827 11.761 16.087 22.183 10.86 11.39 10.951 10.753 15.3 23.584 21.667 12.11 11.754 10.294 14.413 15.583 24.013 17.822 8.581 10.413 19.298 16.375 16.326 16.461 25.238 14.746 14.612 14.945 13.492 27.305 16.657 12.549 15.889 12.554 11.126 13.6 10.334
5.563 4.257 5.305 3.574 4.857 5.731 7.487 6.22 7.069 2.776 3.905 7.082 5.842 3.225 2.957 5.98 7.654 6.678 6.284 5.824 9.752 4.71 5.74 7.26 11.823 9.685 6.967 8.721 10.791 10.877 14.703 20.196 10.141 10.539 10.133 9.985 14.06 21.448 20.063 11.302 10.979 9.683 13.405 14.486 21.986 16.634 8.147 9.949 17.782 15.227 15.155 15.226 22.804 13.708 13.511 13.786 12.503 24.361 15.344 11.585 14.533 11.547 10.279 12.445 9.557
5.482 4 5.122 3.333 4.774 5.567 7.151 5.811 6.701 2.475 4.017 7.535 5.783 3.067 3.077 7.006 8.086 6.626 6.171 5.772 10.079 4.548 6.018 7.91 12.276 9.348 6.68 9.082 11.21 10.806 14.654 19.694 9.302 10.128 10.16 10.127 14.537 21.407 18.985 10.188 10.459 9.525 13.788 14.344 21.319 15.203 7.083 9.533 18.434 14.563 14.312 14.479 22.065 12.389 12.554 13.096 11.819 24.181 13.935 10.275 13.717 10.751 9.701 12.272 9.072
6.046 4.437 5.674 3.732 5.316 6.181 7.908 6.363 7.263 2.857 4.413 8.265 6.28 3.392 3.341 7.615 8.832 7.255 6.88 6.503 11.378 5.133 6.716 8.803 13.936 10.563 7.58 10.254 12.719 12.288 16.714 22.412 10.8 11.757 11.643 11.562 16.554 24.49 21.604 11.878 12.129 10.901 15.6 16.291 24.407 17.444 8.397 10.754 20.541 16.299 16.094 16.329 24.905 14.085 14.238 14.778 13.283 26.944 15.666 11.676 15.267 11.917 10.696 13.355 9.967
5.458 3.903 5.039 3.215 4.697 5.491 7.073 5.598 6.36 2.364 3.914 7.501 5.589 2.901 2.936 6.965 8.014 6.426 5.934 5.534 9.897 4.297 5.799 7.709 12.203 9.075 6.348 8.79 10.95 10.475 14.326 19.28 8.829 9.735 9.808 9.814 14.312 21.346 18.618 9.761 10.131 9.228 13.592 14.109 21.353 14.911 6.821 9.281 18.484 14.326 14 14.161 22.047 12.025 12.237 12.837 11.528 24.427 13.708 10.006 13.554 10.474 9.42 12.052 8.786
5.501 3.976 5.19 3.349 4.852 5.665 7.36 5.86 6.819 2.665 4.058 7.709 5.692 3.036 2.92 6.698 7.732 6.275 5.984 5.623 10 4.333 5.646 7.386 11.951 8.903 6.384 8.63 10.715 10.314 14.254 19.302 9.116 10.031 9.788 9.636 13.974 21.118 18.469 10.122 10.317 9.101 13.142 13.803 21.354 15.047 7.163 9.05 17.88 14.082 14.068 14.326 22.477 12.379 12.64 13.103 11.726 24.935 14.052 10.545 13.982 10.783 9.637 12.12 8.931
5.481 3.94 5.184 3.318 4.855 5.688 7.464 5.956 6.96 2.684 4.139 7.864 5.746 3.004 2.882 6.651 7.587 6.09 5.749 5.377 9.649 4.109 5.367 6.995 11.317 8.376 5.947 8.091 10.025 9.602 13.336 18.208 8.484 9.338 9.121 8.951 13.051 19.854 17.369 9.404 9.624 8.479 12.344 12.908 20.203 14.182 6.678 8.563 17.175 13.368 13.373 13.671 21.779 11.882 12.185 12.686 11.34 24.705 13.757 10.301 13.882 10.651 9.524 12.085 8.818
5.669 4.214 5.282 3.529 4.934 5.709 7.195 5.841 6.287 2.696 4.158 7.564 5.868 3.252 3.273 7.201 8.316 6.886 6.437 6.063 10.272 4.882 6.386 8.352 12.769 9.859 7.132 9.578 11.804 11.429 15.204 19.932 10.014 10.801 10.917 10.978 15.453 22.302 19.841 11.085 11.356 10.476 14.853 15.469 22.439 16.319 7.977 10.438 19.424 15.621 15.286 15.424 22.911 13.317 13.395 13.964 12.672 24.749 14.828 11.075 14.403 11.455 10.377 12.909 9.764
6.079 4.58 5.787 3.765 5.17 6.322 8.603 6.99 8.128 2.958 4.067 8.085 6.565 3.47 3.007 6.423 8.875 7.646 7.082 6.416 11.277 5.149 6.112 7.833 13.753 11.094 7.659 9.457 12.068 12.241 16.987 24.263 11.462 11.532 10.794 10.501 15.216 24.919 23.245 12.458 11.522 9.698 13.613 15.144 24.456 18.228 8.261 9.594 17.869 15.961 15.856 15.834 25.003 14.458 13.872 13.893 12.429 26.39 16.247 11.772 14.549 11.337 9.851 11.982 9.025
5.52 4.114 5.172 3.464 4.85 5.625 7.135 5.837 6.556 2.677 4.105 7.455 5.791 3.186 3.164 6.916 7.979 6.604 6.179 5.816 9.882 4.665 6.068 7.902 12.132 9.379 6.776 9.077 11.183 10.836 14.476 19.194 9.561 10.336 10.396 10.415 14.671 21.278 19.02 10.632 10.878 9.983 14.142 14.746 21.531 15.716 7.704 10.034 18.673 15.033 14.747 14.922 22.286 12.994 13.101 13.668 12.407 24.311 14.631 10.97 14.278 11.355 10.273 12.759 9.655
5.775 4.399 5.52 3.707 5.076 5.936 7.69 6.389 7.26 2.854 4.097 7.522 6.077 3.392 3.184 6.79 8.333 7.288 6.949 6.496 11.013 5.262 6.517 8.393 13.406 10.8 7.845 10.049 12.398 12.284 16.649 22.68 11.455 11.902 11.528 11.329 15.909 23.849 22.059 12.48 12.178 10.78 14.926 15.844 23.705 17.727 8.694 10.603 19.255 15.989 15.841 15.961 23.86 14.156 13.968 14.264 12.837 25.039 15.439 11.575 14.549 11.476 10.182 12.371 9.42
5.568 4.315 5.344 3.68 4.963 5.75 7.318 6.166 6.941 2.846 4.046 7.069 5.76 3.282 3.113 6.297 7.541 6.619 6.335 5.98 9.841 4.902 6.046 7.696 11.884 9.743 7.223 9.21 11.242 11.151 14.874 19.984 10.499 11.003 10.802 10.688 14.751 21.519 20.077 11.715 11.623 10.515 14.432 15.275 22.257 16.993 8.666 10.763 19.031 15.901 15.717 15.866 23.121 14.148 14.06 14.479 13.184 24.613 15.633 11.941 15.043 12.104 10.875 13.127 10.154
5.539 4.289 5.373 3.588 4.86 5.771 7.813 6.62 7.518 2.886 3.972 7.04 6.121 3.284 2.92 5.704 7.509 6.771 6.306 5.76 9.624 4.699 5.62 6.865 11.37 9.741 6.921 8.466 10.309 10.579 14.5 20.494 10.41 10.522 9.783 9.48 13.327 20.978 20.519 11.406 10.816 9.229 12.541 13.632 21.43 16.693 8.034 9.551 16.811 14.601 14.842 14.888 22.604 13.776 13.452 13.457 12.08 24.074 15.63 11.669 14.429 11.305 9.976 12.001 9.121
5.515 4.197 5.267 3.515 4.807 5.725 7.561 6.252 7.196 2.762 3.893 7.211 5.853 3.192 2.89 5.924 7.63 6.582 6.169 5.684 9.637 4.555 5.532 7.025 11.604 9.403 6.703 8.394 10.472 10.529 14.328 19.873 9.787 10.165 9.734 9.563 13.56 21.013 19.585 10.908 10.519 9.19 12.798 13.909 21.438 16.138 7.757 9.403 17.076 14.749 14.681 14.761 22.482 13.349 13.131 13.376 12.104 24.19 15.099 11.326 14.233 11.275 9.996 12.15 9.274
5.156 3.936 4.993 3.344 4.604 5.423 7.161 6.026 6.981 2.724 3.864 7.008 5.586 3.073 2.814 5.832 7.047 6.102 5.779 5.356 9.078 4.282 5.235 6.656 10.653 8.587 6.224 7.923 9.746 9.651 13.175 18.212 9.195 9.571 9.212 8.994 12.638 19.195 17.943 10.185 9.925 8.723 12.078 12.876 19.649 14.834 7.27 8.849 16.258 13.599 13.6 13.787 21.014 12.491 12.403 12.704 11.453 22.897 14.179 10.721 13.625 10.777 9.57 11.662 8.851
5.295 3.918 4.963 3.268 4.609 5.365 6.875 5.603 6.179 2.468 3.873 7.048 5.365 2.906 2.9 6.329 7.233 5.92 5.486 5.114 8.691 4.017 5.243 6.808 10.441 8.016 5.755 7.71 9.463 9.128 12.218 16.173 7.893 8.6 8.668 8.696 12.342 18.03 16.089 8.876 9.158 8.434 12.094 12.654 18.737 13.639 6.561 8.726 16.605 13.363 13.154 13.326 20.207 11.631 11.77 12.32 11.197 22.589 13.452 10.065 13.355 10.599 9.606 12.078 9.07
5.083 3.734 4.802 3.137 4.484 5.25 6.823 5.604 6.526 2.425 3.832 7.112 5.435 2.87 2.81 6.24 7.149 5.855 5.455 5.084 8.82 3.966 5.158 6.7 10.403 7.955 5.685 7.646 9.402 9.07 12.321 16.685 7.953 8.631 8.591 8.511 12.171 18.026 16.142 8.754 8.954 8.102 11.671 12.181 18.299 13.199 6.216 8.269 15.966 12.689 12.56 12.778 19.66 11.142 11.328 11.84 10.705 22.076 12.864 9.592 12.836 10.087 9.1 11.491 8.523
5.849 4.373 5.536 3.712 5.208 6.056 7.765 6.41 7.341 3 4.513 8.068 6.232 3.398 3.29 6.966 7.939 6.524 6.088 5.702 9.621 4.498 5.759 7.372 11.295 8.72 6.3 8.362 10.226 9.881 13.23 17.631 8.825 9.604 9.561 9.502 13.356 19.488 17.528 9.878 10.148 9.244 13.072 13.665 20.239 14.889 7.371 9.572 17.869 14.44 14.278 14.544 22.017 12.899 13.132 13.753 12.521 24.887 15.086 11.456 15.064 12.01 10.889 13.548 10.268
6.119 4.542 5.865 3.851 5.434 6.39 8.425 6.939 8.19 3.178 4.648 8.554 6.483 3.52 3.246 6.845 7.96 6.61 6.244 5.759 9.856 4.399 5.476 6.976 11.123 8.545 6.167 7.977 9.799 9.527 13.042 17.796 8.636 9.307 8.99 8.793 12.518 18.997 17.159 9.654 9.624 8.47 11.981 12.774 19.774 14.477 7.035 8.722 16.707 13.738 13.843 14.113 22.015 12.64 12.844 13.31 12.045 25.105 14.889 11.417 14.927 11.791 10.566 13.132 9.896
5.925 4.357 5.618 3.642 5.152 6.091 8.039 6.495 7.56 2.855 4.172 8.07 6.157 3.335 3.078 6.921 8.447 7.135 6.788 6.287 11.1 4.912 6.168 8.07 13.397 10.303 7.357 9.573 12 11.782 16.325 22.485 10.7 11.319 10.882 10.67 15.427 23.86 21.418 11.762 11.48 9.986 14.211 15.235 23.77 17.111 8.074 9.783 18.907 15.532 15.519 15.669 24.461 13.759 13.703 14.019 12.542 26.361 15.323 11.434 14.656 11.378 10.046 12.436 9.288
6.198 4.657 5.932 3.952 5.516 6.452 8.399 6.969 8.067 3.155 4.644 8.475 6.581 3.608 3.407 7.284 8.537 7.215 6.847 6.395 10.934 5.049 6.356 8.172 12.926 10.119 7.338 9.587 11.803 11.545 15.717 21.392 10.6 11.299 11.036 10.871 15.384 22.982 20.929 11.794 11.773 10.488 14.75 15.579 23.529 17.372 8.51 10.633 19.871 16.244 16.203 16.456 25.056 14.626 14.697 15.184 13.719 27.533 16.608 12.583 16.245 12.837 11.496 14.167 10.71
6.073 4.684 5.866 3.945 5.362 6.357 8.481 7.167 8.216 3.19 4.457 7.926 6.644 3.592 3.238 6.363 8.103 7.1 6.612 6.072 10.11 4.896 5.888 7.266 11.825 9.881 7.049 8.735 10.685 10.827 14.709 20.549 10.403 10.681 10.123 9.891 13.883 21.483 20.618 11.557 11.146 9.685 13.311 14.421 22.317 17.226 8.378 10.148 18.099 15.667 15.782 15.901 24.114 14.657 14.443 14.655 13.272 26.308 16.909 12.736 15.992 12.692 11.302 13.687 10.464
5.681 4.277 5.393 3.638 5.05 5.855 7.468 6.232 7.188 2.853 4.358 7.771 6.111 3.398 3.342 7.01 8.038 6.73 6.317 5.932 9.9 4.771 6.086 7.797 11.744 9.221 6.798 8.951 10.879 10.577 14.086 18.736 9.446 10.169 10.162 10.1 14.085 20.326 18.426 10.446 10.632 9.714 13.614 14.215 20.673 15.302 7.574 9.858 18.134 14.762 14.628 14.849 22.053 13.051 13.206 13.735 12.523 24.371 14.792 11.217 14.638 11.746 10.673 13.23 10.049
5.386 3.981 5.062 3.354 4.734 5.493 6.996 5.73 6.595 2.537 4.016 7.388 5.735 3.132 3.14 6.96 8.029 6.656 6.25 5.883 10.106 4.709 6.16 8.036 12.324 9.49 6.898 9.28 11.395 11.026 14.839 19.802 9.623 10.429 10.45 10.405 14.741 21.46 19.116 10.522 10.755 9.799 13.952 14.498 21.252 15.331 7.358 9.704 18.286 14.574 14.361 14.536 21.809 12.507 12.644 13.134 11.88 23.636 13.849 10.322 13.562 10.719 9.692 12.121 9.061
5.38 4.13 5.128 3.434 4.641 5.477 7.215 5.98 6.712 2.614 3.628 6.589 5.647 3.111 2.832 5.705 7.557 6.782 6.382 5.891 9.859 4.811 5.824 7.305 12.057 10.1 7.234 8.942 10.993 11.202 15.221 21.023 10.602 10.827 10.26 10.039 14.146 21.855 20.734 11.601 11.101 9.657 13.23 14.336 21.987 16.731 8.129 9.778 17.212 14.767 14.772 14.779 22.079 13.301 12.986 13.103 11.802 23.017 14.596 10.925 13.534 10.628 9.386 11.294 8.65
6.181 4.479 5.712 3.728 5.353 6.211 7.861 6.239 7.048 2.738 4.42 8.459 6.418 3.437 3.495 8.299 9.621 7.823 7.342 6.938 12.268 5.504 7.356 9.773 15.388 11.523 8.174 11.242 14.007 13.457 18.236 24.261 11.477 12.484 12.528 12.525 18.034 26.504 23.057 12.404 12.729 11.556 16.701 17.307 25.642 18.014 8.5 11.128 21.47 16.773 16.4 16.587 25.221 14.048 14.17 14.746 13.223 26.892 15.331 11.237 14.772 11.476 10.324 13.023 9.646
5.901 4.471 5.631 3.819 5.279 6.128 7.842 6.574 7.578 3.043 4.556 8.094 6.364 3.542 3.439 7.172 8.23 6.911 6.507 6.11 10.196 4.899 6.204 7.931 12.03 9.473 6.963 9.131 11.12 10.83 14.456 19.321 9.803 10.506 10.453 10.373 14.453 20.95 19.077 10.893 11.037 10.05 14.037 14.685 21.462 15.991 7.992 10.254 18.772 15.335 15.217 15.469 23.026 13.73 13.862 14.411 13.134 25.498 15.635 11.914 15.443 12.398 11.237 13.857 10.568
4.856 3.563 4.626 2.994 4.253 5.037 6.674 5.397 6.361 2.414 3.517 6.744 5.071 2.742 2.507 5.531 6.653 5.557 5.285 4.879 8.581 3.755 4.701 6.117 10.113 7.718 5.534 7.186 8.987 8.793 12.2 16.803 7.972 8.54 8.205 8.029 11.605 17.988 16.102 8.906 8.741 7.6 10.835 11.654 18.311 13.185 6.246 7.595 14.81 12.204 12.253 12.415 19.553 10.971 11.028 11.333 10.173 21.631 12.531 9.459 12.238 9.546 8.451 10.494 7.839
5.481 4.344 5.45 3.725 5.001 5.866 7.789 6.751 7.725 3.087 4.229 7.233 6.053 3.402 3.071 5.882 7.142 6.497 6.197 5.734 9.357 4.67 5.569 6.862 10.703 9.195 6.795 8.395 10.071 10.095 13.734 19.197 10.251 10.484 9.939 9.55 13.063 19.785 19.478 11.396 10.985 9.589 12.828 13.612 20.648 16.396 8.267 9.981 17.442 14.74 14.836 15.112 22.591 14.01 13.858 14.101 12.684 24.382 15.927 12.181 15.283 12.132 10.73 12.85 9.828
5.008 3.701 4.739 3.126 4.432 5.165 6.662 5.424 6.239 2.437 3.715 6.886 5.25 2.841 2.757 6.143 7.117 5.888 5.585 5.257 9.141 4.135 5.347 6.959 11.008 8.418 6.062 8.12 10.04 9.728 13.257 17.897 8.678 9.402 9.271 9.175 13.099 19.455 17.338 9.604 9.754 8.739 12.452 13.042 19.641 14.18 6.861 8.743 16.632 13.293 13.19 13.403 20.494 11.689 11.817 12.259 11.039 22.421 13.153 9.875 12.908 10.11 9.071 11.293 8.449
