4.345 4.412 7.36 5.02 7.464 8.783 8.672 8.141 9.779 5.025 4.906 7.486 6.864 5 3.851 12.525 13.834 11.785 11.192 8.157 14.997 7.591 5.692 6.161 12.938 10.063 7.558 9.476 13.361 15.6 16.287 19.051 14.447 13.574 14.165 9.92 15.692 20.924 21.366 12.292 11.143 8.747 9.942 12.292 14.963 19.545 9.883 11.218 15.805 15.055 13.704 16.552 25 12.264 11.035 12.736 14.177 14.869 14.108 12.246 14.115 14.034 11.437 14.963 6.867
3.729 3.839 6.626 4.399 6.71 7.92 7.771 7.249 8.787 4.325 4.271 6.715 6.103 4.362 3.328 11.577 12.689 10.632 10.03 7.167 13.679 6.62 4.92 5.41 11.837 9.008 6.648 8.479 12.135 14.179 14.746 17.307 12.862 12.063 12.641 8.666 14.171 19.081 19.378 10.756 9.771 7.598 8.774 10.993 13.478 17.754 8.575 9.901 14.232 13.454 12.159 14.844 22.811 10.676 9.626 11.269 12.624 13.252 12.513 10.768 12.544 12.458 10.027 13.369 5.825
3.168 3.218 5.675 3.677 5.758 6.882 6.781 6.329 7.769 3.711 3.609 5.754 5.188 3.65 2.722 10.259 11.281 9.422 8.929 6.299 12.421 5.779 4.212 4.561 10.455 7.812 5.7 7.339 10.742 12.709 13.292 15.787 11.59 10.839 11.349 7.632 12.718 17.368 17.65 9.577 8.635 6.583 7.555 9.53 11.845 15.928 7.473 8.629 12.587 11.852 10.675 13.178 20.755 9.396 8.406 9.838 11.033 11.608 10.944 9.363 10.971 10.865 8.658 11.698 4.94
4.163 4.241 7.142 4.814 7.205 8.475 8.349 7.819 9.423 4.754 4.649 7.147 6.516 4.699 3.592 11.876 13.091 11.112 10.545 7.626 14.21 7.066 5.267 5.714 12.124 9.357 6.971 8.762 12.386 14.466 15.103 17.731 13.379 12.58 13.153 9.13 14.619 19.599 20.061 11.411 10.359 8.091 9.242 11.478 14.022 18.435 9.184 10.516 14.959 14.255 12.978 15.788 24.168 11.688 10.56 12.283 13.739 14.46 13.744 11.932 13.86 13.811 11.218 14.817 6.66
3.032 3.05 5.407 3.456 5.474 6.584 6.501 6.069 7.503 3.544 3.411 5.441 4.877 3.402 2.5 9.772 10.814 8.994 8.542 6.003 12.055 5.502 3.975 4.242 9.942 7.35 5.325 6.874 10.186 12.14 12.729 15.211 11.117 10.408 10.914 7.302 12.262 16.865 17.146 9.208 8.3 6.287 7.171 9.06 11.346 15.445 7.161 8.283 12.177 11.454 10.305 12.81 20.46 9.152 8.176 9.583 10.755 11.333 10.691 9.146 10.761 10.641 8.447 11.485 4.815
4.664 4.726 7.794 5.436 8.004 9.41 9.314 8.765 10.46 5.487 5.36 8.103 7.523 5.577 4.353 13.649 15.139 13.01 12.349 9.057 16.319 8.436 6.387 6.913 14.243 11.257 8.589 10.705 14.972 17.437 18.191 21.143 16.072 15.07 15.655 11.05 17.226 22.798 23.209 13.513 12.231 9.634 10.9 13.423 16.266 21.046 10.814 12.144 16.864 16.054 14.626 17.492 25.953 12.87 11.551 13.182 14.604 15.268 14.453 12.526 14.303 14.208 11.635 15.075 7.046
3.46 3.529 5.934 4.028 6.03 7.095 6.993 6.558 7.893 4.014 3.936 6.047 5.54 4.029 3.103 10.218 11.23 9.54 9.06 6.576 12.195 6.095 4.575 4.975 10.534 8.15 6.119 7.706 10.888 12.699 13.241 15.497 11.68 10.98 11.465 7.982 12.733 16.991 17.297 9.864 8.965 7.017 8.007 9.93 12.103 15.827 7.906 9.023 12.756 12.112 11.011 13.331 20.193 9.751 8.803 10.187 11.349 11.9 11.271 9.758 11.274 11.201 9.1 11.966 5.41
4.179 4.221 7.148 4.799 7.249 8.582 8.49 7.967 9.645 4.829 4.684 7.219 6.587 4.744 3.6 12.229 13.531 11.544 10.999 7.922 14.897 7.319 5.419 5.829 12.566 9.673 7.214 9.088 12.957 15.236 15.98 18.866 14.178 13.307 13.879 9.562 15.369 20.709 21.216 12.001 10.836 8.375 9.511 11.828 14.529 19.258 9.52 10.855 15.467 14.715 13.387 16.322 25.165 12.022 10.805 12.496 13.95 14.68 13.933 12.052 13.986 13.905 11.251 14.896 6.628
3.615 3.633 5.952 4.087 6 7.052 6.988 6.581 7.889 4.111 3.974 5.963 5.463 3.989 3.06 9.681 10.748 9.246 8.834 6.486 11.79 6.05 4.529 4.836 9.98 7.816 5.888 7.305 10.242 11.987 12.574 14.76 11.317 10.66 11.114 7.837 12.243 16.319 16.79 9.813 8.885 6.981 7.861 9.657 11.745 15.381 7.942 8.966 12.565 12.047 11.026 13.312 20.156 10.122 9.116 10.48 11.655 12.257 11.699 10.228 11.779 11.738 9.623 12.52 5.873
3.344 3.336 5.597 3.785 5.712 6.816 6.795 6.406 7.767 3.928 3.765 5.749 5.268 3.811 2.88 9.833 11.037 9.512 9.113 6.589 12.328 6.094 4.493 4.758 10.274 7.972 5.97 7.491 10.754 12.76 13.456 15.924 12.009 11.241 11.677 8.066 12.83 17.297 17.728 10.095 9.055 6.976 7.827 9.689 11.931 15.868 7.935 8.938 12.632 12.019 10.92 13.243 20.295 9.789 8.713 9.964 11.049 11.592 10.989 9.497 10.93 10.815 8.754 11.495 5.204
4.019 4.013 6.364 4.535 6.488 7.63 7.64 7.253 8.599 4.675 4.49 6.558 6.107 4.562 3.547 10.401 11.853 10.481 10.075 7.524 13.082 7.042 5.312 5.611 11.084 9.002 6.919 8.441 11.682 13.741 14.515 16.939 13.226 12.419 12.838 9.217 13.912 18.329 18.933 11.416 10.274 8.139 9.061 11.022 13.337 17.283 9.358 10.395 14.215 13.712 12.58 14.894 21.773 11.434 10.208 11.514 12.648 13.203 12.586 11.043 12.483 12.364 10.211 12.915 6.371
3.879 3.894 6.237 4.429 6.386 7.497 7.467 7.06 8.363 4.52 4.369 6.451 6.01 4.492 3.508 10.51 11.79 10.281 9.819 7.303 12.785 6.823 5.169 5.517 11.064 8.901 6.83 8.401 11.665 13.631 14.278 16.556 12.818 12.023 12.454 8.932 13.601 17.888 18.325 10.966 9.898 7.868 8.823 10.784 13.041 16.805 8.998 10.003 13.694 13.148 12.027 14.235 20.729 10.803 9.645 10.914 12.016 12.545 11.941 10.456 11.819 11.712 9.678 12.286 6.04
4.07 4.035 6.931 4.539 7.011 8.425 8.391 7.888 9.691 4.707 4.471 6.935 6.268 4.426 3.259 11.942 13.409 11.453 10.997 7.822 15.235 7.184 5.198 5.454 12.281 9.304 6.842 8.657 12.649 15.137 16.026 19.23 14.313 13.422 13.997 9.461 15.474 21.221 21.84 12.097 10.843 8.205 9.213 11.508 14.363 19.551 9.409 10.734 15.542 14.775 13.42 16.588 26.386 12.237 10.929 12.639 14.134 14.933 14.186 12.23 14.301 14.186 11.369 15.255 6.599
4.042 4.023 7.016 4.521 7.084 8.524 8.454 7.922 9.783 4.668 4.448 6.981 6.268 4.386 3.21 12.205 13.623 11.472 10.981 7.761 15.427 7.109 5.128 5.395 12.44 9.279 6.764 8.635 12.729 15.227 16.059 19.284 14.215 13.346 13.969 9.375 15.574 21.437 21.95 11.949 10.761 8.127 9.176 11.528 14.448 19.758 9.304 10.712 15.678 14.835 13.427 16.705 26.806 12.165 10.898 12.707 14.254 15.066 14.285 12.285 14.455 14.326 11.422 15.476 6.57
4.163 4.102 6.814 4.582 6.884 8.234 8.236 7.774 9.464 4.749 4.492 6.775 6.177 4.427 3.291 11.152 12.709 11.028 10.64 7.675 14.475 7.08 5.173 5.375 11.577 8.985 6.696 8.321 11.966 14.311 15.2 18.184 13.755 12.938 13.457 9.256 14.745 20.077 20.796 11.85 10.638 8.13 9.042 11.174 13.86 18.728 9.357 10.577 15.064 14.447 13.212 16.187 25.38 12.239 10.968 12.576 14.018 14.819 14.155 12.311 14.291 14.206 11.511 15.206 6.858
4.127 4.134 6.788 4.643 6.835 8.044 7.983 7.522 9.035 4.673 4.499 6.75 6.175 4.493 3.427 10.896 12.123 10.478 10.034 7.341 13.388 6.823 5.082 5.4 11.168 8.738 6.579 8.147 11.424 13.397 14.091 16.604 12.718 11.975 12.469 8.742 13.688 18.306 18.903 11.021 9.959 7.771 8.729 10.727 13.081 17.231 8.855 10.009 14.071 13.508 12.385 15.014 22.948 11.453 10.325 11.872 13.224 13.942 13.33 11.655 13.471 13.45 11.013 14.401 6.68
3.185 3.282 6.069 3.773 6.126 7.365 7.195 6.651 8.271 3.735 3.672 6.098 5.418 3.701 2.711 11.328 12.382 10.071 9.422 6.465 13.444 5.897 4.231 4.659 11.364 8.225 5.826 7.68 11.511 13.658 14.205 16.943 12.108 11.28 11.889 7.789 13.581 18.835 19.026 9.826 8.865 6.684 7.827 10.055 12.636 17.223 7.602 8.962 13.465 12.563 11.194 14.029 22.667 9.684 8.654 10.334 11.699 12.329 11.552 9.777 11.626 11.499 9.013 12.489 4.951
3.52 3.596 6.241 4.127 6.356 7.547 7.429 6.942 8.447 4.142 4.058 6.397 5.816 4.156 3.154 11.284 12.368 10.37 9.814 7.001 13.458 6.449 4.769 5.202 11.566 8.761 6.475 8.285 11.958 14.038 14.628 17.217 12.742 11.927 12.471 8.508 13.938 18.814 19.058 10.531 9.53 7.358 8.447 10.592 13.041 17.271 8.292 9.526 13.698 12.907 11.646 14.229 21.924 10.157 9.111 10.611 11.856 12.431 11.714 10.049 11.683 11.573 9.292 12.407 5.384
4.326 4.365 6.948 4.943 7.07 8.233 8.164 7.716 9.117 4.97 4.839 7.107 6.611 4.963 3.908 11.356 12.599 10.961 10.474 7.844 13.646 7.359 5.637 6.05 11.898 9.559 7.377 9.047 12.41 14.374 15.017 17.386 13.525 12.764 13.264 9.578 14.527 19.001 19.461 11.748 10.697 8.56 9.607 11.684 14.025 17.955 9.663 10.793 14.756 14.173 13.02 15.451 22.553 11.786 10.651 12.107 13.362 13.971 13.324 11.7 13.287 13.225 10.969 13.973 6.871
3.778 3.701 6.232 4.215 6.413 7.776 7.835 7.408 9.033 4.507 4.237 6.461 5.95 4.278 3.178 11.179 12.983 11.347 10.886 7.778 14.663 7.155 5.174 5.371 11.803 9.256 6.906 8.628 12.566 15.176 16.171 19.301 14.471 13.438 13.859 9.45 15.043 20.571 21.255 11.98 10.578 7.996 8.862 10.993 13.703 18.558 9.196 10.239 14.503 13.837 12.55 15.248 23.706 11.277 9.896 11.199 12.406 13.048 12.367 10.635 12.221 12.074 9.718 12.806 5.713
4.454 4.533 7.507 5.19 7.675 9.007 8.897 8.364 10.003 5.205 5.103 7.744 7.154 5.278 4.111 13.02 14.341 12.277 11.667 8.544 15.519 7.942 6.018 6.533 13.53 10.608 8.066 10.086 14.123 16.425 17.119 19.929 15.119 14.212 14.798 10.416 16.351 21.649 22.015 12.757 11.595 9.134 10.371 12.79 15.506 20.095 10.248 11.594 16.179 15.381 14.012 16.821 25.081 12.341 11.134 12.775 14.174 14.827 14.041 12.176 13.96 13.863 11.331 14.747 6.832
3.391 3.475 6.021 3.966 6.088 7.204 7.08 6.609 8.044 3.918 3.848 6.06 5.489 3.902 2.953 10.454 11.451 9.609 9.104 6.484 12.502 5.967 4.41 4.818 10.65 8.057 5.933 7.574 10.889 12.77 13.32 15.727 11.66 10.946 11.47 7.811 12.843 17.375 17.686 9.763 8.863 6.84 7.877 9.883 12.17 16.161 7.742 8.961 12.946 12.24 11.075 13.593 21.133 9.786 8.837 10.352 11.611 12.215 11.55 9.94 11.624 11.547 9.271 12.428 5.353
4.316 4.345 7.266 4.982 7.486 8.899 8.837 8.309 9.991 5.132 4.964 7.585 7.003 5.128 3.935 13.184 14.687 12.535 11.906 8.65 15.913 7.998 5.964 6.39 13.698 10.694 8.057 10.129 14.476 17.033 17.775 20.717 15.607 14.557 15.109 10.557 16.662 22.22 22.524 12.898 11.607 9.073 10.256 12.719 15.587 20.399 10.318 11.571 16.177 15.335 13.876 16.63 24.776 12.118 10.753 12.283 13.585 14.193 13.415 11.597 13.234 13.058 10.623 13.831 6.412
4.297 4.285 7.542 4.993 7.795 9.415 9.361 8.758 10.717 5.152 4.927 7.823 7.176 5.097 3.791 14.227 16.035 13.624 12.873 9.019 17.559 8.257 5.952 6.366 14.623 11.178 8.223 10.491 15.414 18.417 19.386 23.028 16.87 15.612 16.181 10.837 17.858 24.54 25.087 13.664 12.09 9.092 10.322 13.042 16.31 22.032 10.416 11.751 16.975 16.044 14.453 17.712 27.805 12.631 11.097 12.751 14.268 15.032 14.161 12.05 13.986 13.859 11.062 14.864 6.305
4.186 4.11 7.449 4.68 7.609 9.324 9.269 8.656 10.846 4.934 4.632 7.472 6.7 4.6 3.274 13.85 15.659 13.048 12.467 8.603 17.9 7.774 5.481 5.697 14.104 10.327 7.418 9.59 14.596 17.714 18.714 22.676 16.292 15.216 15.914 10.379 17.817 25.003 25.439 13.304 11.892 8.755 9.877 12.623 16.158 22.627 10.118 11.671 17.462 16.398 14.726 18.56 30.591 13.055 11.6 13.563 15.285 16.192 15.263 12.964 15.376 15.161 11.89 16.454 6.607
3.405 3.385 5.48 3.814 5.564 6.579 6.579 6.232 7.471 3.939 3.771 5.598 5.172 3.805 2.915 9.08 10.291 9.037 8.697 6.412 11.53 5.997 4.476 4.72 9.646 7.683 5.839 7.19 10.087 11.918 12.618 14.883 11.49 10.799 11.2 7.91 12.199 16.272 16.837 9.94 8.927 6.97 7.757 9.473 11.524 15.119 7.923 8.835 12.251 11.771 10.78 12.929 19.453 9.882 8.823 10.004 11.046 11.577 11.03 9.622 10.978 10.897 8.931 11.501 5.455
4.053 3.964 6.309 4.406 6.415 7.777 7.988 7.667 9.253 4.846 4.537 6.579 6.068 4.447 3.365 10.364 12.699 11.65 11.322 8.25 14.665 7.597 5.547 5.677 11.36 9.317 7.123 8.71 12.345 15.097 16.442 19.682 15.146 14.03 14.303 9.958 15.102 20.5 21.703 12.721 11.17 8.527 9.265 11.204 13.823 18.779 9.938 10.979 15.128 14.608 13.357 15.946 24.225 12.241 10.707 11.871 12.956 13.574 12.965 11.29 12.804 12.64 10.278 13.113 6.216
4.185 4.088 6.844 4.573 6.899 8.294 8.331 7.876 9.625 4.784 4.484 6.793 6.179 4.392 3.229 11.185 12.845 11.253 10.862 7.782 14.761 7.195 5.181 5.352 11.619 9.022 6.682 8.296 11.972 14.411 15.423 18.601 14.087 13.192 13.682 9.323 14.888 20.448 21.403 12.153 10.78 8.132 9 11.122 13.836 18.87 9.384 10.549 15.101 14.533 13.306 16.376 26.094 12.558 11.153 12.747 14.228 15.087 14.431 12.519 14.569 14.531 11.743 15.588 6.917
4.987 5.008 8.235 5.627 8.292 9.756 9.67 9.105 10.937 5.661 5.465 8.219 7.516 5.468 4.179 13.35 14.82 12.75 12.192 8.928 16.314 8.314 6.205 6.614 13.72 10.711 8.052 9.999 14.046 16.459 17.281 20.333 15.56 14.656 15.28 10.731 16.824 22.48 23.15 13.475 12.194 9.547 10.746 13.214 16.099 21.159 10.859 12.282 17.27 16.554 15.152 18.347 27.947 13.941 12.562 14.46 16.099 16.949 16.181 14.138 16.323 16.276 13.321 17.396 8.091
3.779 3.816 6.247 4.384 6.442 7.595 7.534 7.091 8.428 4.47 4.343 6.539 6.085 4.522 3.527 11.114 12.353 10.595 10.038 7.389 13.166 6.876 5.191 5.593 11.579 9.191 6.996 8.719 12.261 14.308 14.876 17.166 13.102 12.227 12.678 9.022 13.95 18.386 18.644 10.943 9.867 7.832 8.858 10.921 13.257 17.072 8.932 9.944 13.691 13.046 11.847 14.032 20.397 10.391 9.223 10.481 11.555 12.049 11.416 9.933 11.233 11.1 9.128 11.685 5.643
