4.592 4.147 7.422 3.356 5.218 6.578 7.938 6.118 7.226 3.137 5.522 9.655 5.364 3.233 2.497 9.2 12.888 10.159 9.072 7.701 11.002 4.907 5.056 4.932 9.873 5.999 4.197 6.923 5.471 9.819 10.577 13.124 9.044 8.233 10.933 7.366 9.366 12.024 11.628 8.861 8.767 6.876 10.582 11.152 16.002 16.108 9.451 10.584 15.341 12.156 12.969 13.379 17.5 9.132 9.988 10.442 11.315 15.351 10.737 10.977 11.371 9.776 9.822 11.648 7.263
4.939 4.463 7.845 3.495 5.485 6.938 8.391 6.392 7.439 3.162 5.579 9.611 5.317 3.318 2.63 9.937 13.443 9.988 8.616 7.178 10.286 4.58 4.805 4.792 9.852 5.997 4.199 7.005 5.486 9.746 10.219 12.603 8.74 8.223 11.536 8.108 10.676 13.749 12.587 8.76 8.155 6.221 9.292 9.616 13.748 14.022 8.368 9.952 15.29 12.791 14.152 15.179 20.221 10.499 11.539 12.041 12.999 17.583 12.293 12.753 13.296 11.414 11.555 13.849 8.716
5.314 4.86 8.887 3.951 6.103 7.465 8.621 6.364 7.486 3.201 5.657 9.797 5.391 3.274 2.552 9.47 13.121 10.256 9.047 7.469 10.476 4.524 4.755 4.64 9.721 5.938 4.129 6.932 5.374 9.833 10.403 12.76 8.66 7.893 10.844 7.664 10.357 13.87 13.046 9.231 8.9 6.908 10.223 10.046 13.068 12.832 7.294 8.617 13.047 11.039 12.543 14.392 19.76 10.555 11.617 12.565 13.844 18.913 12.991 13.05 13.147 10.979 11.1 13.286 8.456
5.587 4.942 8.455 3.622 5.462 6.711 8.126 6.307 7.4 3.126 5.488 9.398 5.135 3.17 2.494 9.519 13.641 10.366 8.74 7.129 10.241 4.665 4.944 4.891 9.938 6.101 4.3 7.142 5.53 9.877 10.298 12.424 8.618 8.156 11.711 8.593 11.19 14.311 13.454 9.429 8.393 5.896 8.483 8.591 12.198 12.833 8.039 9.67 14.983 13.331 15.158 16.057 21.427 11.334 12.326 12.565 13.08 16.973 11.54 11.786 12.314 10.675 10.732 12.848 8.048
6.16 5.595 10.071 4.484 7.211 9.127 11.044 8.362 9.654 3.986 7.052 12.293 6.712 3.97 3.078 11.641 15.896 12.104 10.555 8.738 12.447 5.347 5.501 5.492 11.07 6.468 4.606 7.581 5.81 10.361 11.015 13.649 9.213 8.513 11.734 8.071 10.499 13.982 13.146 9.697 9.081 6.764 10.267 10.358 14.551 13.864 7.783 8.69 13.222 10.512 11.399 12.271 16.567 8.929 10.143 10.931 11.782 16.983 12.203 12.601 13.3 11.246 11.377 14.048 8.693
4.68 4.168 7.388 3.402 5.551 7.318 9.121 7.698 9.512 4.088 7.176 12.611 7.029 4.267 3.308 11.901 14.987 10.625 8.879 7.224 10.267 4.42 4.644 4.538 9.138 5.329 3.729 6.045 4.929 8.854 9.464 11.633 7.753 7.03 9.514 6.463 8.841 11.639 10.796 7.795 7.54 5.818 8.597 8.944 12.354 11.682 6.495 7.551 11.18 9.022 10.618 11.212 14.554 7.724 9.074 9.724 10.493 13.93 9.334 9.835 10.039 9.416 9.58 12.411 8.263
5.785 5.073 9.049 3.987 6.309 8.04 9.898 7.655 9.024 3.763 6.559 11.766 6.744 4.101 3.132 11.943 16.79 13.172 11.77 10.066 14.6 6.463 6.567 6.457 13.408 7.936 5.493 8.998 6.858 12.312 13.118 16.488 11.38 10.566 14.558 10.13 13.405 17.523 16.261 11.461 11.151 8.389 12.923 13.094 19.292 19.135 11.357 12.944 19.101 15.003 16.292 16.823 21.446 10.721 11.419 11.554 12.149 16.687 11.595 11.73 11.955 10.108 9.989 11.74 7.424
5.216 4.617 8.33 3.691 5.919 7.598 9.402 7.263 8.601 3.598 6.384 11.399 6.419 3.857 3.067 11.66 16.348 12.587 11.134 9.492 13.72 5.981 6.139 6.141 12.614 7.444 5.24 8.656 6.681 11.91 12.628 16.014 11.001 10.389 14.463 9.986 13.4 17.626 16.306 11.407 11.029 8.309 12.756 12.81 18.661 18.17 10.696 12.206 17.921 14.003 15.151 15.655 19.921 9.982 10.676 10.854 11.476 15.748 10.92 11.121 11.393 9.682 9.649 11.408 7.173
7.194 6.556 11.118 4.839 7.58 9.129 11.458 8.721 10.34 4.374 7.955 14.764 8.278 5.081 3.992 15.095 20.308 15.115 12.775 10.243 13.841 5.807 6.019 5.843 12.022 7.126 4.878 8.158 6.243 11.085 11.268 13.573 9.231 8.686 12.43 8.58 11.18 14.068 12.823 9.482 9.102 6.911 10.6 10.526 14.973 14.579 8.067 9.521 14.11 11.324 12.166 12.41 16.893 8.752 10.402 11.297 12.487 16.995 12.337 13.598 14.614 12.465 12.482 14.583 9.515
5.074 4.669 8.476 3.867 6.167 7.915 9.697 7.488 8.805 3.774 6.713 11.742 6.535 4.011 3.176 11.972 16.426 12.529 10.931 9.069 12.855 5.668 5.936 5.879 11.956 7.219 5.051 8.416 6.594 11.889 12.622 15.632 10.789 10.151 14.262 10.146 13.471 17.637 16.619 12.055 11.471 8.776 13.05 13.104 17.941 17.109 9.715 10.923 15.931 12.729 13.731 14.212 18.478 9.556 10.571 11.142 12.128 16.545 11.566 11.92 12.439 10.709 10.876 13.132 8.352
4.632 4.248 7.459 3.247 5.007 6.054 7.071 5.417 6.435 2.742 4.862 8.371 4.574 2.785 2.214 8.33 11.798 9.066 7.697 6.228 8.721 3.855 4.139 4.163 8.526 5.182 3.653 6.176 4.879 8.689 9.154 11.023 7.407 6.905 9.804 7.025 9.668 12.39 11.502 8.33 7.862 5.821 8.346 7.948 11 10.889 6.589 7.946 12.443 10.579 12.65 13.999 18.753 9.924 11.149 11.94 12.825 16.937 11.358 11.466 11.757 10.123 10.342 12.504 7.921
5.837 5.424 9.845 4.489 7.239 9.182 10.95 8.205 9.39 3.943 6.977 11.978 6.573 4.008 3.168 11.82 15.698 11.685 10.115 8.418 11.986 5.284 5.525 5.464 11.023 6.586 4.687 7.842 6.153 11.024 11.658 14.361 9.752 9.037 12.556 8.789 11.511 14.848 13.977 10.184 9.889 7.596 11.304 11.659 16.26 15.679 8.871 9.873 14.659 11.744 13.324 14.183 19.488 10.356 12.161 13.366 15.13 21.296 15.266 16.129 17.216 14.949 15.217 18.277 11.596
4.934 4.551 8.262 3.771 6.023 7.706 9.398 7.242 8.512 3.647 6.498 11.246 6.201 3.807 3.023 11.352 15.345 11.645 10.129 8.346 11.694 5.103 5.329 5.279 10.663 6.417 4.508 7.532 5.932 10.685 11.359 14.078 9.688 9.028 12.531 8.778 11.494 14.758 13.729 9.923 9.411 7.2 10.74 10.806 14.856 14.242 8.129 9.186 13.449 10.765 11.664 12.136 15.902 8.29 9.247 9.832 10.786 14.836 10.468 10.902 11.495 9.985 10.222 12.414 7.944
9.783 9.106 16.645 7.384 11.598 14.225 17.336 12.66 15.053 6.244 11.044 19.269 10.824 6.596 5.378 20.144 26.788 20.035 17.257 14.036 19.623 8.313 8.52 8.48 16.637 9.791 7.002 11.353 8.634 15.732 16.186 19.386 12.52 11.39 16.437 11.227 14.673 19.11 17.539 12.373 11.356 9.01 12.949 13.304 18.634 17.607 9.783 11.481 17.377 13.997 14.888 15.984 21.192 10.57 11.762 13.229 14.12 19.801 14.627 15.137 15.683 14.527 14.592 18.559 11.942
6.107 5.539 10.068 4.588 7.234 9.302 11.617 9.142 10.905 4.654 8.169 14.235 7.886 4.743 3.655 13.734 19.284 15.342 13.724 11.247 15.601 6.682 6.773 6.524 13.015 7.762 5.311 8.714 6.801 12.254 13.202 16.778 11.817 10.972 15.174 10.531 13.612 17.541 16.538 11.964 11.238 8.442 12.377 12.311 16.936 16.555 9.526 10.679 15.683 12.581 13.584 14.195 18.964 9.964 10.995 11.609 12.679 17.536 12.458 13.015 13.83 12.049 12.29 14.955 9.545
6.623 6.073 11.05 4.978 7.953 10.187 12.452 9.54 11.18 4.705 8.369 14.555 7.964 4.848 3.812 14.456 19.746 14.876 12.735 10.352 14.495 6.238 6.484 6.388 12.993 7.782 5.441 9.132 7.129 12.93 13.791 17.153 11.567 10.658 14.749 10.209 13.393 17.255 16.005 11.46 10.795 8.177 12.201 12.252 16.94 16.224 9.147 10.294 15.089 12.031 13.066 13.614 17.931 9.256 10.302 10.92 11.962 16.56 11.663 12.147 12.788 11.056 11.293 13.738 8.741
8.971 8.118 13.717 6.013 9.825 12.007 15.903 12.281 13.325 5.856 9.87 18.778 10.662 6.343 4.905 17.189 20.152 13.466 11.67 10.045 14.326 6.679 7.69 8.11 16.03 9.44 6.995 11.853 9.223 15.727 14.984 16.627 10.915 10.408 14.29 10.03 14.007 17.594 14.765 10.227 10.762 7.518 13.085 12.191 18.113 17.045 9.29 11.284 14.808 11.276 14.322 14.16 19.419 9.385 11.514 11.163 12.984 19.209 12.596 14.937 15.255 12.895 12.71 16.995 9.435
4.969 4.576 8.57 3.765 6.168 7.99 9.83 7.432 8.818 3.642 6.664 11.916 6.337 3.85 3.025 12.19 16.508 11.981 10.298 8.439 12.108 5.106 5.384 5.345 11.342 6.628 4.624 7.932 6.147 11.506 12.079 14.893 9.806 9.09 12.777 8.729 11.637 15.066 13.826 9.826 9.324 7.044 10.694 10.719 14.944 14.146 7.869 8.954 13.342 10.571 11.569 12.082 16.056 8.123 9.143 9.745 10.762 15.089 10.465 10.958 11.565 9.984 10.255 12.597 7.931
7.149 6.894 12.516 5.574 8.265 9.437 11.401 8.072 9.908 4.397 7.721 13.863 8.272 5.275 4.34 16.146 21.238 15.802 13.612 10.929 14.8 6.258 6.171 5.946 11.518 6.739 4.916 8.008 6.09 11.116 11.484 13.774 8.807 7.928 11.852 8.239 10.963 14.467 13.281 9.328 8.422 6.57 9.536 9.977 14.211 13.461 7.474 8.823 13.558 10.531 12.104 12.687 16.491 8.221 9.556 9.879 11.061 17.145 12.341 12.816 12.847 11.508 12.687 15.761 9.788
4.424 3.991 7.048 3.194 4.894 6.122 7.467 5.89 7.166 3.12 5.414 9.355 5.182 3.114 2.39 8.818 12.81 10.36 9.494 8.027 11.443 5.085 5.142 4.964 9.921 6.207 4.338 7.146 5.639 10.139 10.87 13.838 9.212 7.949 10.269 6.932 8.924 11.846 11.956 9.395 9.317 7.555 11.513 12.11 17.317 17.438 9.941 10.836 15.268 11.889 12.59 12.91 16.864 8.75 9.419 9.757 10.402 13.986 9.776 9.925 10.291 8.701 8.582 10.014 6.182
3.826 3.374 5.904 2.699 4.218 5.351 6.478 4.96 5.747 2.444 4.303 7.711 4.482 2.719 2.107 7.679 10.374 8.182 7.522 6.378 9.216 4.188 4.32 4.234 8.518 5.178 3.538 5.719 4.421 7.879 8.681 11.197 7.86 7.198 9.929 6.88 8.63 10.219 8.971 6.574 6.38 5.134 7.909 8.54 12.779 13.944 8.348 9.426 13.871 11.311 12.094 12.095 15.022 7.476 8.023 8.244 8.922 12.169 8.45 8.619 8.825 7.419 7.326 8.716 5.477
6.591 5.948 10.779 5.062 8.249 10.617 12.927 10.056 11.964 5.011 8.853 15.029 8.051 4.854 3.733 13.786 18.385 13.692 11.76 9.54 13.264 5.749 5.958 5.849 11.977 7.229 5.009 8.161 6.234 10.986 11.465 14.336 9.696 8.819 12.333 8.669 11.419 14.65 13.745 9.884 9.251 6.93 10.48 10.538 14.658 14.455 8.258 9.127 13.797 11.235 12.241 12.52 16.072 8.535 9.301 10.123 10.989 15.898 11.456 12.706 13.84 12.348 12.887 15.817 10.284
4.944 4.523 8.17 3.776 6.009 7.723 9.441 7.231 8.425 3.628 6.416 11.218 6.318 3.898 3.08 11.49 15.834 12.043 10.399 8.656 12.434 5.639 5.921 5.907 12.022 7.421 5.212 8.551 6.596 11.453 11.656 13.955 9.524 8.918 12.621 9.288 12.588 16.995 16.626 12.514 12.009 9.184 13.549 13.52 18.403 17.61 10.102 11.334 16.532 13.247 14.297 14.792 19.296 10.069 11.11 11.672 12.612 17.03 11.79 12.075 12.571 10.819 10.974 13.192 8.365
4.099 3.736 6.694 3.02 4.724 5.961 7.388 6.004 7.334 3.188 5.584 9.415 5.1 3.134 2.478 9.348 13.258 10.529 9.428 7.838 11.075 4.785 4.934 4.876 9.988 6.332 4.579 7.669 6.195 11.077 11.796 14.35 8.944 7.525 9.746 6.762 9.073 12.765 13.491 10.825 11.162 8.94 13.661 14.07 19.726 18.864 10.208 10.928 15.156 11.678 12.417 12.875 16.834 8.653 9.451 9.82 10.519 14.142 9.828 10.015 10.143 8.369 8.15 9.466 5.897
5.689 5.101 9.021 3.974 6.201 7.705 9.459 7.253 8.44 3.552 6.279 10.903 5.976 3.588 2.781 10.608 14.966 11.597 10.137 8.428 12.125 5.354 5.522 5.368 11.119 6.767 4.691 7.711 5.858 10.684 11.253 13.842 9.473 8.728 12.194 8.663 11.335 14.679 13.984 10.144 9.354 7.084 10.301 10.695 14.934 14.808 8.56 10.027 14.868 12.448 13.792 14.506 19.326 10.117 11.133 11.635 12.509 16.914 11.683 11.751 12.303 10.593 10.647 12.657 7.896
5.738 5.257 10.738 4.175 7.383 9.776 12.228 8.853 10.796 4.073 8.108 15.37 7.393 4.287 3.278 16.151 21.931 14.957 12.439 10.02 15.169 5.828 6.254 6.158 14.448 7.671 5.168 9.607 7.065 14.476 14.982 18.75 11.682 10.843 15.927 10.312 14.297 18.921 16.991 11.617 11.06 8.092 12.928 12.748 18.46 17.162 8.942 10.453 16.327 12.373 13.733 14.395 19.784 9.192 10.614 11.34 12.626 18.447 12.078 12.808 13.605 11.506 11.896 14.997 8.859
7.121 6.504 12.819 5.214 8.945 11.707 14.508 10.682 12.785 4.897 9.483 17.486 8.796 5.115 3.935 17.883 24.031 16.971 14.318 11.484 16.856 6.614 7.023 6.953 15.578 8.634 5.846 10.505 7.887 15.353 15.948 19.735 12.544 11.487 16.463 10.859 14.743 19.305 17.512 12.083 11.364 8.339 13.093 13.02 18.562 17.431 9.236 10.644 16.355 12.641 13.934 14.571 19.76 9.434 10.756 11.492 12.775 18.376 12.316 12.945 13.702 11.67 12.027 15.029 9.064
10.013 9.015 16.285 7.374 11.551 14.826 18.515 14.576 17.336 7.348 12.775 22.254 12.339 7.366 5.607 20.883 29.532 23.632 20.961 17.113 23.676 10.09 10.112 9.628 19.041 11.296 7.672 12.482 9.642 17.247 18.62 23.707 16.607 15.319 21.087 14.588 18.778 24.143 22.707 16.361 15.239 11.342 16.492 16.341 22.468 21.969 12.581 13.993 20.459 16.403 17.7 18.469 24.643 12.93 14.177 14.876 16.165 22.371 15.926 16.575 17.539 15.22 15.474 18.812 11.974
14.584 13.2 23.61 10.807 16.952 21.56 26.433 20.688 24.333 10.469 18.299 31.541 17.51 10.535 8.133 29.84 41.133 31.864 28.15 23.343 32.273 13.909 14.108 13.597 26.798 15.989 10.96 17.773 13.733 24.31 25.962 32.09 22.397 20.762 28.553 19.933 25.594 32.462 30.266 21.86 20.463 15.443 22.596 22.472 30.532 29.397 16.911 18.93 27.673 22.338 24.063 24.931 32.818 17.393 19.163 20.202 22.046 30.327 21.537 22.295 23.549 20.562 21.02 25.502 16.328
5.743 5.267 9.604 4.326 6.913 8.889 10.927 8.429 9.936 4.181 7.436 12.949 7.105 4.333 3.409 13 17.903 13.823 11.89 9.646 13.479 5.784 5.999 5.903 12.009 7.203 5.05 8.532 6.709 12.243 13.216 16.756 11.441 10.582 14.68 10.152 13.326 17.229 16.041 11.517 10.848 8.2 12.209 12.243 16.943 16.279 9.177 10.305 15.053 11.946 12.934 13.465 17.714 9.133 10.139 10.718 11.694 16.131 11.36 11.824 12.435 10.722 10.913 13.231 8.391
