4.521 4.666 8.547 4.754 8.259 10.38 10.006 9.939 11.431 5.408 4.902 7.325 7.347 4.643 4.726 15.285 16.478 12.216 12.31 8.564 17.477 8.162 4.885 7.341 15.662 11.006 8.657 11.123 13.785 20.076 19.711 22.648 14.905 14.503 15.26 11.893 19.21 23.998 24.105 13.854 11.131 8.557 10.937 13.795 14.838 21.507 12.206 12.963 15.41 15.891 16.266 20.668 29.241 13.198 11.114 13.224 15.303 15.28 15.015 14.26 14.589 15.251 13.776 18.089 7.154
5.041 5.181 10.053 5.142 9.507 12.181 11.648 11.539 13.472 5.929 5.3 8.144 8.026 4.768 4.786 17.892 19.379 13.806 13.846 9.234 20.421 8.745 4.977 7.643 17.673 11.763 8.91 11.721 14.789 22.427 21.918 25.468 16.046 15.588 16.482 12.55 21.32 27.154 27.251 14.852 11.79 8.882 11.54 14.788 15.959 24.178 12.935 13.893 16.864 17.455 17.927 23.463 34.657 14.606 12.207 14.845 17.412 17.383 17.104 16.24 16.746 17.613 15.775 21.42 7.851
4.505 4.584 8.831 4.547 8.402 10.797 10.365 10.327 12.097 5.391 4.787 7.268 7.178 4.31 4.301 16.247 17.513 12.485 12.67 8.555 18.92 8.108 4.656 7.007 16.31 10.839 8.32 10.975 13.888 21.16 20.636 24.007 15.218 14.885 15.743 12.004 20.307 25.759 25.738 14.125 11.269 8.453 10.835 13.839 14.955 22.712 12.182 13.096 15.829 16.341 16.768 21.908 32.191 13.594 11.39 13.709 15.97 15.898 15.626 14.821 15.242 15.981 14.297 19.349 7.168
4.542 4.604 8.208 4.658 7.904 9.924 9.648 9.637 11.084 5.388 4.819 7.009 7.014 4.493 4.508 14.173 15.395 11.638 11.807 8.32 16.596 7.941 4.796 6.944 14.534 10.364 8.23 10.441 12.88 18.73 18.549 21.427 14.367 13.965 14.615 11.451 18.165 22.678 22.952 13.498 10.857 8.323 10.399 12.986 13.986 20.227 11.759 12.431 14.684 15.166 15.559 19.731 27.964 13.031 10.976 12.866 14.787 14.795 14.587 13.906 14.232 14.863 13.482 17.584 7.214
5.478 5.569 9.942 5.641 9.58 12.022 11.666 11.634 13.37 6.51 5.845 8.527 8.538 5.47 5.502 17.341 18.81 14.141 14.31 10.094 20.154 9.661 5.849 8.508 17.836 12.697 10.06 12.793 15.803 22.956 22.69 26.121 17.499 17.01 17.836 14.011 22.225 27.711 27.972 16.435 13.239 10.2 12.781 15.97 17.182 24.776 14.395 15.207 17.969 18.546 19 24.038 33.911 15.817 13.317 15.641 17.976 17.97 17.694 16.855 17.234 17.978 16.302 21.22 8.739
4.62 4.732 8.739 4.821 8.472 10.721 10.369 10.338 11.941 5.606 5.038 7.524 7.551 4.757 4.825 16.119 17.357 12.87 13.048 9.042 18.676 8.588 5.108 7.627 16.577 11.567 9.126 11.78 14.674 21.602 21.201 24.476 16.012 15.573 16.347 12.663 20.587 25.764 25.844 14.764 11.815 8.987 11.431 14.448 15.581 22.812 12.832 13.625 16.184 16.666 17.06 21.761 30.934 13.773 11.549 13.66 15.774 15.728 15.447 14.642 14.957 15.62 14.075 18.552 7.26
4.756 4.892 8.864 5.013 8.617 10.824 10.459 10.395 11.921 5.753 5.216 7.732 7.786 4.988 5.081 16.197 17.485 13.032 13.113 9.2 18.481 8.799 5.331 7.925 16.757 11.885 9.409 12.054 14.928 21.624 21.235 24.276 16.097 15.626 16.41 12.873 20.549 25.543 25.587 14.874 11.979 9.264 11.755 14.772 15.876 22.814 13.101 13.835 16.351 16.825 17.182 21.659 30.254 13.879 11.661 13.76 15.845 15.799 15.496 14.695 14.981 15.614 14.122 18.383 7.454
4.668 4.734 8.417 4.769 8.062 10.104 9.801 9.767 11.222 5.465 4.894 7.111 7.096 4.529 4.531 14.19 15.438 11.605 11.719 8.253 16.456 7.897 4.767 6.9 14.405 10.255 8.088 10.241 12.621 18.325 18.148 20.921 14.041 13.641 14.301 11.238 17.807 22.256 22.554 13.28 10.693 8.238 10.305 12.86 13.836 19.976 11.641 12.304 14.564 15.066 15.464 19.617 27.849 13.07 11.02 12.97 14.937 14.969 14.777 14.118 14.477 15.133 13.75 17.935 7.416
3.97 4.04 7.179 4.101 6.929 8.682 8.424 8.395 9.628 4.721 4.246 6.185 6.202 3.993 4.021 12.547 13.617 10.25 10.351 7.32 14.526 7.018 4.269 6.204 12.938 9.249 7.336 9.316 11.498 16.646 16.45 18.886 12.687 12.325 12.924 10.185 16.091 20.027 20.2 11.918 9.614 7.437 9.315 11.628 12.506 17.951 10.484 11.057 13.043 13.455 13.773 17.365 24.366 11.449 9.639 11.306 12.98 12.975 12.77 12.163 12.425 12.947 11.748 15.236 6.336
4.692 4.742 8.304 4.766 7.945 9.916 9.635 9.603 11.005 5.434 4.861 6.985 6.965 4.481 4.465 13.632 14.853 11.236 11.346 8.039 15.82 7.69 4.675 6.683 13.757 9.867 7.805 9.818 12.047 17.397 17.247 19.85 13.424 13.05 13.669 10.789 16.948 21.127 21.441 12.755 10.309 7.974 9.91 12.315 13.248 19.028 11.227 11.855 13.994 14.483 14.869 18.803 26.599 12.699 10.743 12.603 14.482 14.532 14.37 13.762 14.121 14.753 13.441 17.45 7.364
4.681 4.692 8.54 4.707 8.216 10.489 10.224 10.258 11.92 5.627 4.966 7.238 7.227 4.538 4.489 15.323 16.759 12.471 12.778 8.882 18.444 8.429 4.993 7.16 15.779 11.005 8.681 11.15 13.948 20.871 20.579 23.931 15.755 15.377 16.11 12.475 20.246 25.445 25.621 14.74 11.822 8.924 11.109 13.988 15.165 22.501 12.726 13.525 16.057 16.576 17.007 21.827 31.372 14.119 11.849 13.887 15.971 15.953 15.723 14.963 15.316 15.965 14.39 18.997 7.568
4.496 4.562 7.881 4.65 7.627 9.465 9.216 9.186 10.463 5.283 4.759 6.802 6.843 4.506 4.532 13.189 14.357 11.027 11.131 7.983 15.274 7.647 4.742 6.759 13.548 9.922 7.973 9.963 12.149 17.266 17.133 19.616 13.422 13.044 13.627 10.835 16.75 20.72 20.996 12.684 10.302 8.027 9.947 12.316 13.235 18.714 11.222 11.803 13.825 14.278 14.637 18.31 25.469 12.351 10.478 12.201 13.967 14.006 13.825 13.215 13.51 14.092 12.862 16.524 7.098
4.09 4.272 8.04 4.376 7.801 9.849 9.441 9.347 10.772 4.963 4.533 6.931 6.963 4.34 4.464 15.077 16.154 11.78 11.825 8.115 16.986 7.716 4.567 7.063 15.467 10.693 8.345 10.868 13.562 19.892 19.382 22.201 14.33 13.935 14.705 11.374 18.712 23.397 23.316 13.097 10.484 8.041 10.454 13.303 14.301 20.857 11.544 12.293 14.679 15.095 15.41 19.632 27.753 12.12 10.167 12.208 14.184 14.115 13.814 13.054 13.33 13.932 12.522 16.557 6.323
4.494 4.478 8.378 4.431 7.951 10.227 9.947 9.996 11.724 5.33 4.646 6.848 6.767 4.117 4.033 14.634 15.955 11.736 12.063 8.226 17.714 7.753 4.461 6.445 14.651 9.952 7.738 10.005 12.567 19.143 18.892 22.255 14.404 14.06 14.732 11.22 18.649 23.713 24.01 13.507 10.721 7.934 9.923 12.566 13.641 20.75 11.414 12.215 14.659 15.191 15.671 20.517 30.43 13.231 11.081 13.111 15.205 15.221 15.055 14.357 14.795 15.537 13.973 18.844 7.159
4.893 4.935 9.048 4.932 8.612 10.911 10.581 10.568 12.248 5.7 5.032 7.412 7.357 4.561 4.533 15.197 16.501 12.293 12.491 8.603 17.819 8.125 4.746 6.935 15.064 10.476 8.182 10.454 12.973 19.236 19.023 22.192 14.57 14.141 14.79 11.387 18.525 23.393 23.758 13.602 10.808 8.115 10.21 12.869 13.911 20.627 11.644 12.386 14.778 15.31 15.765 20.352 29.654 13.312 11.157 13.201 15.298 15.342 15.172 14.483 14.903 15.642 14.137 18.805 7.344
4.894 5.053 10.038 5.028 9.517 12.255 11.685 11.575 13.572 5.818 5.199 8.128 8.018 4.7 4.743 18.486 19.868 13.987 14.084 9.314 21.11 8.786 4.93 7.721 18.322 12.013 9.077 12.081 15.346 23.499 22.852 26.623 16.539 16.108 17.078 12.874 22.269 28.458 28.453 15.201 11.994 8.941 11.751 15.19 16.422 25.141 13.161 14.197 17.312 17.894 18.367 24.18 35.901 14.664 12.21 14.937 17.575 17.506 17.19 16.267 16.762 17.633 15.714 21.514 7.596
4.177 4.317 8.633 4.341 8.276 10.69 10.211 10.146 11.917 5.101 4.559 7.163 7.112 4.195 4.258 16.782 17.907 12.618 12.797 8.485 19.298 7.987 4.49 7.063 16.908 11.074 8.445 11.299 14.398 22.091 21.404 24.94 15.462 15.09 15.989 12.019 20.832 26.53 26.384 14.066 11.095 8.23 10.822 14.025 15.182 23.248 12.109 13.059 15.875 16.358 16.76 22.011 32.449 13.111 10.9 13.271 15.572 15.473 15.158 14.296 14.678 15.405 13.696 18.723 6.559
5.182 5.131 8.765 5.121 8.373 10.624 10.585 10.688 12.313 6.113 5.351 7.47 7.423 4.798 4.697 13.988 16.27 12.801 13.01 9.192 17.766 8.784 5.283 7.262 14.637 10.923 8.731 10.819 13.292 19.627 20.036 23.434 15.937 15.329 15.838 12.434 19.305 24.536 25.395 15.19 12.07 9.127 11.039 13.612 14.828 21.722 13.094 13.732 16.091 16.718 17.241 21.894 31.494 15.157 12.662 14.51 16.536 16.662 16.539 15.862 16.25 16.94 15.419 19.929 8.487
3.974 3.988 7.097 4.016 6.808 8.585 8.388 8.405 9.698 4.695 4.154 6 5.992 3.818 3.795 12.043 13.207 10.063 10.236 7.186 14.381 6.853 4.099 5.861 12.324 8.808 6.982 8.824 10.898 15.974 15.919 18.526 12.433 12.055 12.576 9.812 15.581 19.557 19.924 11.721 9.366 7.107 8.811 10.993 11.869 17.302 10.071 10.63 12.555 12.992 13.361 17.034 24.414 11.392 9.552 11.141 12.798 12.826 12.669 12.091 12.388 12.949 11.748 15.375 6.288
5.199 5.256 9.41 5.264 8.956 11.238 10.902 10.87 12.518 5.992 5.324 7.742 7.692 4.85 4.823 15.226 16.54 12.437 12.584 8.785 17.64 8.32 4.945 7.147 14.982 10.594 8.312 10.486 12.878 18.743 18.555 21.49 14.337 13.906 14.529 11.307 18.021 22.604 22.991 13.43 10.747 8.177 10.228 12.785 13.775 20.068 11.603 12.301 14.607 15.141 15.584 19.93 28.705 13.32 11.235 13.267 15.343 15.42 15.276 14.635 15.073 15.821 14.38 18.935 7.669
5.793 5.759 9.78 5.751 9.316 11.675 11.522 11.559 13.227 6.636 5.843 8.158 8.113 5.274 5.177 15.059 17.1 13.365 13.536 9.623 18.379 9.165 5.562 7.667 15.294 11.359 9.068 11.195 13.666 19.857 20.087 23.321 15.951 15.377 15.917 12.552 19.364 24.374 25.1 15.134 12.109 9.247 11.23 13.837 15.003 21.696 13.133 13.784 16.153 16.77 17.269 21.817 31.079 15.14 12.729 14.664 16.737 16.858 16.729 16.064 16.472 17.18 15.675 20.193 8.709
3.582 3.772 7.686 3.825 7.396 9.55 9.052 8.919 10.43 4.406 4.004 6.438 6.406 3.749 3.863 15.455 16.507 11.476 11.444 7.491 17.201 7.073 3.969 6.452 15.583 10.151 7.64 10.31 13.18 20.149 19.397 22.34 13.632 13.222 14.06 10.585 18.539 23.575 23.254 12.19 9.613 7.233 9.718 12.678 13.682 20.83 10.706 11.525 14.054 14.444 14.732 19.262 28.107 11.191 9.264 11.423 13.466 13.346 13.012 12.216 12.512 13.119 11.635 15.916 5.503
3.737 3.887 7.356 3.955 7.113 9.006 8.637 8.574 9.925 4.524 4.11 6.283 6.291 3.891 3.985 13.742 14.672 10.665 10.779 7.375 15.648 6.989 4.109 6.337 14.039 9.611 7.498 9.797 12.255 18.121 17.652 20.345 13.075 12.756 13.466 10.36 17.17 21.529 21.475 11.989 9.592 7.301 9.47 12.064 12.985 19.12 10.492 11.22 13.435 13.826 14.139 18.131 25.891 11.165 9.385 11.278 13.112 13.05 12.79 12.097 12.376 12.948 11.622 15.462 5.828
4.877 4.916 8.531 4.992 8.232 10.272 10.037 10.035 11.479 5.751 5.139 7.337 7.365 4.812 4.81 14.293 15.67 12.069 12.219 8.725 16.854 8.364 5.13 7.275 14.741 10.766 8.623 10.786 13.198 18.942 18.885 21.769 14.865 14.421 15.043 11.902 18.485 22.991 23.396 14.076 11.361 8.769 10.821 13.402 14.424 20.574 12.289 12.915 15.144 15.656 16.07 20.212 28.4 13.706 11.566 13.43 15.366 15.408 15.215 14.54 14.868 15.513 14.142 18.243 7.766
4.47 4.505 8.329 4.608 8.11 10.383 10.144 10.168 11.794 5.524 4.876 7.225 7.275 4.577 4.592 15.727 17.243 12.944 13.148 9.063 18.772 8.614 5.056 7.406 16.337 11.492 9.072 11.678 14.63 21.836 21.612 25.138 16.433 15.866 16.546 12.745 20.724 26.117 26.362 15.052 11.894 8.901 11.182 14.15 15.346 22.712 12.799 13.492 15.967 16.453 16.861 21.589 30.952 13.785 11.399 13.298 15.307 15.274 15.003 14.198 14.469 15.094 13.584 17.934 7.007
3.516 3.533 6.65 3.544 6.356 8.156 7.928 7.943 9.277 4.203 3.681 5.495 5.465 3.337 3.312 11.815 12.883 9.534 9.728 6.608 14.121 6.237 3.576 5.273 11.902 8.168 6.351 8.21 10.304 15.588 15.419 18.13 11.719 11.37 11.899 9.064 15.052 19.16 19.455 10.924 8.604 6.364 8.05 10.242 11.126 16.804 9.274 9.882 11.843 12.271 12.647 16.487 24.32 10.577 8.792 10.409 12.096 12.118 11.97 11.389 11.71 12.294 11.053 14.857 5.602
3.789 3.917 7.163 4.015 6.975 8.762 8.447 8.396 9.644 4.599 4.183 6.247 6.29 4.013 4.105 13.248 14.199 10.529 10.628 7.426 15.089 7.073 4.275 6.419 13.676 9.619 7.624 9.817 12.169 17.669 17.278 19.774 13.008 12.668 13.32 10.4 16.741 20.797 20.763 11.957 9.642 7.434 9.486 11.952 12.843 18.528 10.517 11.154 13.207 13.574 13.86 17.518 24.519 11.048 9.315 11.034 12.725 12.673 12.423 11.766 11.997 12.515 11.298 14.773 5.879
3.931 3.944 7.249 3.987 6.979 8.912 8.705 8.73 10.141 4.74 4.165 6.132 6.133 3.832 3.813 12.956 14.227 10.702 10.897 7.51 15.568 7.134 4.168 6.061 13.295 9.335 7.34 9.403 11.744 17.55 17.443 20.413 13.408 12.976 13.542 10.426 16.959 21.464 21.821 12.505 9.885 7.381 9.244 11.672 12.662 18.822 10.645 11.261 13.379 13.842 14.239 18.345 26.637 11.944 9.919 11.613 13.404 13.42 13.236 12.584 12.887 13.484 12.16 16.117 6.302
4.576 4.654 8.932 4.645 8.56 11.012 10.59 10.563 12.363 5.561 4.943 7.484 7.424 4.499 4.498 16.931 18.246 13.034 13.244 8.991 19.767 8.532 4.934 7.391 17.198 11.483 8.867 11.703 14.824 22.545 21.948 25.438 16.174 15.825 16.73 12.798 21.544 27.22 27.091 14.935 11.947 8.987 11.481 14.654 15.844 23.955 12.906 13.843 16.667 17.168 17.579 22.85 33.254 14.113 11.815 14.151 16.427 16.328 16.022 15.172 15.559 16.265 14.546 19.587 7.333
5.109 5.118 8.665 5.171 8.321 10.352 10.196 10.244 11.732 6.034 5.375 7.541 7.559 4.984 4.932 14.011 15.661 12.345 12.579 9.127 17.247 8.853 5.467 7.581 14.963 11.172 8.974 11.079 13.503 19.34 19.612 22.788 15.953 15.491 16.14 12.882 19.66 24.485 25.172 15.465 12.488 9.666 11.768 14.44 15.532 21.976 13.481 14.135 16.538 17.153 17.634 22.072 30.916 15.432 13.03 15.028 17.089 17.12 16.895 16.162 16.49 17.106 15.582 19.827 8.692
