2.916 6.543 5.927 3.317 7.338 7.88 9.959 8.966 10.503 3.168 3.28 18.83 11.439 3.285 3.374 10.795 1.916 15.052 10.858 9.152 14.02 7.661 7.225 9.848 10.338 7.955 6.556 6.782 9.576 12.606 14.571 22.091 13.076 16.029 12.749 10.925 12.334 18.17 17.921 8.751 10.29 8.711 11.272 20.527 26.3 23.324 10.52 9.416 23.994 15.641 13.72 17.612 31.738 16.956 15.441 14.206 11.362 21.612 19.314 11.773 12.791 13.055 13.008 12.008 11.68
3.684 8.199 7.389 4.202 9.07 9.603 11.906 10.711 12.421 3.883 4.14 21.739 13.447 3.947 4.193 12.777 2.354 17.461 12.61 10.566 15.871 8.859 8.416 11.359 11.84 9.17 7.636 7.933 11.018 14.211 16.209 23.992 14.465 17.585 14.131 12.205 13.759 19.888 19.552 9.765 11.568 9.89 12.689 22.342 28.137 24.99 11.548 10.546 25.942 17.153 15.079 19.215 33.644 18.423 16.839 15.625 12.656 23.479 21.02 13.008 14.207 14.538 14.488 13.418 13.085
2.842 6.042 5.585 3.24 6.767 7.332 9.143 8.348 9.653 3.093 3.231 16.337 10.698 3.292 3.386 9.977 1.999 13.688 10.475 8.967 13.241 7.617 7.152 9.573 10.12 7.966 6.652 6.913 9.587 12.483 14.436 21.422 13.309 15.892 12.852 11.063 12.367 17.805 17.8 9.073 10.463 9.003 11.444 19.966 25.48 23.004 10.753 9.495 22.517 15.452 13.548 16.941 29.325 16.596 14.923 13.635 10.998 19.854 18.113 11.339 12.073 12.305 12.275 11.396 11.094
3.18 7.414 6.712 3.79 8.473 8.991 11.146 9.99 11.613 3.511 3.909 21.365 13.088 3.736 4.129 13.188 2.337 18.681 13.395 11.187 16.925 9.385 9.034 12.475 13.117 10.17 8.554 9.086 12.887 16.739 19.126 28.326 16.848 20.547 16.458 14.226 16.208 23.646 23.175 11.36 13.682 11.763 15.277 26.924 33.429 29.129 13.039 11.909 29.764 19.387 16.892 21.509 37.362 20.009 18.111 16.683 13.43 25.124 22.214 13.47 14.706 15.082 15.064 13.96 13.647
3.443 7.511 6.821 3.903 8.307 8.867 11.046 10.002 11.609 3.658 3.842 19.938 12.511 3.759 3.913 11.707 2.22 15.903 11.672 9.887 14.772 8.309 7.832 10.49 10.958 8.517 7.068 7.297 10.085 13.033 14.93 22.155 13.489 16.319 13.121 11.301 12.672 18.279 18.074 9.092 10.636 9.086 11.598 20.412 25.936 23.278 10.845 9.785 23.824 15.961 14.073 17.854 31.322 17.368 15.859 14.661 11.863 21.865 19.75 12.316 13.355 13.649 13.608 12.611 12.287
4.155 8.407 7.791 4.625 9.187 9.923 12.243 11.261 12.919 4.371 4.513 20.629 14.002 4.546 4.625 12.614 2.74 16.657 13.068 11.265 16.241 9.612 8.966 11.705 12.288 9.757 8.16 8.379 11.315 14.492 16.65 24.296 15.562 18.354 15.002 12.961 14.33 20.193 20.268 10.692 12.16 10.512 13.126 22.266 28.419 26.129 12.739 11.295 25.552 18.071 15.966 19.753 33.532 19.769 17.879 16.434 13.406 23.447 21.699 13.971 14.822 15.095 15.049 14.012 13.641
2.604 5.402 5.006 2.891 6.066 6.68 8.502 7.781 9.078 2.895 2.895 15.588 10.011 3.097 3.057 9.193 1.84 12.849 9.896 8.567 12.897 7.315 6.828 9.152 9.735 7.648 6.329 6.504 9.103 12.115 14.223 21.593 13.222 15.896 12.751 10.911 12.143 17.69 17.712 8.959 10.176 8.648 10.981 19.738 25.594 23.013 10.694 9.272 22.213 15.031 13.167 16.491 29.129 16.113 14.476 13.127 10.469 19.075 17.338 10.792 11.387 11.503 11.43 10.575 10.26
3.958 8.146 7.493 4.464 8.999 9.642 11.889 10.897 12.548 4.268 4.493 20.806 13.673 4.454 4.653 12.914 2.763 17.373 13.263 11.45 16.722 9.859 9.349 12.336 12.953 10.304 8.7 9.016 12.264 15.712 18.008 26.26 16.656 19.877 16.277 14.17 15.78 22.275 22.192 11.714 13.53 11.721 14.706 24.932 31.37 28.453 13.896 12.535 28.483 19.738 17.483 21.726 36.635 21.212 19.34 17.877 14.621 25.643 23.384 15.018 16.071 16.359 16.29 15.168 14.792
3.51 7.701 7.02 3.935 8.618 9.34 11.868 10.71 12.543 3.794 3.842 22.238 13.594 3.953 3.961 12.62 2.286 17.633 12.915 10.965 16.787 9.19 8.606 11.693 12.326 9.505 7.805 8.035 11.36 15.074 17.545 26.773 15.884 19.405 15.409 13.158 14.794 21.846 21.64 10.589 12.293 10.383 13.398 24.569 31.74 28.231 12.743 11.232 28.485 18.669 16.361 20.911 37.837 20.239 18.346 16.77 13.349 25.307 22.707 13.854 14.906 15.162 15.095 13.925 13.519
3.311 7.09 6.519 3.875 7.959 8.454 10.297 9.368 10.741 3.596 3.965 18.277 11.939 3.8 4.159 11.754 2.449 15.965 12.04 10.267 14.921 8.782 8.429 11.258 11.819 9.399 8.016 8.451 11.57 14.707 16.694 24.003 15.111 18.039 14.791 12.933 14.535 20.509 20.306 10.633 12.525 10.949 13.851 23.195 28.608 25.559 12.293 11.259 25.785 17.731 15.647 19.468 32.376 18.574 16.905 15.669 12.867 22.65 20.474 13.023 14.05 14.393 14.381 13.421 13.134
3.244 7.092 6.501 3.857 7.973 8.405 10.154 9.195 10.519 3.504 3.973 18.073 11.75 3.687 4.158 11.757 2.412 15.923 11.916 10.066 14.588 8.572 8.288 11.116 11.638 9.24 7.919 8.403 11.499 14.513 16.355 23.317 14.622 17.498 14.375 12.62 14.251 20.065 19.776 10.328 12.326 10.826 13.733 22.813 27.842 24.708 11.841 11.02 25.321 17.34 15.292 19.075 31.509 18.009 16.442 15.328 12.649 22.304 20.072 12.731 13.851 14.245 14.249 13.307 13.046
4.037 8.012 7.439 4.497 8.861 9.604 11.915 10.981 12.656 4.417 4.568 20.754 13.831 4.646 4.775 12.953 2.913 17.457 13.706 11.996 17.522 10.438 9.896 12.988 13.721 11.01 9.316 9.612 13.043 16.847 19.463 28.504 18.216 21.699 17.817 15.533 17.211 24.218 24.219 12.968 14.794 12.822 15.962 27.036 34.161 31.014 15.355 13.741 30.467 21.295 18.876 23.252 38.932 22.656 20.625 18.992 15.522 26.762 24.469 15.848 16.793 16.988 16.868 15.703 15.291
4.344 9.01 8.261 4.986 9.904 10.442 12.587 11.482 13.091 4.594 5.03 21.549 14.308 4.697 5.127 13.758 3.012 18.144 13.771 11.701 16.768 10.052 9.638 12.662 13.193 10.535 8.997 9.395 12.604 15.781 17.75 25.149 16.137 19.153 15.861 13.955 15.591 21.646 21.421 11.513 13.498 11.85 14.811 24.307 29.877 26.967 13.442 12.484 27.743 19.412 17.228 21.359 35.053 20.674 18.978 17.794 14.802 25.531 23.268 15.125 16.379 16.794 16.765 15.676 15.352
3.112 7.187 6.533 3.703 8.297 8.859 11.037 9.907 11.533 3.506 3.852 21.438 13.102 3.772 4.114 13.285 2.38 19.045 13.688 11.477 17.414 9.659 9.287 12.845 13.549 10.521 8.846 9.396 13.386 17.489 20.05 29.771 17.663 21.476 17.16 14.798 16.824 24.586 24.094 11.815 14.129 12.122 15.731 27.844 34.553 29.958 13.385 12.09 30.112 19.55 16.991 21.57 37.433 19.954 17.98 16.48 13.215 24.681 21.78 13.186 14.304 14.637 14.628 13.572 13.279
4.107 8.097 7.489 4.579 8.805 9.404 11.466 10.586 12.111 4.357 4.579 19.195 13.024 4.485 4.678 12.079 2.808 15.7 12.265 10.666 15.234 9.247 8.755 11.314 11.816 9.494 8.054 8.28 10.987 13.833 15.726 22.51 14.686 17.351 14.378 12.594 13.908 19.224 19.198 10.489 11.994 10.468 12.92 21.246 26.607 24.479 12.458 11.332 24.607 17.535 15.657 19.257 31.76 19.091 17.535 16.331 13.538 23.012 21.236 14.018 14.976 15.256 15.196 14.202 13.862
4.114 7.562 7.11 4.31 8.038 9.034 11.511 10.916 12.652 4.489 4.391 18.783 13.964 4.812 4.64 11.513 2.793 15.009 13.165 11.767 17.015 10.379 9.514 12.098 12.892 10.433 8.681 8.698 11.545 15.212 18.206 27.622 18.314 21.415 17.598 15.097 16.339 22.916 23.626 12.822 13.966 11.921 14.436 24.707 33.306 31.616 15.806 13.546 28.715 21.174 18.682 22.616 38.696 23.512 21.029 18.984 15.303 25.663 24.391 15.993 16.446 16.412 16.165 14.968 14.435
3.068 7.261 6.565 3.702 8.371 8.865 10.968 9.804 11.399 3.428 3.872 21.359 12.997 3.67 4.122 13.344 2.332 19.074 13.579 11.281 17.103 9.453 9.149 12.711 13.366 10.35 8.734 9.334 13.297 17.26 19.671 29.048 17.16 20.941 16.751 14.489 16.555 24.173 23.6 11.508 13.953 12.008 15.638 27.518 33.892 29.257 12.988 11.912 29.883 19.307 16.769 21.366 36.952 19.618 17.727 16.329 13.14 24.643 21.657 13.055 14.286 14.671 14.669 13.608 13.327
4.528 9.172 8.489 5.234 10.118 10.681 12.764 11.698 13.26 4.825 5.323 21.433 14.587 4.992 5.485 14.163 3.302 18.512 14.353 12.292 17.327 10.642 10.235 13.345 13.931 11.254 9.704 10.171 13.526 16.807 18.846 26.322 17.235 20.291 16.965 15.014 16.737 22.965 22.792 12.548 14.647 12.984 16.11 25.856 31.5 28.538 14.556 13.544 29.126 20.767 18.492 22.696 36.419 21.97 20.172 18.936 15.869 26.733 24.493 16.162 17.418 17.872 17.864 16.763 16.44
5.454 10.536 9.763 6.053 11.363 12.077 14.584 13.45 15.295 5.659 5.969 23.765 16.25 5.734 6.013 15.017 3.635 19.169 15.082 13.118 18.527 11.369 10.788 13.821 14.38 11.603 9.881 10.134 13.291 16.563 18.687 26.391 17.353 20.42 17.004 14.96 16.472 22.514 22.424 12.447 14.21 12.465 15.275 24.699 30.651 28.185 14.614 13.41 28.47 20.465 18.333 22.432 36.439 22.158 20.441 19.134 15.985 26.744 24.715 16.511 17.653 17.989 17.916 16.773 16.383
2.789 6.074 5.623 3.151 6.964 7.706 9.905 8.985 10.546 3.157 3.15 19.011 11.84 3.436 3.367 11.02 2.022 15.865 11.936 10.187 15.622 8.57 7.974 10.922 11.668 9.034 7.405 7.658 10.988 14.841 17.49 26.954 15.974 19.321 15.268 12.94 14.513 21.609 21.551 10.462 11.965 10.091 13.041 24.19 31.477 27.848 12.332 10.549 26.697 17.585 15.239 19.297 34.971 18.619 16.559 14.897 11.721 22.172 19.956 12.046 12.724 12.885 12.833 11.843 11.492
3.259 6.284 5.885 3.553 6.841 7.512 9.362 8.754 10.086 3.55 3.576 15.72 11.175 3.783 3.753 9.843 2.292 12.982 10.679 9.366 13.474 8.188 7.603 9.828 10.401 8.366 7.016 7.163 9.616 12.429 14.497 21.385 14.079 16.497 13.596 11.745 12.871 18.029 18.316 9.884 11.015 9.512 11.712 19.761 25.629 23.963 11.951 10.423 22.704 16.429 14.494 17.702 29.839 18.058 16.22 14.796 12.029 20.474 19.166 12.499 13.042 13.173 13.073 12.16 11.796
2.934 5.973 5.57 3.413 6.702 7.167 8.673 7.967 9.073 3.215 3.504 14.876 10.152 3.43 3.703 9.879 2.271 13.212 10.352 8.942 12.719 7.746 7.414 9.747 10.263 8.288 7.126 7.494 10.106 12.757 14.476 20.526 13.322 15.674 13 11.418 12.728 17.67 17.616 9.549 11.059 9.752 12.163 19.857 24.427 22.062 10.978 9.981 21.767 15.432 13.665 16.738 27.163 16.153 14.659 13.566 11.224 19.091 17.466 11.363 12.113 12.388 12.388 11.608 11.366
3.961 7.138 6.653 4.035 7.332 8.233 10.549 10.142 11.773 4.211 4.099 16.354 12.82 4.435 4.255 9.939 2.44 12.322 11.144 9.994 14.295 8.797 7.966 9.887 10.408 8.402 6.936 6.835 8.819 11.453 13.77 21.035 14.205 16.455 13.515 11.517 12.307 17.042 17.75 9.705 10.454 8.832 10.487 17.71 24.609 24.049 12.136 10.373 21.438 16.245 14.418 17.417 30.076 18.87 16.902 15.236 12.283 20.352 19.774 13.136 13.493 13.436 13.212 12.237 11.779
2.153 5.177 4.713 2.514 6.061 6.626 8.564 7.603 9.016 2.447 2.504 17.727 10.21 2.661 2.675 9.971 1.555 14.818 10.423 8.651 13.751 7.102 6.679 9.493 10.108 7.62 6.19 6.49 9.634 13.147 15.413 24.133 13.466 16.699 12.927 10.891 12.45 19.097 18.719 8.526 10.085 8.426 11.224 21.664 27.909 23.9 9.894 8.567 23.813 14.768 12.673 16.483 30.907 15.316 13.645 12.299 9.558 19.267 16.853 9.712 10.478 10.688 10.672 9.8 9.523
2.882 6.347 5.838 3.483 7.236 7.632 9.205 8.329 9.527 3.181 3.661 16.65 10.794 3.399 3.894 11.086 2.288 15.182 11.35 9.598 13.911 8.196 7.976 10.751 11.28 8.979 7.745 8.281 11.375 14.355 16.157 22.939 14.333 17.136 14.075 12.37 13.998 19.692 19.352 10.101 12.101 10.657 13.53 22.356 27.017 23.74 11.312 10.536 24.112 16.425 14.453 17.974 29.415 16.698 15.206 14.135 11.659 20.49 18.327 11.578 12.582 12.951 12.975 12.138 11.92
4.236 8.286 7.694 4.607 8.972 9.77 12.185 11.302 13.045 4.515 4.552 20.537 14.01 4.69 4.669 12.377 2.785 16.206 12.917 11.288 16.363 9.74 9.054 11.703 12.29 9.791 8.161 8.28 11.085 14.268 16.528 24.382 15.715 18.59 15.214 13.138 14.425 20.279 20.431 10.9 12.238 10.515 12.995 22.149 28.646 26.594 13.185 11.637 25.944 18.443 16.378 20.218 34.549 20.472 18.621 17.108 13.944 24.185 22.488 14.628 15.446 15.648 15.553 14.464 14.046
3.64 6.942 6.505 3.924 7.536 8.334 10.47 9.821 11.35 3.992 3.975 17.673 12.595 4.278 4.198 10.994 2.573 14.584 12.133 10.707 15.497 9.4 8.709 11.251 11.946 9.62 8.05 8.19 11.016 14.363 16.89 25.173 16.546 19.411 15.959 13.753 15.032 21.116 21.507 11.589 12.837 11.038 13.555 23.054 30.154 28.216 14.034 12.151 26.386 19.062 16.79 20.462 34.658 20.865 18.695 16.975 13.733 23.336 21.845 14.22 14.761 14.841 14.687 13.634 13.201
4.317 8.221 7.73 4.569 8.911 10.041 12.897 12.052 14.029 4.709 4.539 21.865 15.289 5.014 4.755 12.735 2.851 17.049 14.329 12.647 18.622 10.932 9.984 12.913 13.779 10.972 9.019 9.036 12.255 16.361 19.537 29.923 19.069 22.546 18.264 15.568 16.983 24.377 24.935 13.053 14.295 12.107 14.942 26.577 35.793 33.355 16.094 13.688 30.878 22.086 19.449 23.94 42.327 24.624 22.057 19.889 15.903 27.879 26.22 16.797 17.374 17.418 17.241 15.952 15.395
3.377 7.452 6.802 3.972 8.498 9.044 11.139 10.077 11.643 3.776 4.148 20.851 13.155 4.018 4.4 13.256 2.591 18.607 13.667 11.562 17.2 9.878 9.527 12.949 13.63 10.741 9.127 9.667 13.497 17.393 19.836 28.93 17.723 21.339 17.312 15.067 17.018 24.364 23.962 12.225 14.504 12.566 16.061 27.552 33.939 29.771 13.909 12.678 29.968 19.983 17.484 21.927 37.001 20.483 18.545 17.112 13.9 25.027 22.288 13.872 14.993 15.319 15.288 14.232 13.934
2.869 6.076 5.582 3.353 6.874 7.302 8.892 8.101 9.292 3.196 3.518 16.098 10.475 3.382 3.718 10.526 2.238 14.497 10.891 9.289 13.551 8.041 7.778 10.414 10.952 8.751 7.511 7.946 10.898 13.866 15.732 22.537 14.216 16.944 13.938 12.232 13.737 19.297 19.038 10.069 11.855 10.376 13.081 21.773 26.594 23.545 11.441 10.501 23.648 16.179 14.233 17.628 28.936 16.583 15.064 13.973 11.488 19.983 17.949 11.451 12.322 12.581 12.551 11.725 11.492
