5.226 7.042 8.119 6.431 7.638 10.146 9.63 8.037 9.32 6.47 7.934 8.006 7.791 7.789 7.523 15.623 15.021 12.509 12.864 9.952 17.575 8.427 7.617 10.789 14.285 15.238 9.542 14.729 17.707 18.028 16.556 19.306 18.999 15.879 13.005 13.638 16.725 20.483 20.623 12.984 14.775 13.103 16.208 16.664 19.765 21.193 13.242 11.675 14.538 22.212 19.96 20.136 24.735 11.025 10.696 13.203 12.911 13.578 11.924 10.836 13.322 11.059 12.07 15.508 9.461
5.156 6.679 7.606 6.188 7.14 9.18 8.93 7.661 8.692 6.271 7.388 7.393 7.163 7.126 6.882 12.949 13.26 11.592 11.867 9.397 15.324 8.1 7.263 9.725 12.311 13.333 8.942 13.005 15.469 16.096 15.161 17.39 17.283 14.79 12.276 12.679 15.093 18.176 18.694 12.457 13.882 12.483 14.995 15.512 18.281 19.913 13.241 11.808 14.36 20.775 19.294 19.594 23.693 11.496 11.054 13.217 12.823 13.299 11.864 10.904 13.103 11.165 11.986 14.869 9.649
5.035 6.542 7.479 6.071 7.062 9.179 8.876 7.543 8.589 6.167 7.366 7.452 7.281 7.292 7.084 13.777 13.838 11.883 12.124 9.556 15.906 8.26 7.415 10.13 13.137 14.176 9.316 13.705 16.429 16.959 15.785 18.119 17.941 15.221 12.567 13.027 15.669 18.965 19.312 12.654 14.09 12.639 15.281 15.75 18.435 19.782 12.882 11.353 13.792 20.145 18.473 18.536 22.237 10.566 10.097 12.15 11.857 12.339 10.945 9.994 12.022 10.175 10.952 13.719 8.794
4.632 6.064 6.983 5.584 6.535 8.743 8.529 7.162 8.193 5.686 6.768 6.803 6.605 6.558 6.286 13.033 13.325 11.36 11.57 8.873 15.375 7.554 6.594 8.942 11.935 13.18 8.355 12.446 15.244 15.949 14.781 17.154 17.016 14.244 11.478 11.739 14.259 17.747 18.307 11.586 12.792 11.242 13.74 14.312 17.216 18.889 11.929 10.291 12.515 19.298 18.032 18.445 22.916 10.273 9.615 11.502 11.241 11.83 10.435 9.434 11.503 9.641 10.427 13.427 8.347
4.86 7.009 8.197 6.213 7.612 10.384 9.608 7.774 9.27 6.128 7.899 7.93 7.642 7.632 7.333 16.439 15.301 12.184 12.504 9.381 17.998 7.782 7.135 10.859 14.491 15.129 8.806 14.712 17.733 17.719 15.941 18.925 18.434 15.021 12.116 13.036 16.482 20.424 20.246 11.884 14.127 12.37 15.835 16.143 19.401 20.779 12.102 10.759 14.191 22.795 19.834 19.899 25.133 10.012 10.129 13.223 12.8 13.532 11.623 10.485 13.439 10.803 12.066 16.019 8.964
4.318 5.574 6.346 5.179 5.974 7.672 7.456 6.395 7.256 5.258 6.202 6.221 6.036 6.005 5.805 10.897 11.114 9.71 9.968 7.936 12.931 6.869 6.163 8.255 10.48 11.302 7.576 10.99 13.109 13.619 12.814 14.704 14.637 12.538 10.425 10.779 12.837 15.419 15.791 10.543 11.741 10.586 12.718 13.139 15.416 16.722 11.141 9.94 12.08 17.447 16.139 16.313 19.65 9.571 9.199 11.002 10.685 11.055 9.835 9.022 10.812 9.212 9.879 12.239 7.956
4.869 6.454 7.434 5.905 6.948 9.218 8.863 7.439 8.584 5.969 7.214 7.23 6.986 6.926 6.635 13.547 13.4 11.371 11.655 9.001 15.714 7.686 6.795 9.438 12.33 13.222 8.354 12.658 15.243 15.707 14.562 16.985 16.82 14.116 11.475 11.885 14.472 17.768 18.118 11.471 12.873 11.361 13.941 14.372 17.141 18.685 11.821 10.338 12.846 19.781 18.257 18.747 23.512 10.628 10.149 12.427 12.123 12.731 11.185 10.129 12.451 10.402 11.343 14.618 8.985
5.09 7.219 8.396 6.513 7.897 10.515 9.744 7.993 9.438 6.457 8.286 8.397 8.183 8.249 8.036 16.887 15.736 12.702 12.982 9.93 18.246 8.364 7.849 11.818 15.472 16.05 9.721 15.783 18.767 18.68 16.915 19.838 19.255 15.861 12.989 13.992 17.502 21.347 21.085 12.737 15.047 13.353 16.807 17.042 20.013 21.072 12.555 11.248 14.64 22.54 19.609 19.444 23.812 9.872 10.116 13.104 12.767 13.422 11.606 10.514 13.225 10.822 12.023 15.583 9.005
4.186 5.443 6.205 5.023 5.811 7.533 7.366 6.31 7.166 5.12 6.027 6.021 5.831 5.803 5.596 10.728 11.136 9.744 9.944 7.799 12.822 6.696 5.962 7.966 10.127 11.09 7.394 10.795 12.885 13.499 12.715 14.597 14.501 12.358 10.173 10.446 12.435 15.084 15.615 10.314 11.449 10.21 12.257 12.698 15.063 16.497 10.87 9.612 11.641 16.957 15.859 16.185 19.686 9.397 8.957 10.651 10.284 10.684 9.524 8.729 10.513 8.925 9.587 11.973 7.714
5.257 7.238 8.368 6.549 7.82 10.34 9.705 8.025 9.363 6.475 8.093 8.155 7.893 7.879 7.605 15.568 14.824 12.143 12.389 9.562 17.071 8.123 7.465 10.879 14.151 14.796 9.116 14.333 17.086 17.191 15.684 18.291 17.942 14.951 12.292 13.113 16.224 19.76 19.734 12.229 14.208 12.679 15.817 16.173 19.095 20.409 12.583 11.278 14.491 22.226 19.837 19.928 24.643 10.755 10.803 13.777 13.461 14.145 12.354 11.252 14.043 11.607 12.782 16.471 9.823
4.237 5.547 6.383 5.112 5.987 8.048 7.89 6.602 7.526 5.206 6.19 6.239 6.086 6.061 5.822 12.199 12.647 10.721 10.844 8.267 14.323 7.028 6.113 8.264 11.162 12.486 7.879 11.704 14.433 15.168 14.001 16.185 16.041 13.372 10.707 10.912 13.284 16.659 17.241 10.834 11.901 10.425 12.763 13.342 16.086 17.636 11.042 9.448 11.418 17.647 16.548 16.821 20.756 9.19 8.535 10.149 9.948 10.513 9.283 8.383 10.222 8.565 9.257 11.946 7.421
4.392 6.069 7.025 5.474 6.561 8.763 8.247 6.819 7.983 5.444 6.787 6.809 6.579 6.552 6.296 13.234 12.596 10.387 10.668 8.156 14.784 6.853 6.217 9.022 11.836 12.477 7.636 12.079 14.46 14.637 13.394 15.731 15.434 12.804 10.415 11.009 13.632 16.742 16.807 10.325 11.94 10.533 13.18 13.504 16.112 17.362 10.613 9.409 12.048 18.806 16.831 17.105 21.467 9.191 9.091 11.511 11.222 11.843 10.323 9.364 11.734 9.654 10.66 13.871 8.188
4.435 5.692 6.474 5.332 6.147 7.816 7.568 6.535 7.451 5.472 6.441 6.413 6.159 6.077 5.863 10.764 11.064 9.926 10.453 8.509 13.658 7.264 6.501 8.613 10.701 11.319 7.686 11.211 13.548 14.162 13.413 15.478 15.487 13.273 11.058 11.413 13.445 15.834 16.041 10.882 12.236 11.167 13.394 13.755 15.989 17.353 11.79 10.659 13.002 18.495 16.741 16.641 19.826 9.706 9.347 11.105 10.625 10.77 9.45 8.651 10.385 8.944 9.663 11.971 7.843
4.359 5.8 6.631 5.372 6.308 8.088 7.644 6.474 7.441 5.398 6.622 6.722 6.594 6.647 6.512 12.295 11.769 9.895 10.091 8.031 13.47 6.982 6.541 9.211 11.699 12.211 8.024 12.025 14.086 14.176 13.111 15.069 14.763 12.541 10.544 11.163 13.527 16.154 16.131 10.525 12.011 10.859 13.187 13.423 15.464 16.273 10.492 9.461 11.776 17.138 15.393 15.357 18.349 8.649 8.668 10.734 10.546 11.015 9.741 8.925 10.813 9.158 9.984 12.467 7.85
4.302 5.868 6.785 5.332 6.374 8.51 8.049 6.691 7.805 5.372 6.659 6.708 6.516 6.518 6.296 13.239 12.682 10.531 10.816 8.312 14.906 7.029 6.356 9.144 12.053 12.791 7.928 12.425 14.912 15.147 13.894 16.269 15.97 13.279 10.816 11.371 14.011 17.19 17.284 10.734 12.285 10.838 13.463 13.787 16.376 17.572 10.827 9.522 11.992 18.508 16.565 16.746 20.749 9.04 8.801 10.971 10.675 11.23 9.803 8.874 11.004 9.079 9.972 12.912 7.73
4.871 6.357 7.249 5.844 6.805 8.975 8.848 7.51 8.51 5.982 7.057 7.074 6.901 6.9 6.663 13.356 14.121 12.195 12.308 9.485 15.865 8.1 7.122 9.508 12.418 13.945 9.112 13.359 16.164 17.098 15.95 18.271 18.105 15.253 12.342 12.563 15.057 18.611 19.384 12.514 13.757 12.108 14.619 15.227 18.225 19.969 12.826 11.104 13.312 19.728 18.574 18.862 22.911 10.543 9.85 11.591 11.212 11.766 10.476 9.546 11.549 9.744 10.486 13.278 8.446
4.308 5.909 6.949 5.347 6.455 8.991 8.533 6.976 8.21 5.391 6.659 6.683 6.451 6.394 6.08 14.195 13.618 11.183 11.542 8.564 16.342 7.06 6.123 8.818 12.254 13.32 7.869 12.608 15.59 16.012 14.579 17.356 17.006 13.871 10.964 11.34 14.218 18.062 18.322 10.892 12.324 10.608 13.438 13.951 17.15 18.799 11.099 9.441 11.907 19.847 17.818 18.316 23.534 9.502 8.892 11.048 10.818 11.541 9.979 8.901 11.25 9.147 10.095 13.591 7.797
4.56 5.903 6.76 5.535 6.366 8.133 7.914 6.841 7.789 5.654 6.626 6.598 6.374 6.352 6.186 11.583 11.999 10.727 11.125 8.837 14.108 7.462 6.689 8.919 11.181 12.023 8.252 12.138 14.502 15.006 14.234 16.355 16.15 13.754 11.429 11.773 13.872 16.477 16.931 11.467 12.84 11.593 13.826 14.197 16.642 18.143 12.179 10.883 13.14 18.552 16.851 16.92 20.163 9.781 9.354 11.048 10.556 10.788 9.615 8.9 10.74 9.227 9.933 12.279 8.013
4.803 6.484 7.445 5.979 7.078 9.162 8.619 7.251 8.387 6.007 7.452 7.569 7.427 7.499 7.349 14.262 13.552 11.296 11.525 9.082 15.568 7.838 7.349 10.516 13.468 14.048 9.071 13.854 16.282 16.344 15.043 17.372 16.96 14.293 11.935 12.671 15.465 18.568 18.49 11.847 13.606 12.231 14.966 15.206 17.578 18.466 11.668 10.477 13.144 19.37 17.242 17.161 20.575 9.4 9.442 11.79 11.561 12.098 10.639 9.712 11.857 9.966 10.917 13.755 8.488
3.743 4.862 5.541 4.502 5.221 6.768 6.57 5.587 6.333 4.543 5.389 5.433 5.303 5.3 5.133 9.898 10.05 8.629 8.771 6.899 11.405 5.946 5.333 7.21 9.338 10.182 6.705 9.79 11.734 12.185 11.347 12.984 12.873 10.944 9.032 9.346 11.233 13.652 13.98 9.176 10.211 9.164 11.095 11.504 13.553 14.634 9.568 8.464 10.284 15.027 13.898 13.993 16.809 8.027 7.685 9.218 9.017 9.418 8.396 7.699 9.269 7.87 8.456 10.552 6.804
4.281 5.593 6.37 5.208 6.062 7.711 7.331 6.25 7.129 5.238 6.347 6.446 6.322 6.363 6.231 11.507 11.115 9.422 9.599 7.712 12.656 6.759 6.299 8.742 11.048 11.558 7.713 11.345 13.281 13.412 12.453 14.238 14.013 11.994 10.138 10.699 12.875 15.308 15.336 10.194 11.53 10.489 12.642 12.901 14.81 15.61 10.285 9.283 11.432 16.405 14.877 14.85 17.63 8.623 8.561 10.496 10.328 10.76 9.575 8.802 10.562 9.014 9.762 12.079 7.79
5.292 7.052 8.124 6.493 7.687 10.153 9.677 8.112 9.36 6.584 8.073 8.198 8.032 8.085 7.877 16.088 15.635 13.115 13.376 10.386 18.019 8.883 8.039 11.393 14.998 16.015 10.189 15.556 18.651 19.002 17.476 20.227 19.854 16.607 13.604 14.227 17.374 21.182 21.343 13.551 15.286 13.587 16.654 17.053 19.991 21.248 13.341 11.668 14.387 21.56 19.389 19.384 23.41 10.578 10.182 12.502 12.216 12.809 11.266 10.228 12.483 10.423 11.363 14.519 8.969
4.811 6.295 7.27 5.801 6.806 9.229 9.064 7.564 8.638 5.928 7.046 7.101 6.92 6.883 6.598 14.104 14.657 12.419 12.562 9.513 16.67 8.067 6.952 9.405 12.812 14.385 9.006 13.434 16.665 17.552 16.189 18.776 18.604 15.445 12.285 12.471 15.22 19.206 19.922 12.414 13.587 11.837 14.517 15.196 18.418 20.274 12.589 10.682 12.894 20.207 18.99 19.371 24.079 10.507 9.666 11.471 11.239 11.896 10.478 9.425 11.524 9.63 10.421 13.561 8.356
3.949 5.632 6.556 5.034 6.112 8.216 7.633 6.234 7.381 4.958 6.336 6.371 6.157 6.154 5.931 12.738 11.914 9.627 9.884 7.486 13.979 6.235 5.761 8.646 11.385 11.877 7.076 11.566 13.837 13.858 12.559 14.828 14.458 11.875 9.637 10.34 12.972 15.954 15.855 9.475 11.204 9.878 12.528 12.774 15.228 16.277 9.65 8.627 11.307 17.808 15.625 15.718 19.713 8.032 8.175 10.622 10.336 10.911 9.425 8.533 10.836 8.812 9.805 12.844 7.336
3.935 5.185 6.011 4.772 5.627 7.632 7.419 6.185 7.111 4.871 5.843 5.895 5.736 5.709 5.479 11.795 11.945 10.099 10.282 7.8 13.821 6.598 5.721 7.87 10.694 11.827 7.374 11.152 13.755 14.354 13.229 15.415 15.23 12.636 10.093 10.315 12.631 15.844 16.301 10.142 11.196 9.775 12.029 12.525 15.124 16.551 10.244 8.733 10.64 16.706 15.464 15.773 19.643 8.55 7.919 9.51 9.304 9.825 8.624 7.755 9.518 7.92 8.598 11.215 6.849
3.784 4.923 5.616 4.55 5.281 6.838 6.595 5.601 6.376 4.571 5.444 5.48 5.326 5.298 5.11 9.826 9.786 8.378 8.564 6.757 11.268 5.831 5.245 7.133 9.201 9.886 6.468 9.493 11.344 11.696 10.89 12.53 12.44 10.592 8.776 9.125 10.994 13.317 13.569 8.898 9.955 8.953 10.865 11.236 13.226 14.293 9.362 8.333 10.216 15.07 13.925 14.12 17.172 8.216 7.941 9.626 9.443 9.866 8.779 8.046 9.711 8.238 8.878 11.118 7.133
5.479 7.235 8.251 6.68 7.795 9.973 9.466 8.024 9.185 6.651 8.072 8.151 7.944 7.946 7.721 14.431 13.923 11.751 11.985 9.544 15.883 8.283 7.675 10.676 13.507 14.126 9.284 13.762 16.136 16.309 15.116 17.356 17.097 14.579 12.25 12.931 15.622 18.667 18.737 12.299 13.988 12.672 15.384 15.738 18.239 19.394 12.657 11.45 14.268 20.856 18.979 19.12 23.124 11.056 11.051 13.69 13.483 14.108 12.533 11.526 13.991 11.884 12.931 16.16 10.264
5.046 6.677 7.709 6.159 7.266 9.703 9.33 7.793 8.944 6.229 7.541 7.663 7.509 7.534 7.304 15.25 15.09 12.656 12.868 9.889 17.217 8.391 7.467 10.413 14.032 15.289 9.641 14.576 17.754 18.278 16.773 19.391 19.08 15.901 12.894 13.356 16.351 20.213 20.54 12.951 14.454 12.793 15.734 16.282 19.324 20.729 12.94 11.198 13.683 20.84 18.932 18.987 23.035 10.262 9.705 11.792 11.597 12.229 10.785 9.782 11.952 9.981 10.831 13.93 8.615
3.881 5.06 5.76 4.634 5.379 7.045 6.919 5.887 6.689 4.713 5.552 5.528 5.338 5.286 5.056 9.906 10.364 8.98 9.122 7.075 11.842 6.063 5.341 7.105 9.115 10.075 6.581 9.628 11.571 12.204 11.439 13.18 13.131 11.132 9.063 9.258 11.073 13.609 14.173 9.202 10.169 8.978 10.831 11.27 13.515 14.943 9.726 8.526 10.341 15.441 14.7 15.169 18.803 8.788 8.335 9.915 9.6 10.061 8.959 8.175 9.903 8.374 9.034 11.442 7.286
5.05 6.43 7.288 6.028 6.969 8.858 8.575 7.418 8.48 6.255 7.364 7.308 6.973 6.834 6.555 12.012 12.467 11.277 12.01 9.879 15.876 8.382 7.443 9.798 12.129 12.784 8.622 12.556 15.394 16.253 15.338 17.756 17.936 15.364 12.737 13.101 15.404 18.077 18.219 12.367 13.937 12.764 15.316 15.68 18.124 19.68 13.463 12.203 14.913 21.27 19.201 19.006 22.81 11.244 10.802 12.798 12.193 12.269 10.647 9.673 11.609 10.043 10.881 13.519 8.86
