3.816 3.281 6.396 4.761 7.847 10.84 10.926 9.786 10.525 4.826 5.832 13.597 9.626 4.73 3.138 16.062 18.547 13.967 12.754 13.396 21.618 11.464 9.012 8.136 16.675 13.989 8.431 11.404 14.96 17.702 20.983 22.387 18.337 15.25 20.177 12.362 21.83 29.604 30.007 16.872 16.807 14.443 14.216 16.998 22.638 27.232 15.986 16.981 19.918 19.275 18.166 16.673 28.943 14.026 12.668 17.282 18.867 21.949 19.25 16.589 20.793 19.052 14.694 19.04 9.021
4.281 3.667 7.302 5.452 9.523 14.144 14.342 12.591 12.864 5.487 6.604 15.851 11.156 5.375 3.517 19.631 23.179 16.361 14.345 14.482 22.962 11.477 8.984 8.102 17.564 15.027 8.851 12.098 16.226 19.623 23.968 25.576 20.669 17.301 23.149 13.648 24.171 31.86 30.2 15.697 15.313 12.997 12.925 15.885 22.042 27.928 16.306 17.693 21.03 20.419 19.175 17.405 30.805 14.315 12.898 17.763 19.58 22.962 19.321 16.25 20.405 18.878 14.736 19.718 9.293
4.29 3.66 7.355 5.44 9.348 13.317 13.247 11.667 12.003 5.175 6.25 15.009 10.325 4.965 3.24 18.298 20.392 14.564 12.891 13.16 20.931 10.582 8.309 7.534 16.265 13.523 7.938 10.845 14.392 17.017 20.556 22.064 18.071 15.285 20.585 12.196 21.606 28.3 27.215 14.417 14.181 12.087 11.993 14.615 19.919 24.932 14.74 16.095 19.282 18.804 17.788 16.263 29.055 13.642 12.353 17.172 18.885 22.159 18.769 15.917 20.222 18.872 14.845 20.061 9.437
4.662 4.046 8.359 6.125 10.742 15.239 14.881 12.929 13.277 5.659 6.983 17.126 11.473 5.447 3.593 21.302 23.069 15.845 13.921 14.284 22.886 11.306 8.954 8.224 18.222 14.876 8.62 12.038 16.07 18.89 22.614 23.954 19.355 16.347 22.238 13.024 23.514 30.573 28.877 15.027 15.011 12.908 12.948 15.951 21.829 27.108 15.701 17.303 20.841 20.237 19.092 17.458 31.427 14.422 13.181 18.611 20.445 23.919 20.071 16.995 21.757 20.215 15.85 21.641 10.059
4.391 3.74 7.332 5.404 9.068 13.207 13.861 12.552 12.963 5.59 6.663 15.527 10.886 5.301 3.478 18.726 22.096 16.523 14.601 14.702 23.021 11.735 9.146 8.198 17.142 14.513 8.663 11.795 15.633 18.723 23.282 25.519 20.976 17.593 23.32 13.819 24.11 31.887 31.135 16.396 15.84 13.307 13.014 15.687 21.46 27.605 16.652 18.091 21.44 20.792 19.596 17.823 31.4 14.913 13.39 18.282 19.903 23.363 19.939 16.873 21.172 19.623 15.342 20.401 9.648
3.458 3.033 6.641 4.777 8.8 12.685 12.24 10.464 10.731 4.431 5.641 14.636 9.536 4.357 2.866 19.203 20.58 13.634 11.697 11.987 19.611 9.333 7.402 6.902 16.181 13.002 7.322 10.603 14.462 17.081 20.446 21.455 16.982 14.203 19.622 11.25 20.955 27.207 25.178 12.621 12.701 10.963 11.103 13.885 19.197 23.704 13.225 14.586 17.635 16.954 15.842 14.376 26.256 11.557 10.536 15.159 16.606 19.339 15.895 13.251 17.045 15.654 12.103 16.753 7.532
4.085 3.536 6.99 5.236 8.918 13.045 13.436 11.962 12.248 5.339 6.431 14.982 10.593 5.211 3.469 18.561 21.688 15.761 13.826 13.925 21.65 11.065 8.692 7.884 16.604 14.205 8.533 11.653 15.475 18.568 22.76 24.44 19.897 16.686 22.063 13.174 22.91 29.938 28.623 15.087 14.655 12.463 12.359 15.062 20.655 26.166 15.626 16.909 19.967 19.319 18.134 16.47 28.556 13.589 12.237 16.709 18.234 21.24 17.985 15.187 18.925 17.483 13.694 18.115 8.694
4.463 3.936 7.923 5.97 10.092 14.005 13.705 11.989 12.263 5.443 6.687 15.572 10.787 5.32 3.606 19.135 20.838 14.735 13.011 13.291 20.686 10.66 8.533 7.912 16.715 13.925 8.331 11.414 15.009 17.488 20.712 21.89 17.89 15.212 20.307 12.256 21.368 27.5 26.155 14.063 14.01 12.166 12.236 14.938 20.089 24.661 14.715 16.083 19.19 18.697 17.706 16.259 28.314 13.553 12.432 17.262 18.938 21.986 18.622 15.868 20.037 18.74 14.881 19.981 9.639
3.813 3.243 6.363 4.683 7.877 11.549 12.165 11.005 11.349 4.875 5.807 13.561 9.515 4.629 3.033 16.407 19.452 14.538 12.81 12.876 20.186 10.269 7.993 7.154 14.984 12.714 7.589 10.342 13.714 16.462 20.525 22.484 18.438 15.435 20.457 12.099 21.149 28.014 27.342 14.341 13.835 11.601 11.34 13.686 18.778 24.227 14.575 15.818 18.727 18.154 17.105 15.542 27.42 12.99 11.65 15.897 17.308 20.355 17.362 14.671 18.401 17.042 13.309 17.703 8.352
4.124 3.513 6.915 5.096 8.303 11.31 10.983 9.406 9.365 4.166 4.965 11.886 8.406 3.971 2.612 14.068 15.99 11.138 9.828 10.95 17.737 9.281 7.291 6.579 13.971 11.484 6.626 9.073 12.072 14.474 17.675 19.502 16.702 14.236 18.849 11.192 19.338 25.536 25.215 13.819 13.643 11.37 11.225 14.057 18.683 22.765 13.153 14.171 17.381 17.182 15.924 15.568 27.672 13.449 12.05 16.415 17.831 20.766 17.362 14.454 17.864 16.385 12.535 16.868 8.122
3.472 2.926 5.587 4.052 6.597 8.948 8.828 7.836 7.989 3.58 4.273 9.741 6.701 3.311 2.188 11.311 13.557 10.252 9.304 9.6 15.1 7.912 6.14 5.728 12.094 10.347 6.099 8.431 11.174 13.345 15.927 16.827 13.83 11.79 15.943 9.737 17.295 22.791 22.478 12.184 11.762 9.829 9.886 11.829 16.208 20.595 12.318 14.014 17.022 16.824 15.809 14.382 25.205 12.016 10.671 14.365 15.407 17.648 14.987 12.867 16.177 15.261 11.946 15.748 7.483
3.789 3.194 6.354 4.683 8.134 11.921 11.99 10.564 10.873 4.592 5.486 13.372 9.18 4.365 2.806 16.086 18.504 13.142 11.631 11.821 19.025 9.396 7.321 6.548 14.3 11.941 6.945 9.459 12.646 15.137 18.495 19.895 16.177 13.605 18.409 10.737 19.268 25.514 24.468 12.77 12.521 10.569 10.437 12.763 17.678 22.501 13.137 14.396 17.305 16.891 15.977 14.578 26.55 12.191 11.025 15.365 17 20.148 17.04 14.43 18.443 17.18 13.447 18.291 8.478
3.803 3.339 6.965 5.2 9.176 13.041 12.743 11.083 11.359 4.904 6.096 14.918 10.107 4.876 3.265 19.251 20.688 14.283 12.55 12.855 20.368 10.174 8.11 7.535 16.696 13.748 8.086 11.357 15.248 17.964 21.437 22.59 18.213 15.361 20.736 12.234 21.861 28.113 26.274 13.722 13.66 11.806 11.9 14.683 19.988 24.529 14.238 15.531 18.518 17.864 16.759 15.257 26.826 12.394 11.277 15.776 17.241 19.955 16.64 13.99 17.634 16.286 12.76 17.232 8.093
3.606 3.094 6.587 4.78 8.59 12.374 12.138 10.545 10.842 4.476 5.544 14.033 9.303 4.328 2.798 17.739 19.15 13.188 11.595 11.866 19.26 9.309 7.3 6.656 15.124 12.289 7.038 9.918 13.356 15.814 19.103 20.336 16.344 13.708 18.774 10.77 19.809 25.961 24.543 12.534 12.457 10.585 10.576 13.104 18.134 22.73 12.946 14.287 17.267 16.734 15.76 14.344 26.388 11.748 10.687 15.219 16.761 19.756 16.476 13.847 17.855 16.529 12.84 17.727 7.971
4.459 3.864 7.645 5.737 9.722 13.865 13.886 12.242 12.535 5.495 6.637 15.507 10.871 5.324 3.54 18.852 21.479 15.394 13.582 13.792 21.589 11.044 8.718 7.942 16.807 14.213 8.463 11.501 15.222 18.061 21.807 23.303 19.061 16.111 21.489 12.876 22.505 29.379 28.132 14.976 14.718 12.622 12.588 15.361 20.939 26.218 15.646 17.045 20.311 19.794 18.698 17.099 29.923 14.277 12.963 17.874 19.628 22.894 19.428 16.506 20.762 19.342 15.257 20.359 9.789
3.459 3.076 6.57 4.861 8.611 12.154 11.777 10.186 10.435 4.436 5.609 13.838 9.276 4.419 2.974 17.868 19.051 13.019 11.415 11.705 18.648 9.198 7.357 6.876 15.345 12.535 7.317 10.377 13.915 16.313 19.409 20.411 16.374 13.803 18.754 10.951 19.829 25.539 23.826 12.3 12.354 10.682 10.799 13.377 18.231 22.358 12.799 14.073 16.877 16.28 15.288 13.92 24.832 11.231 10.301 14.59 15.97 18.536 15.376 12.904 16.437 15.187 11.863 16.207 7.448
4.378 3.927 8.804 6.39 11.677 16.658 16.006 13.666 13.973 5.719 7.411 19.116 12.539 5.739 3.826 25.288 26.92 17.92 15.433 15.782 25.573 12.207 9.699 9.121 21.249 17.143 9.716 14.116 19.198 22.576 26.895 28.153 22.246 18.568 25.578 14.592 27.194 35.2 32.529 16.248 16.384 14.157 14.405 18.071 24.903 30.584 16.997 18.748 22.642 21.743 20.311 18.399 33.487 14.626 13.392 19.341 21.209 24.655 20.192 16.77 21.566 19.82 15.308 21.23 9.438
3.342 2.799 5.442 3.959 6.606 9.657 10.219 9.296 9.621 4.097 4.83 11.3 7.9 3.8 2.45 13.294 15.907 12.006 10.614 10.665 16.853 8.562 6.615 5.859 12.235 10.319 6.099 8.251 10.908 13.076 16.381 18.134 14.963 12.526 16.651 9.805 17.188 23.017 22.807 11.975 11.509 9.577 9.277 11.123 15.254 19.864 12.01 13.066 15.541 15.142 14.345 13.076 23.448 11.129 9.966 13.622 14.867 17.644 15.171 12.864 16.255 15.155 11.863 15.9 7.444
3.964 3.313 6.404 4.723 7.906 11.34 11.607 10.459 10.88 4.774 5.633 13.198 9.371 4.54 2.921 15.598 18.409 13.743 12.304 12.579 19.95 10.395 8.067 7.182 15.003 12.688 7.485 9.983 13.152 15.69 19.277 21.214 17.797 15.148 20.237 12.174 21.07 27.903 27.458 14.81 14.304 12.034 11.719 14.003 18.889 23.831 14.422 15.6 18.598 18.214 17.249 15.747 27.815 13.455 12.012 16.365 17.921 20.993 17.939 15.213 19.125 17.889 14.062 18.707 8.898
3.891 3.432 6.89 5.198 8.755 12.122 11.862 10.376 10.602 4.711 5.778 13.383 9.295 4.59 3.111 16.307 17.799 12.621 11.138 11.362 17.629 9.107 7.285 6.748 14.178 11.827 7.084 9.673 12.683 14.751 17.441 18.42 15.061 12.804 17.054 10.308 17.914 23.043 21.949 11.827 11.776 10.225 10.28 12.538 16.843 20.678 12.369 13.518 16.129 15.73 14.91 13.703 23.844 11.45 10.512 14.591 16.022 18.617 15.797 13.479 17.032 15.955 12.688 17.041 8.235
3.274 2.795 5.494 4.057 6.848 10.068 10.598 9.569 9.854 4.241 5.063 11.818 8.308 4.053 2.665 14.407 17.068 12.707 11.178 11.229 17.557 8.933 6.962 6.245 13.093 11.138 6.665 9.098 12.074 14.509 18.064 19.715 16.129 13.492 17.856 10.572 18.454 24.371 23.672 12.408 11.972 10.057 9.853 11.914 16.36 21.063 12.649 13.71 16.205 15.686 14.753 13.39 23.517 11.137 9.988 13.617 14.82 17.392 14.805 12.498 15.64 14.458 11.285 14.98 7.086
3.586 3.089 6.105 4.53 7.605 10.883 11.066 9.813 10.051 4.363 5.249 12.218 8.544 4.166 2.755 14.652 16.838 12.247 10.765 10.887 17.06 8.727 6.852 6.199 13.01 10.985 6.535 8.877 11.679 13.84 16.879 18.179 14.882 12.536 16.694 9.962 17.439 22.931 22.233 11.771 11.517 9.802 9.711 11.807 16.126 20.46 12.259 13.364 15.927 15.553 14.736 13.482 23.786 11.356 10.298 14.195 15.579 18.319 15.63 13.294 16.79 15.683 12.369 16.562 7.906
4.141 3.592 7.455 5.556 9.813 14.065 13.864 12.12 12.446 5.34 6.581 16.165 10.989 5.288 3.5 20.749 22.552 15.762 13.887 14.192 22.569 11.251 8.916 8.21 18.179 15.017 8.828 12.333 16.568 19.617 23.58 25.013 20.217 17.03 22.983 13.504 24.152 31.225 29.352 15.313 15.153 12.99 13.01 16.006 21.85 27.002 15.674 17.079 20.356 19.646 18.434 16.754 29.671 13.639 12.362 17.25 18.863 21.919 18.291 15.358 19.379 17.892 13.985 18.907 8.81
3.773 3.268 6.566 4.896 8.313 11.66 11.508 10.103 10.36 4.525 5.498 12.947 8.947 4.346 2.88 15.612 17.222 12.261 10.826 11.038 17.347 8.865 7.005 6.399 13.591 11.305 6.679 9.086 11.94 13.961 16.652 17.72 14.502 12.283 16.442 9.833 17.24 22.431 21.555 11.524 11.396 9.795 9.775 11.913 16.133 20.06 11.955 13.082 15.686 15.346 14.57 13.387 23.737 11.307 10.323 14.387 15.866 18.611 15.851 13.536 17.242 16.196 12.847 17.383 8.298
3.841 3.438 6.924 5.291 8.91 12.275 11.956 10.448 10.668 4.815 5.965 13.721 9.575 4.807 3.325 17.166 18.572 13.137 11.608 11.862 18.267 9.515 7.708 7.236 15.15 12.674 7.699 10.588 13.913 16.161 19.023 19.987 16.313 13.91 18.471 11.242 19.435 24.737 23.318 12.615 12.623 11.038 11.155 13.609 18.157 22.021 13.157 14.333 16.988 16.479 15.565 14.273 24.421 11.742 10.808 14.918 16.289 18.743 15.792 13.414 16.786 15.646 12.445 16.596 8.077
4.197 3.449 7.354 5.286 9.862 14.846 14.823 12.935 13.356 5.341 6.457 17.17 11.261 5.119 3.167 21.988 24.32 16.764 14.74 15.035 24.989 11.732 9.02 8.028 18.955 15.373 8.655 12.22 16.772 20.286 25.041 26.94 21.531 17.891 24.717 13.833 25.976 34.524 32.623 16.3 15.959 13.278 13.095 16.277 23.006 29.415 16.447 18.08 21.875 21.125 19.805 17.883 33.802 14.566 13.03 18.559 20.492 24.409 20.227 16.833 21.77 19.996 15.33 21.317 9.3
4.503 3.88 7.556 5.635 9.284 12.804 12.696 11.357 11.874 5.373 6.458 14.708 10.312 5.054 3.347 16.925 19.142 14.119 12.655 13.071 20.348 10.607 8.33 7.548 15.49 12.973 7.708 10.273 13.371 15.728 18.941 20.53 17.34 14.868 19.7 11.956 20.4 26.421 25.806 14.174 13.946 11.961 11.811 14.137 18.778 23.217 14.286 15.686 18.874 18.58 17.61 16.14 28.053 13.77 12.505 17.174 18.838 21.899 18.705 16.051 20.319 19.145 15.204 20.225 9.812
4.706 4.023 8.008 5.928 10.167 14.598 14.484 12.68 12.992 5.543 6.668 15.95 10.96 5.244 3.415 18.901 21.382 15.064 13.315 13.522 21.496 10.691 8.387 7.555 16.268 13.545 7.898 10.722 14.192 16.777 20.197 21.499 17.45 14.705 19.795 11.621 20.673 27.124 25.891 13.611 13.447 11.437 11.352 13.874 19.058 24.002 14.066 15.451 18.571 18.149 17.194 15.739 28.386 13.166 12.01 16.771 18.57 21.933 18.59 15.823 20.24 18.928 14.908 20.272 9.504
3.677 3.129 6.153 4.521 7.599 11.102 11.597 10.412 10.699 4.581 5.466 12.791 8.955 4.345 2.844 15.395 18.149 13.462 11.82 11.886 18.697 9.506 7.404 6.631 13.919 11.797 7.019 9.56 12.638 15.126 18.797 20.506 16.788 14.06 18.689 11.055 19.408 25.743 25.151 13.172 12.75 10.714 10.502 12.711 17.466 22.52 13.499 14.67 17.409 16.935 16.004 14.573 25.839 12.239 11.008 15.075 16.464 19.437 16.591 14.037 17.669 16.419 12.856 17.172 8.095
3.758 3.222 6.436 4.817 8.4 12.311 12.346 10.832 11.096 4.748 5.727 13.826 9.614 4.634 3.035 17.085 19.707 13.896 12.246 12.422 19.731 9.846 7.734 7 15.251 12.887 7.581 10.381 13.935 16.725 20.316 21.66 17.545 14.748 19.816 11.674 20.75 27.213 25.799 13.47 13.221 11.26 11.216 13.781 19.036 23.957 14 15.253 18.187 17.66 16.611 15.114 26.821 12.451 11.257 15.578 17.158 20.09 16.904 14.254 17.965 16.636 13.013 17.476 8.229
