5.317 5.359 10.047 4.465 7.43 8.433 10.706 8.877 9.552 4.395 5.76 10.115 6.738 4.046 2.439 14.342 16.475 13.712 11.452 8.055 17.153 6.233 3.591 4.314 13.553 9.631 6.255 10.837 12.785 18.59 20.244 23.858 18.931 14.333 17.052 8.347 19.191 26.46 25.473 14.856 13.649 10.751 12.869 15.375 20.115 26.71 12.327 14.845 22.167 19.43 16.915 18.945 28.035 12.85 12.744 16.133 19.009 19.876 14.712 14.97 19.667 18 14.029 17.239 8.66
5.565 5.708 11.466 4.784 8.551 9.528 12.474 10.094 10.941 4.728 6.296 11.568 7.635 4.36 2.545 17.548 19.96 16.282 13.4 9.211 20.952 7.067 3.887 4.482 15.817 10.925 7.164 12.78 15.428 23.412 25.507 29.881 22.827 16.988 19.995 9.276 21.942 30.645 28.942 16.069 14.652 11.414 14.137 16.794 22.933 30.787 13.194 16.338 23.996 20.392 17.735 20.163 31.157 13.477 13.608 17.529 21.069 22.381 16.241 16.231 21.503 19.208 14.81 18.86 9.04
6.628 6.798 12.809 5.682 9.76 10.85 14.033 11.705 12.605 5.673 7.43 12.792 8.724 5.147 3.133 18.12 21.886 18.963 15.653 10.839 22.915 8.324 4.721 5.521 16.915 12.073 8.184 14.23 17.093 25.682 28.99 34.103 26.441 19.761 22.732 10.916 24.226 33.671 33.045 18.876 17.13 13.46 16.33 19.092 25.782 35.062 15.919 19.509 27.824 24.008 21.04 23.601 35.407 16.226 16.294 20.509 24.253 25.911 19.267 19.202 24.911 22.485 17.519 21.762 10.895
5.869 6.119 12.034 5.14 9.121 10.101 12.94 10.438 11.246 4.998 6.751 12.225 8.117 4.738 2.866 18.574 20.531 16.284 13.367 9.377 20.921 7.249 4.135 4.917 16.918 11.643 7.709 13.665 16.283 23.927 25.44 29.119 22.256 16.787 19.94 9.537 22.377 30.654 28.558 16.002 14.895 11.896 14.9 17.711 23.777 31.031 13.531 16.896 24.568 20.941 18.265 20.734 31.264 13.905 14.207 18.341 21.871 23.018 16.845 16.9 22.152 19.84 15.438 19.524 9.667
6.068 6.209 11.511 5.126 8.693 9.538 12.146 10.114 10.802 4.865 6.323 11.014 7.543 4.344 2.623 15.172 17.486 14.725 12.322 8.553 18.829 6.878 3.91 4.529 14.216 10.009 6.548 11.109 12.956 19.274 21.427 25.571 20.769 15.939 19.104 9.344 20.791 28.938 28.058 16.046 15.083 11.737 14.593 16.924 22.536 29.92 13.864 17.031 24.555 21.432 18.819 21.172 31.981 14.626 14.923 18.785 22.304 23.922 17.772 17.954 23.394 21.111 16.455 20.973 10.578
6.272 6.577 12.638 5.522 9.633 10.553 13.286 10.804 11.603 5.282 7.181 12.593 8.436 4.991 3.104 18.561 19.895 15.969 13.188 9.357 20.246 7.328 4.28 5.243 16.794 11.514 7.663 13.237 15.427 21.928 23.347 26.817 20.884 15.966 18.934 9.269 21.296 28.72 27.002 15.507 14.498 11.717 14.624 17.183 22.654 29.368 13.18 16.499 23.931 20.59 18.168 20.711 31.199 14.198 14.667 18.956 22.574 23.84 17.65 17.834 23.487 21.282 16.76 21.278 10.644
6.106 6.489 13.074 5.385 9.85 10.824 13.763 10.983 11.831 5.136 7.243 13.239 8.589 4.92 3 20.669 22.014 17.146 13.796 9.534 21.826 7.375 4.204 5.304 18.657 12.307 7.914 14.381 16.88 24.382 25.793 29.525 22.43 16.801 20.203 9.496 23.289 31.694 29.352 16.141 15.076 12.091 15.423 18.302 24.432 31.809 13.467 17.157 25.394 21.472 18.698 21.445 32.83 14.164 14.716 19.366 23.194 24.374 17.596 17.757 23.688 21.201 16.395 21.108 10.118
6.935 7.172 13.39 6.052 10.27 11.298 14.301 11.794 12.608 5.81 7.666 13.133 9.007 5.358 3.315 18.46 21.197 17.55 14.523 10.248 21.54 8.005 4.635 5.507 16.781 12.027 8.106 13.758 16.204 23.563 25.681 29.722 23.283 17.731 20.692 10.196 22.703 31.179 29.951 17.34 16.002 12.85 15.828 18.634 24.859 32.817 15.058 18.601 26.713 23.255 20.533 23.199 34.673 16.198 16.495 21.033 24.998 26.546 19.893 20.008 26.054 23.695 18.714 23.375 11.996
6.019 6.252 12.1 5.23 9.135 10.067 12.824 10.394 11.183 5.008 6.7 11.895 7.928 4.631 2.806 17.222 19.096 15.325 12.668 8.911 19.584 6.885 3.937 4.663 15.381 10.647 7.046 12.248 14.486 21.152 22.628 26.136 20.226 15.396 18.284 8.797 20.386 27.956 26.312 14.936 13.933 11.137 13.88 16.44 22.039 28.972 12.828 16.092 23.479 20.204 17.781 20.285 30.815 13.887 14.276 18.447 22.074 23.406 17.308 17.491 23.071 20.861 16.371 20.772 10.368
4.764 4.954 10.779 4.044 7.807 8.667 11.541 9.054 9.914 3.977 5.522 10.814 6.706 3.652 2.023 17.696 18.918 14.709 11.889 7.968 19.838 5.942 3.121 3.652 15.259 9.671 6.096 11.673 14.061 21.76 23.368 27.424 20.318 14.836 17.932 7.744 20.354 28.579 26.327 13.851 12.716 9.713 12.393 14.93 20.874 28.392 11.154 14.297 21.85 18.072 15.575 18.075 29.119 11.53 11.844 15.76 19.227 20.428 14.34 14.462 19.803 17.413 13.151 17.348 7.713
4.535 4.785 9.435 3.99 7.148 7.843 9.945 8.012 8.635 3.834 5.304 9.514 6.266 3.655 2.247 14.533 15.426 12.205 10.004 7.03 15.678 5.463 3.151 3.906 13.163 8.834 5.811 10.311 12.067 17.336 18.402 21.127 16.238 12.297 14.683 7.015 16.672 22.56 21.015 11.814 11.05 8.875 11.184 13.199 17.527 22.783 9.901 12.511 18.321 15.587 13.663 15.623 23.74 10.465 10.843 14.123 16.855 17.744 12.951 13.074 17.323 15.567 12.134 15.519 7.564
5.846 6.298 13.434 5.165 10.013 11.035 14.247 11.132 12.085 5.006 7.308 14.045 8.775 4.899 2.906 23.804 24.623 18.48 14.614 9.941 24.284 7.573 4.209 5.371 21.286 13.357 8.408 16.199 19.149 28.246 29.501 33.501 24.628 18.08 22.061 9.899 26.008 35.466 31.994 16.809 15.751 12.49 16.25 19.457 26.343 34.32 13.596 17.607 26.502 21.807 18.706 21.584 33.526 13.55 14.168 18.956 22.78 23.732 16.629 16.757 22.608 19.85 15.054 19.722 9.007
5.924 6.331 11.949 5.317 9.088 9.957 12.279 9.889 10.403 4.695 6.467 11.035 7.534 4.602 2.895 17.534 18.799 15.034 12.311 8.425 18.479 6.949 3.998 5.014 16.364 11.446 7.504 12.938 14.852 20.619 22.519 25.549 19.64 14.889 18.012 8.854 20.105 27.491 25.67 14.854 13.664 10.858 13.828 16.666 21.719 27.516 12.444 15.535 21.888 18.722 16.307 18.255 27.56 12.839 12.905 17.3 20.649 21.543 15.9 15.945 20.432 18.287 14.269 17.675 8.843
5.346 5.65 10.936 4.76 8.399 9.214 11.589 9.388 10.088 4.58 6.319 11.166 7.489 4.453 2.8 16.936 18.048 14.401 11.841 8.392 18.253 6.568 3.871 4.839 15.642 10.734 7.176 12.488 14.557 20.604 21.774 24.814 19.126 14.567 17.311 8.437 19.605 26.338 24.564 13.997 13.12 10.623 13.34 15.698 20.641 26.526 11.731 14.73 21.319 18.201 15.999 18.201 27.252 12.223 12.674 16.395 19.475 20.435 14.992 15.097 19.815 17.838 13.977 17.744 8.782
6.511 6.731 12.573 5.613 9.516 10.599 13.605 11.475 12.464 5.719 7.5 12.74 8.623 5.115 3.16 17.841 20.964 18.868 16.036 11.207 23.169 8.463 4.844 5.699 17.179 12.078 8.113 14.036 17.221 25.599 29.216 34.828 27.151 20.31 23.202 11.214 24.338 32.966 32.479 19.03 17.378 13.726 16.542 19.068 25.257 34.263 16.072 19.783 27.978 23.835 20.824 23.296 34.284 15.873 15.996 20.034 23.309 24.637 18.51 18.514 23.843 21.386 16.689 20.583 10.384
5.679 5.872 10.949 4.92 8.336 9.177 11.618 9.643 10.351 4.764 6.272 10.689 7.274 4.32 2.67 14.798 16.909 14.408 12.005 8.468 17.723 6.574 3.795 4.495 13.585 9.587 6.447 10.975 12.994 18.898 20.976 24.613 19.394 14.761 17.179 8.436 18.641 25.477 24.794 14.438 13.304 10.645 13.025 15.22 20.24 26.999 12.518 15.48 22.21 19.3 17.064 19.294 28.853 13.491 13.732 17.464 20.675 21.997 16.52 16.63 21.676 19.708 15.548 19.417 9.909
5.974 6.281 12.283 5.241 9.286 10.181 12.878 10.393 11.172 4.994 6.851 12.212 8.054 4.69 2.878 18.306 19.613 15.501 12.642 8.871 19.725 6.924 3.988 4.894 16.399 11.014 7.196 12.726 14.894 21.415 22.781 26.181 20.214 15.335 18.312 8.836 20.832 28.252 26.424 14.902 13.92 11.218 14.117 16.663 22.131 28.83 12.686 15.974 23.387 20.023 17.579 20.1 30.53 13.671 14.121 18.382 21.952 23.173 17.035 17.218 22.8 20.589 16.119 20.56 10.177
4.907 4.936 10.187 4.114 7.423 8.32 11.122 9 9.803 4.083 5.347 10.028 6.528 3.604 2 14.987 17.566 14.565 11.957 8.035 18.812 6.112 3.199 3.552 13.169 9.042 5.804 10.469 12.796 20.038 22.335 26.827 20.515 15.079 17.705 7.906 19.07 27.327 26.219 14.332 12.829 9.721 11.942 14.229 19.857 27.562 11.56 14.257 21.346 18.186 15.802 18.094 28.946 12.209 12.176 15.73 19.173 20.672 14.905 14.876 20.057 17.992 13.768 17.722 8.212
5.122 5.208 9.869 4.319 7.406 8.221 10.678 8.901 9.61 4.269 5.543 9.564 6.464 3.751 2.237 13.031 15.884 13.824 11.462 7.896 16.896 6.064 3.382 3.889 11.929 8.453 5.646 9.742 11.696 17.733 20.268 24.314 19.056 14.269 16.475 7.821 17.442 24.537 24.327 13.881 12.55 9.769 11.787 13.747 18.65 25.768 11.675 14.351 20.711 18.019 15.879 17.967 27.583 12.576 12.643 15.974 19.054 20.576 15.331 15.34 20.152 18.358 14.341 17.988 8.894
5.834 6.041 11.903 5.04 8.918 9.844 12.674 10.253 11.078 4.882 6.544 11.787 7.783 4.5 2.686 17.464 19.309 15.59 12.885 8.988 20.152 6.935 3.906 4.59 15.643 10.699 7.043 12.424 14.771 21.901 23.625 27.529 21.234 16.032 19.019 9.007 21.159 29.142 27.456 15.456 14.299 11.32 14.09 16.686 22.516 29.867 13.038 16.31 23.916 20.451 17.927 20.462 31.382 13.869 14.182 18.335 21.972 23.308 17.09 17.216 22.801 20.501 15.967 20.334 9.95
6.045 6.052 12.499 5.034 9.061 10.189 13.703 11.054 12.046 4.99 6.471 12.133 7.907 4.358 2.409 17.728 21.342 17.657 14.49 9.701 22.785 7.327 3.835 4.2 15.353 10.712 6.895 12.357 15.197 24.076 26.851 32.281 24.566 18.068 21.225 9.45 22.748 33.017 31.654 17.255 15.444 11.659 14.281 17.084 24.077 33.728 14.026 17.335 26.074 22.251 19.368 22.222 35.84 14.975 14.969 19.352 23.734 25.697 18.512 18.52 25.077 22.486 17.207 22.214 10.265
5.188 5.498 11.229 4.505 8.338 9.147 11.716 9.308 10.061 4.27 6.012 11.07 7.07 3.984 2.374 16.995 18.025 14.001 11.295 7.772 18.103 5.941 3.322 4.139 14.869 9.658 6.155 11.262 13.206 19.275 20.487 23.677 17.982 13.441 16.238 7.466 18.648 25.559 23.728 12.931 12.085 9.601 12.265 14.586 19.673 25.99 10.835 13.956 20.926 17.687 15.429 17.838 27.84 11.8 12.316 16.332 19.711 20.868 15.034 15.274 20.66 18.522 14.294 18.615 8.765
4.416 4.77 10.502 3.812 7.599 8.347 10.867 8.37 9.077 3.548 5.27 10.311 6.226 3.304 1.883 16.716 17.791 13.406 10.368 6.762 17.197 5.022 2.678 3.44 14.249 8.733 5.224 10.289 12.149 18.224 19.28 22.313 16.338 11.802 14.604 6.277 17.496 24.451 22.38 11.371 10.593 8.282 10.949 13.226 18.281 24.57 9.354 12.477 19.444 16.066 13.762 16.14 26.133 10.184 10.791 14.792 18.106 19.149 13.294 13.56 18.892 16.678 12.529 16.804 7.39
5.82 5.998 11.354 5.116 8.826 9.86 12.746 10.529 11.262 5.116 6.742 11.752 8.157 4.864 2.997 17.592 21.232 17.659 14.405 9.991 21.007 7.703 4.421 5.22 16.291 11.998 8.202 14.243 17.132 25.545 27.857 31.709 24.135 17.93 20.537 9.995 22.198 30.822 29.483 16.757 15.224 12.087 14.83 17.557 23.734 31.453 14.136 17.174 24.255 20.799 18.066 20.083 29.586 13.575 13.58 17.091 20.245 21.414 15.847 15.709 20.17 18.079 14.069 17.381 8.839
5.065 5.225 9.877 4.417 7.573 8.381 10.716 8.81 9.435 4.289 5.664 9.838 6.747 3.988 2.446 14.122 16.542 13.634 11.243 7.872 16.764 6.125 3.519 4.161 12.956 9.367 6.304 10.809 12.859 18.971 20.67 23.893 18.537 14.011 16.323 7.954 17.859 24.745 23.655 13.541 12.437 9.922 12.225 14.445 19.408 25.694 11.598 14.292 20.525 17.782 15.609 17.58 26.321 12.108 12.27 15.61 18.578 19.7 14.643 14.654 19.05 17.231 13.51 16.849 8.552
5.741 5.936 11.671 5.025 8.865 9.861 12.733 10.366 11.181 4.967 6.654 12.03 8.07 4.703 2.827 18.429 20.723 16.897 13.906 9.676 21.402 7.503 4.23 4.986 16.977 11.856 7.869 13.875 16.635 24.691 26.679 30.826 23.629 17.667 20.694 9.854 22.811 31.376 29.54 16.624 15.228 12.045 14.936 17.675 23.754 31.257 13.723 16.876 24.39 20.77 18.057 20.368 30.698 13.641 13.771 17.632 20.989 22.121 16.164 16.102 21.03 18.808 14.583 18.366 9.031
6.327 6.424 12.63 5.463 9.662 10.9 14.476 11.799 12.662 5.471 7.169 12.928 8.894 5.129 3.022 19.373 24.681 20.121 16.231 10.965 24.09 8.351 4.623 5.301 17.42 13.059 8.76 15.41 18.822 29.153 31.937 36.687 27.489 20.125 23.139 10.804 24.829 35.87 34.132 18.763 16.825 13.025 15.99 19.172 26.689 36.267 15.442 18.803 27.107 23.251 20.068 22.456 34.353 14.935 14.883 18.869 22.864 24.454 17.737 17.527 22.927 20.502 15.736 19.744 9.599
5.001 5.168 9.645 4.336 7.363 8.112 10.294 8.54 9.161 4.209 5.543 9.465 6.457 3.838 2.372 13.213 15.215 12.922 10.733 7.557 15.844 5.871 3.388 4.014 12.165 8.624 5.819 9.936 11.766 17.181 19.044 22.27 17.486 13.281 15.443 7.574 16.77 22.977 22.327 12.953 11.919 9.527 11.664 13.654 18.202 24.273 11.202 13.83 19.818 17.208 15.191 17.146 25.611 11.95 12.141 15.423 18.257 19.414 14.551 14.622 19.025 17.271 13.603 16.963 8.653
5.057 5.21 9.757 4.342 7.442 8.303 10.705 8.999 9.711 4.4 5.768 9.859 6.707 3.986 2.453 14.083 16.813 14.968 12.371 8.568 17.86 6.512 3.714 4.368 13.293 9.392 6.392 11.22 13.59 20.274 23.055 27.067 20.896 15.562 17.798 8.561 18.815 25.879 25.577 14.695 13.341 10.491 12.682 14.746 19.819 27.017 12.401 15.186 21.46 18.377 16.087 17.977 26.618 12.283 12.327 15.433 18.087 19.284 14.4 14.344 18.482 16.615 12.945 15.991 8.046
5.108 5.39 11.917 4.308 8.527 9.391 12.459 9.65 10.588 4.173 5.927 11.686 7.048 3.786 2.09 19.06 19.992 15.096 12.068 8.084 20.712 5.991 3.146 3.746 16.085 9.809 6.067 11.891 14.189 21.888 23.339 27.367 20.159 14.754 18.148 7.744 21.082 29.5 26.897 13.888 12.943 9.938 12.862 15.515 21.737 29.612 11.35 14.948 23.218 19.084 16.441 19.3 31.514 12.213 12.779 17.284 21.156 22.461 15.659 15.974 22.21 19.498 14.677 19.654 8.61
