2.608 7.002 3.902 3.564 6.971 6.666 5.348 5.905 6.237 2.259 4.925 7.632 8.031 4.864 3.836 9.899 14.354 12.389 8.413 6.531 11.957 8.367 7.442 8.616 11.035 7.605 5.758 9.097 10.425 13.719 18.014 18.972 11.499 15.032 15.623 13.693 15.024 17.048 19.155 11.396 14.583 10.699 10.692 12.905 16.241 11.589 5.799 8.034 14.904 12.893 12.068 11.434 17.589 7.854 9.91 8.254 9.093 12.789 9.903 6.527 8.679 11.049 9.71 8.52 6.697
2.646 7.624 4.052 3.736 7.768 7.131 5.534 6.17 6.593 2.274 5.525 8.822 8.971 5.234 4.139 11.789 16.222 13.292 8.854 6.948 13.688 9.331 8.338 9.891 12.686 8.413 6.348 10.735 12.256 15.722 19.935 20.427 12.011 16.207 16.908 14.603 16.107 18.358 20.505 11.848 15.657 11.29 11.334 13.776 17.085 11.697 5.597 8.07 15.792 13.114 12.13 11.497 18.011 7.727 10.208 8.414 9.362 13.265 9.874 6.294 8.631 11.416 10.022 8.807 6.872
2.628 7.276 3.968 3.614 7.251 6.911 5.509 6.111 6.481 2.281 5.049 7.952 8.344 4.96 3.868 10.319 15.098 12.939 8.734 6.749 12.644 8.683 7.677 8.888 11.436 7.75 5.798 9.26 10.64 14.112 18.691 19.777 11.852 15.711 16.374 14.293 15.739 17.944 20.264 11.861 15.322 11.101 11.069 13.413 17.02 12.01 5.895 8.192 15.628 13.459 12.621 11.974 18.837 8.195 10.43 8.611 9.494 13.512 10.361 6.75 9.061 11.686 10.234 8.944 6.962
2.74 7.436 4.128 3.792 7.438 7.053 5.656 6.276 6.648 2.41 5.298 8.143 8.452 5.098 4.04 10.467 14.944 12.843 8.791 6.893 12.694 8.802 7.825 9.051 11.538 7.912 6.01 9.538 10.874 14.231 18.625 19.661 11.987 15.863 16.525 14.489 15.93 18.076 20.29 12.082 15.554 11.406 11.419 13.773 17.283 12.327 6.203 8.678 16.133 13.857 12.984 12.347 19.047 8.509 10.806 8.994 9.894 13.847 10.685 7.071 9.463 12.043 10.534 9.223 7.248
3.343 9.528 5.125 4.874 9.684 8.711 6.887 7.773 8.278 3.021 7.29 10.783 10.623 6.377 5.284 14.054 18.21 14.977 10.362 8.471 16.101 10.972 9.944 11.745 14.712 9.941 7.83 13.02 14.405 18.036 22.503 23.116 14.131 19.338 20.123 17.547 19.429 21.973 24.318 14.466 19.209 14.084 14.332 17.303 21.125 14.766 7.504 11.15 20.653 16.902 15.756 15.085 23.124 10.233 13.608 11.289 12.534 17.288 12.961 8.586 11.875 15.18 13.106 11.497 9.11
2.498 7.393 3.844 3.548 7.47 6.842 5.327 5.971 6.37 2.162 5.235 8.341 8.46 4.893 3.853 11.1 15.352 12.573 8.361 6.542 12.953 8.642 7.706 9.134 11.784 7.762 5.832 9.867 11.258 14.651 18.85 19.429 11.369 15.489 16.123 13.914 15.408 17.589 19.705 11.268 14.99 10.72 10.802 13.222 16.601 11.35 5.429 7.868 15.593 12.888 11.962 11.352 18.052 7.559 10 8.202 9.149 13.105 9.73 6.217 8.598 11.3 9.799 8.559 6.647
2.574 6.932 3.851 3.551 6.993 6.616 5.26 5.788 6.11 2.228 4.952 7.743 8.047 4.835 3.843 10.037 14.213 11.866 7.969 6.241 11.603 8.134 7.301 8.545 10.99 7.551 5.762 9.243 10.652 13.923 17.859 18.322 11.007 14.439 15.045 13.194 14.48 16.38 18.241 10.825 13.944 10.305 10.405 12.631 15.788 11.159 5.61 7.871 14.699 12.58 11.652 10.991 16.704 7.446 9.476 7.981 8.865 12.418 9.52 6.273 8.369 10.656 9.345 8.205 6.488
3.118 8.594 4.749 4.596 8.818 7.883 6.267 7.073 7.518 2.872 6.857 9.87 9.631 5.91 5.033 12.733 16.045 13.139 9.222 7.7 14.295 9.922 9.1 10.739 13.261 9.112 7.393 12.13 13.289 16.289 19.908 20.279 12.61 17.19 17.862 15.631 17.279 19.426 21.313 12.907 17.115 12.725 13.028 15.627 18.793 13.237 6.938 10.408 18.686 15.25 14.228 13.64 20.44 9.265 12.389 10.338 11.487 15.565 11.687 7.863 10.867 13.775 11.901 10.477 8.392
2.757 7.478 4.108 3.697 7.355 7.149 5.73 6.311 6.659 2.337 5.058 8.033 8.673 5.203 4.013 10.538 15.993 13.969 9.333 7.071 13.03 9.088 8.02 9.247 11.964 8.18 6.072 9.543 11.024 14.819 19.936 21.218 12.633 16.406 17.043 14.896 16.362 18.686 21.223 12.424 15.842 11.465 11.362 13.755 17.604 12.492 6.075 8.27 15.652 13.744 12.933 12.216 19.207 8.38 10.501 8.652 9.536 13.697 10.619 6.882 9.114 11.743 10.386 9.106 7.076
2.43 6.984 3.706 3.387 6.993 6.581 5.197 5.801 6.173 2.115 4.807 7.692 7.973 4.64 3.601 9.984 14.481 12.146 8.136 6.304 12.174 8.172 7.225 8.418 10.889 7.241 5.383 8.756 10.078 13.402 17.71 18.612 10.994 14.86 15.527 13.506 14.963 17.129 19.369 11.143 14.633 10.493 10.508 12.831 16.358 11.362 5.495 7.734 15.212 12.908 12.085 11.477 18.382 7.758 10.042 8.252 9.153 13.168 9.943 6.417 8.742 11.393 9.894 8.614 6.663
2.93 8.6 4.527 4.384 8.888 7.773 6.03 6.835 7.29 2.634 6.782 10.117 9.822 5.835 4.925 13.614 17.047 13.437 9.131 7.545 14.802 10.02 9.215 11.101 13.918 9.28 7.429 12.814 14.142 17.446 21.202 21.126 12.577 17.383 17.957 15.46 17.113 19.276 21.04 12.311 16.648 12.126 12.443 15.065 18.086 12.296 6.164 9.452 17.688 14.052 12.981 12.363 18.728 8.131 11.17 9.206 10.333 14.205 10.357 6.76 9.516 12.383 10.696 9.441 7.513
3.062 8.469 4.682 4.579 8.747 7.735 6.127 6.932 7.364 2.844 6.907 9.856 9.521 5.856 5.071 12.789 15.808 12.745 8.938 7.553 14.041 9.762 9.019 10.712 13.184 9.069 7.467 12.345 13.466 16.349 19.729 19.865 12.327 16.868 17.477 15.249 16.841 18.853 20.511 12.426 16.564 12.354 12.715 15.238 18.142 12.708 6.721 10.237 18.19 14.667 13.623 13.044 19.31 8.763 11.846 9.899 11.029 14.823 11.043 7.449 10.356 13.099 11.283 9.947 8.017
3.176 8.791 4.771 4.298 8.74 8.398 6.651 7.336 7.779 2.691 5.977 9.666 10.29 6.077 4.671 12.711 18.985 16.248 10.799 8.215 15.554 10.735 9.464 10.991 14.262 9.624 7.109 11.407 13.241 17.676 23.467 24.737 14.615 19.198 20.018 17.426 19.163 21.915 24.839 14.404 18.557 13.381 13.286 16.142 20.59 14.42 6.925 9.511 18.443 15.984 14.943 14.118 22.371 9.625 12.214 10.067 11.127 16.021 12.261 7.871 10.517 13.719 12.109 10.603 8.217
3.029 9.062 4.689 4.379 9.299 8.35 6.407 7.194 7.7 2.613 6.661 10.616 10.601 6.097 4.872 14.321 19.147 15.245 10.055 7.968 16.132 10.811 9.731 11.687 15.007 9.815 7.461 12.96 14.71 18.734 23.445 23.638 13.686 18.79 19.565 16.802 18.612 21.212 23.552 13.42 18.066 12.945 13.116 16.048 19.803 13.326 6.327 9.398 18.664 15.141 13.936 13.202 20.736 8.687 11.766 9.666 10.845 15.401 11.251 7.121 9.953 13.256 11.539 10.129 7.904
2.88 7.971 4.388 4.168 8.315 7.473 5.806 6.441 6.854 2.556 6.192 9.476 9.273 5.524 4.591 12.447 15.798 12.39 8.327 6.848 13.257 9.193 8.423 10.158 12.908 8.756 6.901 11.714 13.275 16.519 19.856 19.489 11.739 15.81 16.518 14.403 15.805 17.724 19.256 11.495 15.203 11.41 11.744 14.274 17.157 11.898 6.102 9.049 16.773 13.673 12.394 11.747 17.267 7.817 10.362 8.884 9.918 13.485 10.082 6.674 9.097 11.597 10.098 8.906 7.182
2.524 6.708 3.803 3.645 6.847 6.203 4.978 5.587 5.935 2.322 5.328 7.609 7.454 4.627 3.92 9.608 12.19 10.159 7.222 6.034 10.961 7.72 7.048 8.239 10.13 7.049 5.695 9.145 10.017 12.255 15.012 15.434 9.796 13.216 13.807 12.199 13.47 15.16 16.709 10.329 13.527 10.192 10.406 12.433 14.974 10.753 5.741 8.448 14.935 12.401 11.605 11.165 16.63 7.784 10.215 8.619 9.521 12.819 9.807 6.69 9.115 11.451 9.949 8.767 7.052
2.656 7.042 3.997 3.879 7.256 6.509 5.212 5.859 6.218 2.47 5.731 8.144 7.938 4.963 4.274 10.443 13.021 10.699 7.604 6.415 11.648 8.224 7.579 8.915 10.931 7.63 6.266 10.129 11.077 13.452 16.282 16.54 10.47 14.119 14.67 12.9 14.202 15.887 17.334 10.702 14.043 10.587 10.841 12.916 15.383 10.968 5.9 8.749 15.323 12.572 11.725 11.248 16.522 7.726 10.221 8.605 9.522 12.714 9.633 6.576 8.977 11.269 9.776 8.638 6.986
2.569 7.499 3.95 3.676 7.571 6.909 5.425 6.099 6.504 2.263 5.436 8.414 8.463 4.965 3.971 11.09 15.059 12.452 8.43 6.688 13.005 8.733 7.811 9.218 11.759 7.82 5.957 9.978 11.252 14.481 18.532 19.2 11.454 15.63 16.273 14.11 15.626 17.788 19.884 11.55 15.321 11.044 11.143 13.554 16.88 11.672 5.707 8.313 16.055 13.265 12.36 11.781 18.538 7.938 10.479 8.618 9.574 13.531 10.114 6.556 9.052 11.757 10.179 8.899 6.952
2.809 7.351 4.213 3.831 7.258 6.97 5.688 6.342 6.767 2.514 5.305 7.873 8.174 5.043 3.983 9.827 14.175 12.975 9.323 7.416 13.283 9.359 8.209 9.268 11.52 7.97 6.012 9.189 10.244 13.176 17.481 19.344 12.418 16.476 17.386 15.427 16.973 19.346 22.003 13.509 17.182 12.671 12.481 14.747 18.325 13.371 6.817 9.343 16.812 14.642 13.892 13.387 20.809 9.734 12.216 10.133 10.951 15.065 11.841 7.93 10.501 13.287 11.717 10.278 8.068
3.368 9.541 5.148 5.003 9.91 8.662 6.755 7.62 8.115 3.048 7.695 11.31 10.904 6.583 5.633 15.139 18.536 14.538 9.99 8.388 16.192 11.125 10.306 12.432 15.495 10.486 8.493 14.519 15.996 19.508 23.308 22.986 13.934 19.105 19.753 17.112 18.867 21.119 22.85 13.654 18.329 13.593 14.004 16.866 19.978 13.742 7.098 10.82 19.672 15.644 14.378 13.706 20.218 9.081 12.394 10.381 11.609 15.664 11.521 7.648 10.641 13.645 11.81 10.469 8.446
2.522 7.426 3.846 3.503 7.558 7.043 5.408 5.982 6.379 2.117 5.055 8.547 8.837 4.997 3.831 11.36 16.386 13.058 8.39 6.433 13.096 8.762 7.794 9.29 12.249 7.994 5.872 9.935 11.677 15.513 19.982 20.201 11.467 15.499 16.251 14.015 15.517 17.792 19.982 11.18 14.889 10.631 10.731 13.291 16.921 11.37 5.3 7.529 15.546 12.97 11.888 11.164 17.947 7.283 9.621 7.975 8.987 13.138 9.663 6.052 8.315 11.112 9.684 8.447 6.524
2.625 7.588 4.036 3.924 7.892 6.866 5.322 6.029 6.437 2.365 6.098 9.067 8.763 5.239 4.456 12.241 15.101 11.828 8.084 6.748 13.226 9.025 8.339 10.064 12.548 8.393 6.763 11.671 12.846 15.68 18.815 18.613 11.145 15.399 15.911 13.712 15.159 17.036 18.506 10.923 14.768 10.819 11.106 13.379 15.878 10.797 5.462 8.37 15.482 12.257 11.308 10.777 16.114 7.125 9.827 8.129 9.112 12.388 9.024 5.91 8.295 10.809 9.379 8.318 6.656
2.649 6.331 3.667 3.273 5.797 5.567 4.725 5.294 5.704 2.25 4.526 6.402 6.587 4.24 3.338 7.443 10.138 9.604 7.223 5.959 10.506 7.923 7.242 8.356 10.479 7.527 5.755 8.242 8.633 10.264 12.521 12.895 8.388 11.219 12.522 12.024 14.084 17.302 21.578 14.809 19.44 15.05 14.81 16.867 20.002 14.613 7.615 10.211 17.452 15.17 14.218 13.589 20.654 10.298 12.954 11.064 12.157 16.643 13.529 9.32 12.211 15.295 13.681 11.971 9.249
2.897 8.208 4.424 4.241 8.468 7.511 5.868 6.598 7.027 2.59 6.428 9.619 9.415 5.652 4.739 12.838 16.226 12.941 8.85 7.298 14.083 9.664 8.869 10.629 13.335 9.002 7.164 12.159 13.512 16.712 20.322 20.304 12.256 16.71 17.31 15.003 16.54 18.594 20.301 12.054 16.083 11.847 12.121 14.622 17.548 12.097 6.145 9.209 17.007 13.71 12.642 12.036 18.034 8.021 10.82 9.025 10.071 13.755 10.178 6.705 9.277 11.953 10.379 9.177 7.34
3.158 9.48 4.968 4.82 9.725 8.507 6.613 7.541 8.041 2.881 7.496 10.946 10.508 6.204 5.282 14.4 18.008 14.27 9.723 8.085 15.771 10.617 9.713 11.671 14.593 9.727 7.824 13.452 14.722 18.134 22.161 22.277 13.342 18.653 19.348 16.708 18.567 20.946 22.932 13.407 18.239 13.309 13.723 16.685 20.149 13.768 6.946 10.9 20.253 16.058 14.819 14.162 21.633 9.297 12.828 10.601 11.905 16.392 11.986 7.868 11.214 14.413 12.285 10.745 8.537
2.803 7.596 4.255 4.112 7.894 7.014 5.538 6.198 6.583 2.56 6.182 8.948 8.659 5.321 4.563 11.73 14.414 11.515 8.009 6.725 12.558 8.802 8.128 9.723 12.072 8.333 6.779 11.343 12.518 15.239 18.223 18.105 11.23 15.133 15.697 13.718 15.047 16.781 18.145 11.095 14.606 11.027 11.342 13.601 16.109 11.358 6.027 9.028 15.986 12.982 11.938 11.387 16.48 7.705 10.209 8.674 9.622 12.825 9.66 6.538 8.912 11.225 9.763 8.644 7.022
3.496 9.175 5.242 5.126 9.525 8.505 6.802 7.643 8.107 3.269 7.588 10.771 10.494 6.607 5.744 13.943 17.228 14.047 9.985 8.469 15.335 10.889 10.099 11.913 14.566 10.206 8.475 13.716 14.995 18.108 21.726 21.896 13.842 18.611 19.269 16.895 18.553 20.676 22.417 13.857 18.171 13.719 14.059 16.697 19.728 14.018 7.584 11.253 19.566 15.984 14.891 14.254 20.703 9.733 12.914 10.854 12.02 15.951 12.029 8.216 11.2 14.092 12.262 10.869 8.823
3.312 9.009 5.01 4.619 9 8.43 6.775 7.581 8.085 2.955 6.582 9.877 10.054 6.09 4.862 12.512 17.322 15.086 10.602 8.475 15.668 10.862 9.639 11.092 13.892 9.483 7.229 11.475 12.818 16.369 21.184 22.66 14.159 19.045 20.026 17.668 19.544 22.291 25.18 15.214 19.727 14.498 14.479 17.329 21.52 15.421 7.804 11.011 20.32 17.33 16.342 15.704 24.456 11.129 14.277 11.85 12.97 17.983 13.88 9.228 12.436 15.872 13.893 12.173 9.559
3.394 9.966 5.213 4.859 10.095 9.191 7.186 8.069 8.594 2.984 7.157 11.215 11.241 6.545 5.232 14.779 20.036 16.285 10.915 8.673 17.022 11.357 10.186 12.093 15.543 10.301 7.838 13.189 14.977 19.388 24.717 25.311 14.968 20.474 21.313 18.47 20.461 23.265 25.911 14.97 19.937 14.4 14.612 17.875 22.3 15.342 7.522 10.973 21.361 17.559 16.258 15.461 24.251 10.293 13.621 11.28 12.585 17.826 13.27 8.605 11.898 15.409 13.28 11.597 9.086
3.391 8.983 5.085 4.559 8.742 8.522 6.962 7.748 8.235 2.969 6.206 9.388 10.037 6.189 4.822 12.114 18.32 17.032 11.997 9.26 16.455 11.465 9.982 11.269 14.217 9.831 7.324 11.188 12.619 16.675 22.828 25.546 16.021 20.892 21.719 19.02 20.801 23.716 27.108 16.346 20.635 14.983 14.625 17.326 21.9 15.947 7.943 10.713 19.492 17.162 16.365 15.72 24.743 11.281 13.991 11.449 12.342 17.302 13.673 9.045 11.924 15.173 13.427 11.784 9.184
