3.731 3.478 4.959 3.496 4.073 4.856 5.13 5.041 5.104 4.253 4.095 5.221 4.988 3.801 3.515 7.896 10.266 8.983 8.515 6.365 9.549 6.073 4.728 5.176 7.533 7.157 6.038 6.83 9.211 10.177 11.176 13.793 11.97 11.856 10.444 8.36 10.875 15.508 16.705 10 9.102 8.198 7.51 8.632 10.089 13.33 9.022 8.655 10.049 11.939 10.962 12.924 16.847 11.048 9.11 10.489 10.075 11.049 11.174 10.428 10.951 11.21 9.893 11.589 6.795
3.679 3.407 4.767 3.397 3.91 4.631 4.896 4.825 4.886 4.087 3.915 4.93 4.717 3.619 3.322 7.272 9.507 8.45 8.09 6.116 9.03 5.825 4.534 4.878 6.985 6.665 5.65 6.337 8.481 9.403 10.368 12.821 11.258 11.199 9.913 7.972 10.22 14.484 15.708 9.619 8.737 7.838 7.147 8.126 9.453 12.468 8.601 8.251 9.515 11.279 10.434 12.294 16.049 10.744 8.909 10.163 9.767 10.687 10.84 10.175 10.693 10.96 9.731 11.352 6.797
3.847 3.56 4.972 3.535 4.056 4.791 5.052 4.964 5.016 4.185 3.998 5.024 4.789 3.658 3.346 7.31 9.538 8.449 8.068 6.095 9.001 5.805 4.511 4.847 6.927 6.588 5.556 6.212 8.303 9.188 10.107 12.487 10.974 10.918 9.676 7.797 10.005 14.187 15.416 9.447 8.585 7.726 7.06 8.032 9.347 12.333 8.519 8.18 9.456 11.227 10.397 12.265 16.059 10.795 8.972 10.277 9.911 10.868 11.055 10.412 10.974 11.274 10.038 11.734 7.066
3.876 3.616 5.124 3.653 4.247 5.064 5.361 5.284 5.361 4.497 4.344 5.528 5.306 4.081 3.79 8.431 10.955 9.61 9.108 6.85 10.178 6.553 5.134 5.615 8.137 7.763 6.59 7.457 10.035 11.093 12.173 14.961 13.002 12.848 11.333 9.108 11.76 16.642 17.854 10.789 9.805 8.842 8.109 9.282 10.808 14.182 9.668 9.25 10.676 12.611 11.579 13.558 17.491 11.542 9.515 10.866 10.419 11.365 11.453 10.663 11.132 11.348 10.017 11.646 6.911
3.169 2.938 4.038 2.945 3.361 3.954 4.182 4.135 4.192 3.549 3.411 4.252 4.1 3.198 2.953 6.207 8.099 7.304 7.023 5.388 7.795 5.171 4.072 4.366 6.149 5.918 5.075 5.663 7.487 8.304 9.15 11.236 9.97 9.924 8.841 7.18 9.074 12.666 13.743 8.636 7.841 7.056 6.454 7.277 8.398 10.916 7.691 7.358 8.399 9.862 9.165 10.681 13.74 9.396 7.823 8.817 8.479 9.208 9.313 8.743 9.127 9.32 8.305 9.571 5.873
3.764 3.495 5 3.51 4.1 4.911 5.211 5.137 5.215 4.339 4.173 5.342 5.111 3.889 3.586 8.207 10.773 9.446 8.985 6.693 10.088 6.361 4.927 5.367 7.859 7.479 6.313 7.161 9.73 10.801 11.92 14.802 12.815 12.693 11.14 8.865 11.531 16.533 17.808 10.591 9.603 8.585 7.812 8.961 10.491 13.951 9.389 8.987 10.416 12.389 11.355 13.421 17.554 11.416 9.372 10.742 10.265 11.248 11.354 10.564 11.073 11.311 9.946 11.654 6.775
3.079 2.847 3.929 2.837 3.242 3.829 4.061 4.016 4.073 3.424 3.276 4.101 3.942 3.046 2.79 6.012 7.943 7.146 6.878 5.235 7.645 4.985 3.888 4.148 5.9 5.675 4.832 5.398 7.219 8.053 8.913 11.03 9.756 9.713 8.615 6.957 8.838 12.459 13.543 8.404 7.613 6.829 6.231 7.049 8.188 10.766 7.537 7.22 8.274 9.762 9.055 10.601 13.731 9.306 7.718 8.724 8.38 9.118 9.238 8.681 9.078 9.255 8.225 9.498 5.798
3.64 3.347 4.897 3.289 3.868 4.68 4.977 4.889 4.962 4.037 3.836 4.983 4.7 3.462 3.12 7.743 10.421 9.005 8.566 6.255 9.805 5.894 4.453 4.8 7.208 6.763 5.578 6.357 8.878 9.931 11.059 14.047 12.042 11.976 10.438 8.196 10.887 16.098 17.458 9.97 9.034 8.006 7.191 8.292 9.823 13.479 8.775 8.426 9.918 12.011 10.937 13.215 17.866 11.266 9.199 10.737 10.225 11.327 11.499 10.711 11.359 11.661 10.188 12.174 6.833
3.745 3.439 4.85 3.394 3.915 4.678 4.987 4.931 5.009 4.145 3.94 5.007 4.781 3.616 3.268 7.521 10.161 9.033 8.7 6.497 9.791 6.133 4.697 4.987 7.259 6.935 5.829 6.554 8.966 10.071 11.234 14.143 12.349 12.314 10.824 8.607 11.115 16.06 17.48 10.457 9.46 8.387 7.557 8.585 10.068 13.566 9.203 8.816 10.194 12.184 11.223 13.362 17.714 11.605 9.554 10.908 10.413 11.42 11.586 10.849 11.415 11.666 10.281 12.058 7.075
3.208 2.979 4.164 2.981 3.432 4.065 4.298 4.235 4.291 3.6 3.458 4.36 4.178 3.215 2.963 6.477 8.443 7.479 7.138 5.408 7.971 5.17 4.044 4.37 6.264 5.982 5.076 5.702 7.634 8.456 9.302 11.462 10.059 9.987 8.851 7.145 9.158 12.931 13.974 8.574 7.792 7.023 6.43 7.317 8.503 11.16 7.713 7.393 8.515 10.062 9.295 10.901 14.128 9.475 7.856 8.952 8.607 9.393 9.508 8.912 9.334 9.539 8.466 9.833 5.93
2.889 2.642 3.804 2.606 3.031 3.641 3.871 3.809 3.857 3.155 2.989 3.833 3.635 2.702 2.433 5.778 7.774 6.861 6.568 4.822 7.384 4.527 3.415 3.651 5.393 5.106 4.245 4.789 6.588 7.378 8.227 10.412 9.035 8.999 7.856 6.163 8.067 11.837 12.971 7.601 6.833 6.017 5.397 6.188 7.308 9.967 6.641 6.353 7.42 8.964 8.247 9.928 13.398 8.65 7.066 8.155 7.794 8.628 8.793 8.235 8.735 8.999 7.915 9.415 5.363
4.444 4.122 5.775 4.116 4.743 5.621 5.943 5.854 5.93 4.964 4.762 6.009 5.75 4.412 4.058 8.919 11.646 10.314 9.853 7.45 11.017 7.112 5.546 5.986 8.592 8.194 6.941 7.798 10.456 11.587 12.761 15.762 13.823 13.735 12.162 9.795 12.575 17.81 19.27 11.78 10.704 9.628 8.798 10.014 11.649 15.338 10.565 10.131 11.687 13.838 12.781 15.03 19.563 13.078 10.838 12.37 11.889 12.994 13.163 12.34 12.947 13.247 11.751 13.686 8.207
3.086 2.879 4.189 2.896 3.415 4.111 4.353 4.275 4.335 3.583 3.454 4.467 4.255 3.204 2.962 6.964 9.104 7.869 7.436 5.481 8.412 5.211 4.025 4.44 6.594 6.231 5.218 5.957 8.155 9.025 9.936 12.356 10.595 10.479 9.162 7.255 9.576 13.845 14.852 8.637 7.858 7.045 6.427 7.442 8.75 11.689 7.72 7.404 8.652 10.335 9.413 11.171 14.674 9.366 7.665 8.888 8.493 9.342 9.423 8.739 9.181 9.384 8.214 9.691 5.519
3.378 3.16 4.588 3.197 3.768 4.532 4.796 4.71 4.777 3.964 3.833 4.953 4.73 3.581 3.328 7.735 10.068 8.699 8.187 6.048 9.221 5.768 4.479 4.965 7.353 6.962 5.847 6.674 9.102 10.053 11.03 13.634 11.693 11.531 10.091 8.019 10.561 15.178 16.24 9.497 8.636 7.775 7.125 8.253 9.684 12.847 8.523 8.161 9.517 11.328 10.317 12.175 15.86 10.174 8.322 9.631 9.215 10.112 10.182 9.431 9.877 10.081 8.831 10.374 5.953
3.763 3.52 4.83 3.566 4.083 4.801 5.072 5.015 5.087 4.338 4.2 5.232 5.062 3.991 3.727 7.711 9.893 8.835 8.435 6.502 9.327 6.253 4.991 5.407 7.599 7.326 6.326 7.082 9.309 10.255 11.211 13.591 11.99 11.874 10.589 8.659 10.924 15.065 16.143 10.191 9.309 8.453 7.804 8.828 10.167 13.065 9.24 8.856 10.084 11.756 10.9 12.587 15.907 10.894 9.102 10.24 9.859 10.667 10.747 10.065 10.455 10.637 9.487 10.861 6.744
3.177 2.913 4.139 2.893 3.349 4.006 4.263 4.208 4.269 3.532 3.362 4.282 4.091 3.089 2.804 6.448 8.639 7.696 7.38 5.483 8.252 5.18 3.953 4.226 6.166 5.881 4.943 5.566 7.586 8.494 9.458 11.884 10.383 10.329 9.059 7.166 9.271 13.419 14.675 8.773 7.884 6.969 6.275 7.152 8.392 11.297 7.653 7.307 8.464 10.138 9.354 11.147 14.827 9.725 7.961 9.093 8.69 9.553 9.702 9.078 9.565 9.814 8.653 10.181 5.916
3.224 2.953 4.021 2.902 3.265 3.839 4.106 4.118 4.229 3.579 3.402 4.215 4.058 3.135 2.839 6.001 8.366 8.071 8.033 6.134 8.819 5.741 4.383 4.541 6.266 6.028 5.151 5.729 7.687 8.805 10.075 12.893 11.71 11.721 10.331 8.215 10.189 14.32 16.034 10.081 8.963 7.85 6.989 7.72 8.874 11.794 8.466 8.116 9.26 10.912 10.178 11.947 15.69 10.745 8.797 9.736 9.215 9.911 10.018 9.42 9.834 9.993 8.823 10.089 6.129
2.796 2.497 3.486 2.426 2.751 3.293 3.553 3.544 3.613 2.969 2.772 3.499 3.356 2.507 2.204 5.135 7.426 6.905 6.759 4.995 7.501 4.672 3.458 3.538 5.101 4.925 4.119 4.575 6.325 7.3 8.358 10.848 9.644 9.665 8.435 6.571 8.368 12.38 13.945 8.361 7.353 6.323 5.539 6.177 7.255 10.037 6.879 6.504 7.478 9.058 8.449 10.205 14 9.248 7.484 8.406 7.983 8.768 8.955 8.415 8.888 9.14 8.05 9.483 5.484
3.832 3.546 4.904 3.512 4.008 4.713 4.964 4.877 4.922 4.115 3.925 4.899 4.668 3.578 3.266 7.007 9.121 8.114 7.763 5.894 8.636 5.607 4.366 4.667 6.615 6.298 5.319 5.92 7.866 8.695 9.554 11.774 10.387 10.344 9.19 7.434 9.491 13.394 14.571 9.018 8.208 7.398 6.768 7.679 8.92 11.735 8.183 7.869 9.075 10.754 9.991 11.768 15.377 10.443 8.718 9.969 9.634 10.559 10.761 10.172 10.731 11.032 9.862 11.505 7.019
3.489 3.244 4.437 3.273 3.734 4.404 4.686 4.657 4.738 4.03 3.88 4.835 4.688 3.681 3.404 7.115 9.375 8.523 8.193 6.293 8.987 5.99 4.712 5.034 7.083 6.874 5.917 6.602 8.755 9.776 10.797 13.221 11.752 11.632 10.323 8.38 10.501 14.542 15.713 9.911 8.946 8.052 7.385 8.33 9.633 12.498 8.899 8.509 9.678 11.3 10.485 12.096 15.321 10.505 8.695 9.712 9.313 10.037 10.108 9.469 9.809 9.923 8.813 10.03 6.24
3.771 3.469 4.93 3.426 3.962 4.719 4.995 4.907 4.96 4.087 3.88 4.925 4.671 3.507 3.173 7.24 9.586 8.476 8.113 6.028 9.085 5.682 4.334 4.637 6.735 6.376 5.325 5.971 8.089 8.995 9.961 12.471 10.885 10.845 9.53 7.557 9.808 14.183 15.508 9.269 8.382 7.448 6.731 7.694 9.032 12.155 8.229 7.899 9.199 11.046 10.205 12.207 16.318 10.738 8.857 10.218 9.82 10.852 11.078 10.427 11.067 11.421 10.12 11.989 6.991
3.088 2.803 3.822 2.733 3.075 3.627 3.89 3.897 3.987 3.341 3.151 3.909 3.761 2.88 2.583 5.559 7.911 7.571 7.466 5.633 8.178 5.282 3.999 4.119 5.732 5.546 4.721 5.234 7.061 8.13 9.314 11.957 10.801 10.811 9.504 7.52 9.389 13.453 15.189 9.413 8.328 7.249 6.428 7.117 8.24 11.107 7.892 7.522 8.577 10.193 9.543 11.309 15.094 10.262 8.374 9.301 8.836 9.584 9.744 9.179 9.62 9.822 8.683 10.022 6.022
3.094 2.893 4.124 2.927 3.42 4.085 4.325 4.262 4.326 3.623 3.504 4.475 4.293 3.296 3.067 6.879 8.919 7.79 7.38 5.531 8.274 5.284 4.14 4.545 6.617 6.303 5.349 6.071 8.187 9.04 9.918 12.2 10.551 10.426 9.176 7.352 9.54 13.535 14.478 8.671 7.9 7.117 6.523 7.487 8.73 11.478 7.764 7.437 8.599 10.167 9.31 10.922 14.104 9.217 7.595 8.696 8.325 9.092 9.152 8.502 8.879 9.053 7.972 9.293 5.458
3.64 3.317 4.748 3.235 3.743 4.488 4.777 4.705 4.767 3.889 3.664 4.681 4.424 3.275 2.918 6.971 9.476 8.375 8.07 5.942 9.133 5.564 4.183 4.413 6.487 6.125 5.074 5.701 7.864 8.834 9.891 12.602 10.948 10.95 9.575 7.518 9.823 14.461 15.865 9.295 8.386 7.368 6.572 7.489 8.839 12.135 8.079 7.751 9.056 10.971 10.102 12.233 16.646 10.744 8.825 10.2 9.74 10.798 11.028 10.361 11.029 11.382 10.028 11.97 6.839
4.263 3.926 5.777 3.857 4.537 5.478 5.791 5.654 5.712 4.624 4.391 5.705 5.352 3.911 3.527 8.727 11.644 10.006 9.431 6.828 10.718 6.427 4.843 5.261 7.905 7.371 6.03 6.859 9.537 10.609 11.744 14.848 12.702 12.592 10.954 8.589 11.477 16.999 18.493 10.51 9.507 8.463 7.642 8.866 10.519 14.418 9.353 8.983 10.635 12.921 11.769 14.237 19.317 12.192 9.941 11.705 11.211 12.476 12.709 11.867 12.64 13.037 11.415 13.71 7.671
4.031 3.714 5.547 3.662 4.35 5.293 5.613 5.484 5.551 4.475 4.256 5.592 5.248 3.812 3.443 8.789 11.778 10.057 9.475 6.805 10.846 6.399 4.796 5.248 8.014 7.468 6.095 6.987 9.824 10.956 12.162 15.463 13.136 13.019 11.273 8.769 11.839 17.706 19.213 10.718 9.687 8.591 7.735 9.029 10.768 14.866 9.497 9.114 10.832 13.203 11.963 14.524 19.778 12.256 9.927 11.729 11.187 12.467 12.668 11.769 12.525 12.894 11.215 13.518 7.398
2.605 2.417 3.736 2.407 2.92 3.605 3.828 3.731 3.781 3.019 2.89 3.892 3.643 2.606 2.372 6.434 8.632 7.219 6.712 4.711 7.756 4.431 3.3 3.702 5.839 5.402 4.362 5.079 7.283 8.115 8.994 11.478 9.564 9.417 8.064 6.194 8.584 13.052 14.045 7.505 6.778 6.015 5.429 6.444 7.753 10.801 6.659 6.379 7.665 9.396 8.401 10.241 13.987 8.339 6.662 7.981 7.578 8.474 8.565 7.869 8.36 8.576 7.365 8.948 4.698
3.478 3.134 4.271 3.055 3.425 4.043 4.345 4.354 4.459 3.739 3.522 4.382 4.232 3.235 2.883 6.275 9.012 8.68 8.644 6.583 9.609 6.241 4.697 4.803 6.693 6.471 5.475 6.041 8.168 9.43 10.832 14.007 12.79 12.88 11.378 8.998 11.2 16.049 18.116 11.302 9.954 8.624 7.589 8.336 9.591 12.862 9.109 8.622 9.804 11.667 10.931 12.964 17.386 11.91 9.7 10.741 10.176 10.99 11.132 10.447 10.916 11.138 9.842 11.353 6.801
3.703 3.41 4.974 3.365 3.959 4.798 5.117 5.041 5.126 4.188 3.989 5.185 4.912 3.642 3.292 8.146 10.988 9.509 9.051 6.629 10.347 6.252 4.742 5.111 7.676 7.235 5.996 6.843 9.564 10.715 11.935 15.127 12.964 12.871 11.217 8.822 11.675 17.188 18.569 10.64 9.635 8.539 7.673 8.83 10.447 14.284 9.327 8.94 10.478 12.637 11.494 13.823 18.543 11.698 9.54 11.073 10.519 11.607 11.746 10.911 11.515 11.771 10.268 12.203 6.881
3.273 2.912 4.196 2.835 3.27 3.976 4.303 4.277 4.355 3.522 3.278 4.226 4.03 2.948 2.575 6.465 9.34 8.446 8.181 5.906 9.154 5.476 3.995 4.122 6.164 5.91 4.881 5.484 7.753 8.936 10.214 13.333 11.607 11.592 10.008 7.681 10.013 15.16 16.956 9.768 8.582 7.333 6.396 7.243 8.639 12.208 8.069 7.621 8.868 10.875 10.044 12.281 17.082 10.864 8.709 9.914 9.383 10.409 10.639 9.946 10.557 10.877 9.495 11.353 6.306
