1.472 1.55 1.933 1.237 1.228 2.831 2.721 2.033 2.901 0.702 1.309 3.498 2.972 1.106 1.186 3.719 4.7 3.92 2.415 2.232 3.95 2.21 1.77 1.281 2.112 3.191 2.016 2.167 2.514 2.098 2.483 4.458 1.384 2.655 3.529 3.168 4.554 5.401 3.453 2.209 2.529 2.702 2.752 4.759 9.37 6.55 2.596 4.67 6.639 4.255 4.86 3.998 6.996 3.842 3.198 3.853 2.883 7.132 4.909 2.829 5.519 4.374 2.722 4.712 3.363
2.353 2.475 3.069 1.956 1.95 4.436 4.188 3.1 4.359 1.054 2.022 5.303 4.441 1.65 1.799 5.537 6.765 5.572 3.421 3.176 5.546 3.129 2.528 1.866 3.123 4.627 2.939 3.172 3.665 3.062 3.605 6.217 1.957 3.762 4.892 4.334 6.06 6.987 4.483 2.909 3.346 3.53 3.551 5.975 11.129 7.734 3.062 5.534 7.77 4.974 5.67 4.668 8.083 4.442 3.712 4.498 3.374 8.278 5.641 3.236 6.325 4.993 3.109 5.422 3.856
3.766 3.937 4.854 3.12 3.072 6.863 6.622 4.979 7.026 1.748 3.202 8.199 6.966 2.619 2.77 8.234 10.242 8.613 5.324 4.844 8.23 4.626 3.638 2.61 4.147 5.957 3.725 3.876 4.355 3.576 4.101 6.97 2.235 4.118 5.332 4.745 6.623 7.778 5.057 3.25 3.681 3.891 3.921 6.588 12.721 9.343 3.8 6.766 9.593 6.228 7.049 5.816 10.004 5.594 4.644 5.557 4.166 10.01 6.982 4.049 7.78 6.232 3.905 6.673 4.792
5.687 5.921 7.285 4.661 4.57 10.213 9.866 7.416 10.502 2.598 4.745 12.171 10.318 3.851 4.052 12.078 15.058 12.664 7.823 7.095 12.023 6.701 5.229 3.721 5.877 8.402 5.216 5.387 6.014 4.91 5.607 9.507 3.029 5.554 7.165 6.355 8.853 10.382 6.732 4.307 4.856 5.112 5.127 8.585 16.549 12.194 4.956 8.838 12.571 8.128 9.161 7.52 12.931 7.206 5.952 7.096 5.294 12.723 8.852 5.106 9.801 7.846 4.9 8.364 5.985
3.097 3.243 3.991 2.557 2.538 5.668 5.341 3.96 5.514 1.366 2.562 6.568 5.484 2.062 2.225 6.664 8.064 6.609 4.064 3.746 6.423 3.633 2.918 2.146 3.521 5.139 3.257 3.477 3.978 3.309 3.858 6.562 2.096 3.955 5.102 4.51 6.25 7.172 4.618 3.004 3.438 3.623 3.639 6.065 11.202 7.835 3.153 5.623 7.844 5.055 5.736 4.734 8.106 4.5 3.764 4.536 3.415 8.232 5.646 3.271 6.304 4.995 3.133 5.398 3.86
1.397 1.469 1.82 1.164 1.163 2.646 2.498 1.857 2.615 0.643 1.234 3.257 2.743 1.035 1.14 3.547 4.368 3.634 2.263 2.131 3.766 2.152 1.763 1.32 2.236 3.356 2.163 2.37 2.774 2.346 2.793 4.87 1.549 2.993 3.911 3.482 4.896 5.664 3.653 2.388 2.749 2.891 2.898 4.854 8.99 6.208 2.47 4.429 6.178 3.946 4.481 3.682 6.336 3.479 2.904 3.502 2.624 6.399 4.341 2.494 4.838 3.806 2.372 4.112 2.919
2.474 2.601 3.202 2.082 2.078 4.578 4.353 3.266 4.534 1.163 2.179 5.52 4.692 1.818 1.981 5.846 7.151 5.966 3.748 3.504 6.014 3.497 2.86 2.149 3.539 5.192 3.383 3.654 4.221 3.571 4.193 7.101 2.352 4.409 5.703 5.094 7.041 8.097 5.304 3.51 4.02 4.235 4.26 7.012 12.742 9.003 3.692 6.51 9.039 5.899 6.683 5.551 9.393 5.299 4.456 5.36 4.074 9.617 6.677 3.912 7.428 5.937 3.766 6.415 4.635
2.329 2.45 3.074 1.904 1.893 4.566 4.267 3.112 4.506 1.022 1.984 5.558 4.547 1.608 1.749 5.856 7.204 5.849 3.513 3.263 5.931 3.203 2.555 1.836 3.15 4.801 2.935 3.194 3.732 3.073 3.67 6.667 1.944 3.884 5.131 4.509 6.526 7.64 4.761 3.011 3.477 3.673 3.689 6.474 12.749 8.611 3.279 6.105 8.708 5.4 6.217 5.045 9.075 4.78 3.953 4.813 3.522 9.226 6.07 3.396 6.914 5.327 3.232 5.813 4.016
1.827 1.911 2.353 1.517 1.499 3.331 3.203 2.408 3.379 0.847 1.558 3.974 3.397 1.293 1.381 4.133 5.233 4.483 2.812 2.594 4.484 2.569 2.058 1.501 2.431 3.585 2.301 2.46 2.846 2.4 2.833 5.014 1.643 3.114 4.156 3.795 5.453 6.574 4.342 2.826 3.244 3.475 3.547 6.053 11.84 8.633 3.503 6.222 8.748 5.66 6.391 5.263 8.978 5.006 4.157 4.968 3.729 8.887 6.174 3.586 6.848 5.458 3.421 5.818 4.173
2.019 2.124 2.696 1.636 1.619 4.099 3.826 2.771 4.109 0.884 1.711 5.057 4.09 1.398 1.5 5.311 6.597 5.317 3.14 2.894 5.37 2.8 2.198 1.535 2.644 4.105 2.446 2.653 3.095 2.512 3.003 5.628 1.56 3.146 4.201 3.678 5.439 6.438 3.93 2.427 2.775 2.922 2.933 5.326 11.067 7.366 2.729 5.162 7.492 4.557 5.293 4.248 7.893 4.036 3.306 4.031 2.9 8.008 5.169 2.841 5.956 4.53 2.696 4.952 3.362
1.692 1.758 2.167 1.382 1.347 3.055 2.995 2.263 3.22 0.79 1.424 3.729 3.245 1.217 1.269 3.879 5.057 4.387 2.737 2.493 4.332 2.461 1.934 1.373 2.19 3.242 2.061 2.176 2.495 2.075 2.425 4.334 1.395 2.601 3.456 3.142 4.535 5.525 3.642 2.33 2.621 2.762 2.781 4.76 9.653 7.211 2.914 5.13 7.306 4.747 5.36 4.391 7.588 4.22 3.455 4.083 3.016 7.304 5.108 2.928 5.597 4.454 2.75 4.664 3.318
1.411 1.478 1.818 1.175 1.161 2.566 2.464 1.854 2.596 0.657 1.205 3.054 2.606 0.995 1.06 3.133 3.928 3.356 2.116 1.955 3.36 1.933 1.547 1.128 1.814 2.648 1.695 1.798 2.061 1.73 2.027 3.531 1.17 2.196 2.913 2.663 3.807 4.589 3.063 2.008 2.307 2.476 2.534 4.309 8.382 6.208 2.558 4.549 6.43 4.203 4.756 3.932 6.695 3.756 3.125 3.735 2.81 6.665 4.645 2.706 5.15 4.115 2.589 4.397 3.164
1.372 1.456 1.835 1.133 1.142 2.76 2.572 1.864 2.695 0.595 1.235 3.462 2.849 0.995 1.123 3.781 4.652 3.783 2.268 2.141 3.944 2.153 1.748 1.288 2.286 3.498 2.163 2.39 2.824 2.347 2.83 5.093 1.475 3.042 4.018 3.519 5.052 5.856 3.64 2.317 2.723 2.877 2.885 5.019 9.58 6.395 2.372 4.532 6.447 3.965 4.571 3.705 6.654 3.478 2.887 3.56 2.609 6.824 4.46 2.459 5.073 3.897 2.347 4.288 2.95
2.048 2.156 2.662 1.72 1.721 3.842 3.641 2.722 3.799 0.958 1.823 4.698 3.982 1.528 1.68 5.069 6.218 5.185 3.249 3.057 5.319 3.079 2.529 1.906 3.189 4.728 3.077 3.354 3.903 3.309 3.914 6.702 2.187 4.16 5.406 4.823 6.71 7.727 5.033 3.321 3.816 4.015 4.032 6.676 12.178 8.504 3.438 6.117 8.505 5.497 6.236 5.158 8.784 4.898 4.11 4.954 3.746 8.958 6.154 3.574 6.851 5.439 3.425 5.883 4.219
1.884 1.974 2.455 1.556 1.538 3.571 3.404 2.525 3.603 0.859 1.6 4.332 3.647 1.343 1.437 4.593 5.784 4.8 2.941 2.717 4.853 2.69 2.152 1.552 2.58 3.942 2.478 2.678 3.124 2.607 3.103 5.643 1.726 3.336 4.451 3.989 5.769 6.841 4.345 2.767 3.165 3.371 3.421 5.936 11.717 8.098 3.176 5.713 8.104 5.143 5.86 4.788 8.402 4.56 3.774 4.534 3.367 8.411 5.723 3.272 6.403 5.033 3.107 5.392 3.815
2.442 2.548 3.188 1.994 1.953 4.664 4.507 3.342 4.842 1.114 2.046 5.662 4.777 1.717 1.795 5.798 7.408 6.135 3.693 3.338 5.912 3.203 2.495 1.744 2.825 4.253 2.62 2.764 3.156 2.575 3 5.429 1.624 3.073 4.064 3.609 5.222 6.236 3.921 2.443 2.736 2.868 2.877 5.052 10.545 7.38 2.854 5.141 7.416 4.682 5.353 4.348 7.796 4.185 3.427 4.099 3.004 7.734 5.278 2.981 5.918 4.651 2.832 4.955 3.481
1.941 2.034 2.495 1.614 1.595 3.482 3.302 2.466 3.408 0.867 1.592 3.985 3.372 1.289 1.372 3.966 4.824 4.05 2.545 2.348 4 2.329 1.869 1.367 2.186 3.143 2.003 2.105 2.382 1.984 2.294 3.88 1.3 2.413 3.167 2.894 4.098 4.925 3.345 2.224 2.569 2.775 2.859 4.85 9.313 6.996 2.935 5.219 7.415 4.938 5.617 4.665 7.883 4.425 3.687 4.406 3.326 7.822 5.447 3.185 6.034 4.821 3.047 5.168 3.736
1.944 2.033 2.501 1.612 1.591 3.53 3.391 2.548 3.577 0.898 1.649 4.195 3.564 1.352 1.439 4.279 5.356 4.558 2.854 2.626 4.504 2.564 2.041 1.482 2.383 3.473 2.208 2.334 2.671 2.235 2.614 4.556 1.491 2.802 3.711 3.375 4.817 5.782 3.823 2.49 2.856 3.057 3.116 5.297 10.328 7.609 3.106 5.54 7.832 5.082 5.746 4.74 8.11 4.534 3.77 4.513 3.392 8.102 5.64 3.279 6.277 5.021 3.154 5.377 3.864
3.359 3.539 4.353 2.838 2.837 6.171 5.758 4.273 5.871 1.51 2.818 6.998 5.806 2.169 2.291 6.729 8.131 6.641 4.033 3.549 5.953 3.251 2.602 1.856 3.01 4.273 2.644 2.767 3.084 2.577 3.05 5.119 1.631 2.977 3.828 3.38 4.66 5.4 3.448 2.201 2.471 2.665 2.673 4.501 8.322 5.899 2.349 4.215 5.743 3.744 4.358 3.628 6.244 3.503 2.892 3.474 2.544 6.051 4.067 2.481 4.705 3.685 2.304 3.978 2.82
2.212 2.317 2.874 1.83 1.803 4.136 4.03 3.028 4.327 1.038 1.916 5.042 4.335 1.606 1.705 5.264 6.784 5.795 3.538 3.219 5.605 3.135 2.48 1.777 2.875 4.25 2.68 2.859 3.304 2.748 3.225 5.775 1.815 3.458 4.614 4.154 5.993 7.243 4.682 2.983 3.394 3.595 3.628 6.244 12.666 9.221 3.628 6.507 9.221 5.893 6.699 5.496 9.587 5.276 4.359 5.226 3.882 9.528 6.617 3.801 7.424 5.898 3.646 6.284 4.471
1.522 1.589 1.992 1.243 1.222 2.939 2.826 2.083 3.021 0.687 1.278 3.616 3.063 1.097 1.163 3.896 5.063 4.188 2.535 2.33 4.258 2.314 1.836 1.3 2.172 3.42 2.137 2.32 2.727 2.271 2.723 5.135 1.517 2.961 4.007 3.603 5.317 6.397 3.999 2.497 2.825 2.991 3.028 5.373 11.106 7.542 2.874 5.179 7.423 4.637 5.284 4.268 7.62 4.047 3.31 3.958 2.897 7.464 5.042 2.833 5.615 4.379 2.655 4.643 3.248
3.196 3.357 4.165 2.662 2.642 6.026 5.733 4.274 6.047 1.478 2.762 7.256 6.091 2.275 2.439 7.5 9.225 7.64 4.7 4.327 7.525 4.217 3.366 2.442 4.006 5.908 3.71 3.953 4.527 3.746 4.377 7.601 2.382 4.518 5.88 5.213 7.337 8.539 5.474 3.521 4.026 4.262 4.3 7.302 13.975 9.835 3.937 7.073 9.987 6.425 7.332 6.043 10.517 5.801 4.837 5.834 4.368 10.752 7.371 4.256 8.294 6.562 4.094 7.1 5.058
7.267 7.589 9.274 5.994 5.933 12.912 12.141 9.003 12.348 3.127 5.695 14.192 12.002 4.528 4.821 13.724 16.465 13.474 8.372 7.463 12.496 6.998 5.539 3.999 6.334 8.986 5.62 5.834 6.472 5.293 6.019 9.894 3.193 5.802 7.326 6.413 8.665 9.792 6.281 4.029 4.546 4.786 4.81 7.926 14.467 10.275 4.193 7.342 10.144 6.601 7.473 6.194 10.495 5.912 4.934 5.914 4.441 10.475 7.225 4.264 8.095 6.429 4.054 6.914 4.968
0.861 0.925 1.146 0.744 0.745 1.646 1.579 1.185 1.638 0.417 0.769 1.923 1.625 0.621 0.661 1.967 2.461 2.057 1.266 1.178 2.053 1.21 0.982 0.721 1.192 1.78 1.161 1.249 1.445 1.234 1.469 2.559 0.852 1.603 2.183 2.026 2.886 3.587 2.409 1.574 1.847 1.975 2.072 3.603 6.946 5.148 2.168 3.944 5.706 3.821 4.467 3.751 6.642 3.819 3.235 3.937 2.982 7.025 4.906 2.866 5.361 4.213 2.636 4.38 3.077
1.52 1.626 2.09 1.246 1.261 3.266 3.022 2.143 3.201 0.636 1.394 4.185 3.371 1.087 1.237 4.541 5.615 4.479 2.581 2.421 4.64 2.402 1.912 1.365 2.51 3.919 2.306 2.551 3.027 2.459 2.992 5.601 1.471 3.209 4.292 3.704 5.463 6.391 3.828 2.355 2.808 2.986 3.002 5.481 11.015 7.185 2.501 5.062 7.385 4.388 5.145 4.115 7.767 3.872 3.188 4.007 2.866 8.116 5.132 2.723 5.984 4.495 2.615 5.032 3.356
3.491 3.743 4.583 3.021 3.09 6.411 5.514 4.059 5.572 1.534 2.979 7.311 5.958 2.062 2.196 6.851 8.479 6.826 4.035 3.282 5.842 2.965 2.612 1.822 3.215 4.67 2.838 3.095 3.487 3.095 3.876 6.588 2.05 3.758 4.795 4.283 5.896 6.811 4.358 2.68 3.024 3.275 3.359 5.465 10.022 6.943 2.668 4.887 6.981 4.795 5.615 4.703 8 4.365 3.237 3.86 3.029 6.712 5.149 2.938 6.175 4.434 3.159 5.203 3.679
1.481 1.569 1.996 1.225 1.225 3.052 2.879 2.099 3.082 0.665 1.335 3.876 3.199 1.104 1.207 4.183 5.224 4.279 2.546 2.355 4.353 2.328 1.849 1.318 2.311 3.57 2.176 2.372 2.779 2.282 2.734 5.01 1.422 2.892 3.846 3.378 4.915 5.774 3.566 2.22 2.569 2.717 2.736 4.884 9.798 6.621 2.445 4.639 6.71 4.131 4.787 3.867 7.099 3.689 3.035 3.729 2.713 7.337 4.813 2.644 5.511 4.238 2.533 4.656 3.196
3.014 3.136 3.939 2.437 2.375 5.802 5.611 4.142 6.056 1.356 2.48 7.034 5.907 2.085 2.16 7.144 9.173 7.556 4.5 4.039 7.198 3.833 2.955 2.034 3.288 4.982 3.031 3.183 3.621 2.926 3.398 6.213 1.813 3.428 4.537 4.01 5.836 6.986 4.341 2.668 2.961 3.082 3.075 5.465 11.717 8.136 3.099 5.596 8.132 5.083 5.82 4.694 8.531 4.514 3.669 4.377 3.176 8.375 5.671 3.168 6.358 4.968 2.991 5.272 3.672
3.795 3.916 4.875 3.023 2.913 7.007 6.892 5.128 7.447 1.695 3.032 8.439 7.234 2.577 2.626 8.507 11.159 9.408 5.629 4.996 8.785 4.738 3.616 2.469 3.925 5.897 3.621 3.777 4.287 3.473 4.019 7.348 2.197 4.093 5.422 4.828 7.033 8.534 5.392 3.31 3.64 3.763 3.731 6.569 14.216 10.262 3.942 6.987 10.109 6.378 7.23 5.824 10.458 5.612 4.519 5.33 3.852 9.973 6.871 3.837 7.579 5.959 3.581 6.219 4.343
3.008 3.188 4.057 2.43 2.432 6.156 5.684 4.035 5.941 1.213 2.54 7.421 5.944 1.942 2.152 7.61 9.285 7.346 4.223 3.888 7.23 3.736 2.93 2.063 3.663 5.602 3.28 3.555 4.138 3.33 3.978 7.297 1.954 4.115 5.441 4.683 6.818 7.928 4.766 2.928 3.44 3.644 3.661 6.621 13.259 8.742 3.109 6.142 8.91 5.349 6.234 4.999 9.319 4.708 3.873 4.823 3.464 9.628 6.154 3.307 7.129 5.39 3.165 5.986 4.027
