3.106 4.572 6.405 3.777 4.406 5.252 6.379 5.846 6.843 3.954 4.433 5.12 4.322 3.095 2.267 9.851 9.784 6.749 7.955 6.612 9.373 4.365 3.228 4.259 6.442 6.415 4.36 6.807 9.293 9.255 10.423 14.216 10.851 10.195 8.671 7.567 9.209 14.579 15.449 7.753 8.242 6.284 6.967 7.052 11.907 11.744 11.018 10.858 14.241 15.777 14.207 15.455 18.953 13.064 11.017 12.767 11.405 12.628 10.999 10.869 11.898 12.943 10.684 12.933 8.772
3.452 5.041 6.914 4.258 4.949 5.838 6.953 6.394 7.369 4.458 5.019 5.773 4.962 3.684 2.819 10.749 10.56 7.416 8.632 7.309 10.084 5.004 3.869 5.107 7.487 7.428 5.218 7.912 10.479 10.362 11.495 15.177 11.771 11.114 9.627 8.56 10.321 15.652 16.346 8.613 9.22 7.27 8.079 8.21 13.187 12.89 12.048 11.836 15.085 16.41 14.764 15.834 18.912 13.334 11.39 13.064 11.771 12.889 11.317 11.165 12.092 13.006 10.863 12.905 9.016
3.71 5.607 7.872 4.651 5.497 6.573 7.942 7.247 8.455 4.905 5.59 6.499 5.515 4.001 2.995 12.874 12.474 8.507 10.031 8.351 11.825 5.528 4.193 5.663 8.575 8.489 5.796 9.116 12.311 12.119 13.533 18.203 13.764 12.928 11.05 9.723 11.902 18.639 19.424 9.714 10.479 8.081 9.064 9.216 15.418 14.973 13.902 13.62 17.67 19.261 17.129 18.447 22.271 15.216 12.856 14.912 13.296 14.678 12.738 12.563 13.693 14.806 12.183 14.705 9.964
2.895 4.492 6.413 3.664 4.383 5.292 6.456 5.85 6.888 3.871 4.453 5.216 4.375 3.114 2.288 10.798 10.324 6.867 8.195 6.745 9.748 4.355 3.257 4.468 6.926 6.83 4.555 7.373 10.104 9.905 11.12 15.184 11.27 10.559 8.949 7.823 9.689 15.538 16.152 7.77 8.45 6.413 7.243 7.361 12.701 12.263 11.332 11.095 14.607 15.958 14.077 15.226 18.55 12.404 10.416 12.208 10.809 12.006 10.336 10.2 11.176 12.125 9.865 12.049 7.992
3.891 5.659 7.707 4.846 5.622 6.605 7.806 7.194 8.229 5.077 5.716 6.563 5.692 4.292 3.346 11.973 11.79 8.352 9.631 8.206 11.17 5.698 4.482 5.917 8.566 8.501 6.062 9.047 11.819 11.653 12.825 16.666 13.012 12.295 10.722 9.602 11.532 17.178 17.863 9.607 10.298 8.235 9.164 9.343 14.695 14.342 13.388 13.128 16.531 17.868 16.09 17.168 20.309 14.462 12.426 14.204 12.865 14.051 12.392 12.232 13.212 14.178 11.914 14.063 9.943
3.983 5.604 7.529 4.7 5.313 6.155 7.27 6.74 7.754 4.78 5.262 5.967 5.121 3.782 2.851 10.105 10.54 7.729 9.085 7.854 10.818 5.521 4.205 5.345 7.616 7.575 5.346 7.864 10.484 10.674 12.112 16.45 13.327 12.759 11.125 9.87 11.714 17.621 18.865 10.236 10.769 8.478 9.234 9.287 14.621 14.609 13.899 13.825 17.732 19.657 17.987 19.326 23.08 16.482 13.95 15.681 14.026 15.088 13.207 12.91 13.833 14.71 12.273 14.302 10.093
3.056 4.308 5.79 3.621 4.101 4.756 5.617 5.204 5.979 3.688 4.064 4.609 3.958 2.928 2.214 7.825 8.113 5.927 6.944 5.989 8.225 4.197 3.205 4.084 5.824 5.793 4.094 6.024 8.014 8.135 9.199 12.428 10.028 9.585 8.356 7.423 8.82 13.261 14.173 7.694 8.111 6.402 6.994 7.052 11.113 11.101 10.559 10.501 13.454 14.889 13.614 14.626 17.463 12.494 10.605 11.956 10.728 11.571 10.157 9.954 10.685 11.375 9.507 11.086 7.84
2.876 4.065 5.466 3.395 3.833 4.43 5.22 4.83 5.564 3.428 3.783 4.29 3.67 2.702 2.035 7.174 7.407 5.423 6.417 5.56 7.667 3.882 2.953 3.758 5.339 5.265 3.69 5.417 7.208 7.338 8.352 11.417 9.243 8.854 7.712 6.831 8.102 12.166 13.013 7.049 7.454 5.878 6.415 6.447 10.143 10.125 9.673 9.688 12.53 13.953 12.794 13.795 16.542 11.819 10.031 11.32 10.148 10.962 9.634 9.464 10.194 10.894 9.118 10.661 7.531
3.477 5.119 7.188 4.255 4.983 5.966 7.267 6.673 7.819 4.534 5.109 5.934 5.041 3.635 2.686 11.778 11.705 8.072 9.504 7.902 11.202 5.233 3.89 5.17 7.875 7.878 5.382 8.45 11.569 11.522 12.959 17.605 13.371 12.511 10.621 9.264 11.275 17.807 18.755 9.385 9.957 7.596 8.426 8.535 14.378 14.11 13.154 12.873 16.722 18.314 16.312 17.536 21.182 14.448 12.085 13.882 12.322 13.553 11.732 11.516 12.515 13.54 11.139 13.427 9.084
3.133 4.965 7.25 3.956 4.784 5.843 7.247 6.514 7.779 4.177 4.826 5.693 4.691 3.235 2.291 12.365 11.727 7.58 9.196 7.438 11.065 4.64 3.361 4.649 7.459 7.349 4.742 7.946 11.171 10.942 12.421 17.409 12.633 11.803 9.866 8.516 10.693 17.818 18.574 8.491 9.274 6.849 7.769 7.88 14.27 13.756 12.688 12.444 16.798 18.523 16.239 17.752 22.043 14.351 11.954 14.215 12.472 13.997 11.935 11.803 13.054 14.261 11.437 14.221 9.157
3.378 5.019 6.924 4.237 4.958 5.867 6.987 6.404 7.379 4.435 5.027 5.803 4.983 3.697 2.838 10.924 10.657 7.409 8.623 7.279 10.07 4.951 3.846 5.141 7.571 7.488 5.237 7.99 10.561 10.387 11.487 15.127 11.653 10.989 9.515 8.47 10.265 15.595 16.218 8.455 9.114 7.191 8.044 8.196 13.212 12.854 11.967 11.737 14.974 16.25 14.565 15.618 18.656 13.074 11.173 12.879 11.605 12.743 11.174 11.038 11.981 12.902 10.75 12.813 8.906
2.877 4.161 5.769 3.431 3.966 4.698 5.698 5.239 6.135 3.579 3.984 4.574 3.864 2.774 2.027 8.606 8.65 6.036 7.162 5.984 8.472 3.992 2.957 3.816 5.711 5.708 3.904 6.04 8.288 8.321 9.434 12.94 9.938 9.382 8.005 6.996 8.46 13.347 14.167 7.2 7.634 5.837 6.415 6.465 10.839 10.735 10.122 10.007 13.105 14.511 13.082 14.212 17.352 12.013 10.158 11.711 10.454 11.512 10.036 9.901 10.79 11.668 9.641 11.598 7.926
4.1 5.833 7.924 4.936 5.662 6.648 7.935 7.347 8.467 5.158 5.728 6.552 5.641 4.179 3.17 11.844 12.065 8.606 10.031 8.518 11.714 5.848 4.471 5.772 8.422 8.452 5.958 8.947 12.001 12.048 13.482 17.957 14.053 13.268 11.461 10.157 12.162 18.476 19.506 10.368 10.976 8.644 9.528 9.679 15.532 15.406 14.509 14.293 18.182 19.821 17.854 19.026 22.553 15.992 13.568 15.387 13.859 15.048 13.246 13.027 14.032 14.978 12.529 14.705 10.392
3.91 5.454 7.316 4.456 4.962 5.705 6.762 6.292 7.347 4.486 4.911 5.551 4.706 3.401 2.495 9.069 9.79 7.334 8.865 7.727 10.824 5.398 4.004 4.991 7.039 6.917 4.785 7.039 9.562 9.96 11.64 16.522 13.597 13.083 11.314 9.88 11.606 17.608 19.168 10.278 10.728 8.278 8.856 8.737 13.774 13.864 13.349 13.443 17.64 19.976 18.449 20.013 24.263 17.169 14.342 16.002 14.135 15.146 13.168 12.821 13.761 14.723 12.246 14.372 10.023
3.374 4.738 6.366 3.908 4.374 5.034 5.942 5.51 6.396 3.924 4.315 4.889 4.164 3.034 2.252 8.065 8.52 6.323 7.597 6.63 9.251 4.649 3.49 4.392 6.213 6.108 4.244 6.227 8.373 8.638 9.995 13.997 11.476 11.044 9.594 8.436 9.95 14.999 16.169 8.711 9.151 7.134 7.7 7.654 12.029 12.033 11.536 11.597 15.138 17.027 15.673 16.949 20.419 14.482 12.164 13.615 12.075 12.952 11.292 11.021 11.832 12.636 10.527 12.32 8.632
3.233 4.585 6.211 3.927 4.434 5.099 5.93 5.405 6.09 3.74 4.092 4.62 3.977 2.952 2.234 7.67 7.878 5.75 6.695 5.853 8.154 4.342 3.371 4.323 6.178 6.152 4.339 6.254 8.095 8.048 8.969 12.118 10.196 10.102 9.108 8.278 9.94 14.934 15.924 8.672 9.072 7.149 7.774 7.816 12.173 12.085 11.399 11.255 14.385 16.204 15.286 16.815 20.389 14.701 12.446 13.915 12.328 13.078 11.266 10.848 11.474 12.089 10.051 11.668 8.229
2.936 4.881 7.14 3.904 4.795 5.87 7.208 6.442 7.646 4.125 4.883 5.809 4.811 3.367 2.462 12.85 11.965 7.607 9.189 7.456 11.057 4.658 3.498 5.025 8 7.784 5.031 8.497 11.741 11.333 12.706 17.496 12.604 11.761 9.9 8.644 10.94 17.92 18.382 8.345 9.306 6.989 8.061 8.217 14.6 13.84 12.593 12.266 16.35 17.75 15.383 16.632 20.33 13.159 10.981 13.099 11.508 12.878 10.956 10.816 11.918 12.959 10.379 12.86 8.291
2.898 4.795 6.988 3.845 4.707 5.749 7.042 6.3 7.459 4.05 4.784 5.681 4.713 3.309 2.428 12.42 11.616 7.41 8.919 7.257 10.712 4.556 3.432 4.915 7.781 7.571 4.911 8.246 11.358 10.971 12.281 16.859 12.207 11.394 9.613 8.409 10.62 17.309 17.784 8.139 9.062 6.834 7.873 8.026 14.169 13.459 12.258 11.946 15.887 17.262 15.001 16.212 19.8 12.898 10.777 12.839 11.309 12.642 10.782 10.647 11.726 12.745 10.233 12.642 8.195
2.266 3.825 5.714 2.974 3.682 4.551 5.679 5.031 6.058 3.117 3.691 4.408 3.574 2.413 1.688 10.109 9.353 5.773 7.099 5.662 8.649 3.415 2.469 3.553 5.85 5.68 3.542 6.187 8.775 8.471 9.619 13.641 9.639 8.983 7.464 6.433 8.25 14.073 14.534 6.28 7.029 5.128 5.931 6.027 11.278 10.708 9.756 9.553 13.124 14.467 12.523 13.752 17.253 10.929 9.069 11.013 9.609 10.887 9.196 9.121 10.173 11.158 8.814 11.131 6.975
2.33 3.701 5.367 2.994 3.617 4.4 5.41 4.876 5.778 3.164 3.669 4.327 3.603 2.528 1.835 9.245 8.777 5.738 6.893 5.614 8.242 3.552 2.628 3.665 5.792 5.701 3.734 6.166 8.54 8.344 9.397 12.967 9.479 8.859 7.451 6.477 8.104 13.243 13.749 6.406 7.006 5.251 5.975 6.08 10.733 10.321 9.496 9.281 12.353 13.519 11.852 12.866 15.793 10.365 8.657 10.229 9.008 10.064 8.606 8.497 9.351 10.182 8.211 10.129 6.594
2.794 4.102 5.639 3.459 4.024 4.747 5.653 5.191 5.98 3.599 4.05 4.656 3.991 2.951 2.251 8.593 8.44 5.906 6.866 5.799 8.004 3.947 3.043 4.024 5.899 5.842 4.086 6.193 8.19 8.083 8.956 11.828 9.164 8.65 7.486 6.652 8.034 12.215 12.781 6.707 7.193 5.664 6.308 6.417 10.344 10.126 9.475 9.325 11.937 13.042 11.771 12.685 15.254 10.771 9.224 10.638 9.612 10.575 9.306 9.215 10.028 10.829 9.053 10.8 7.536
4.294 5.997 8.052 4.994 5.6 6.457 7.623 7.064 8.145 4.998 5.464 6.169 5.264 3.846 2.857 10.166 10.762 7.954 9.409 8.167 11.334 5.776 4.347 5.462 7.742 7.677 5.376 7.87 10.529 10.797 12.366 17.085 14.038 13.535 11.826 10.464 12.391 18.764 20.331 11.04 11.55 9.017 9.732 9.706 15.27 15.315 14.624 14.598 18.898 21.254 19.691 21.409 25.984 18.694 15.824 17.801 15.902 17.106 14.944 14.574 15.614 16.645 13.881 16.218 11.399
2.831 3.99 5.385 3.37 3.78 4.328 5.025 4.583 5.196 3.196 3.498 3.954 3.394 2.5 1.871 6.457 6.65 4.863 5.712 5.028 7.08 3.735 2.862 3.632 5.144 5.071 3.538 5.083 6.603 6.618 7.483 10.335 8.756 8.667 7.761 6.988 8.338 12.527 13.384 7.274 7.618 5.996 6.511 6.528 10.181 10.091 9.519 9.448 12.239 13.976 13.217 14.544 17.745 12.839 10.889 12.223 10.87 11.585 10.027 9.706 10.336 10.969 9.151 10.661 7.514
3.316 4.666 6.307 3.884 4.415 5.17 6.212 5.793 6.745 4.086 4.502 5.128 4.39 3.217 2.403 9.063 9.663 7.021 8.274 7.033 9.736 4.811 3.613 4.586 6.625 6.659 4.68 7.032 9.596 9.837 11.217 15.311 12.08 11.399 9.768 8.555 10.157 15.554 16.696 8.813 9.223 7.155 7.774 7.814 12.589 12.67 12.043 11.911 15.285 16.808 15.138 16.113 19.136 13.397 11.216 12.593 11.226 12.128 10.601 10.373 11.151 11.901 9.891 11.616 8.128
3.448 5.194 7.428 4.163 4.921 5.931 7.324 6.641 7.906 4.361 4.923 5.714 4.727 3.283 2.316 11.615 11.286 7.502 9.095 7.434 10.904 4.748 3.426 4.506 7.045 6.999 4.603 7.467 10.488 10.406 11.878 16.67 12.344 11.613 9.772 8.446 10.426 17.17 18.086 8.596 9.261 6.884 7.655 7.714 13.732 13.436 12.573 12.441 16.767 18.657 16.609 18.265 22.774 15.214 12.81 15.128 13.375 14.963 12.894 12.79 14.132 15.435 12.528 15.468 10.183
2.961 4.09 5.522 3.304 3.691 4.296 5.211 4.886 5.776 3.426 3.711 4.182 3.514 2.494 1.786 7.012 7.902 5.845 6.999 5.93 8.34 4.005 2.888 3.55 5.07 5.071 3.492 5.257 7.367 7.756 9.11 13.034 10.441 9.887 8.378 7.196 8.472 13.332 14.82 7.698 7.924 5.96 6.315 6.213 10.179 10.49 10.158 10.177 13.467 15.344 14.109 15.377 18.942 13.231 10.98 12.337 10.925 11.87 10.331 10.094 10.923 11.817 9.79 11.65 7.999
3.067 4.435 6.198 3.665 4.262 5.096 6.249 5.759 6.787 3.926 4.386 5.075 4.302 3.087 2.252 10.001 10.143 7.032 8.371 6.956 9.908 4.604 3.393 4.39 6.684 6.754 4.615 7.234 10.075 10.143 11.521 15.823 11.991 11.236 9.512 8.269 10.012 15.923 16.8 8.396 8.87 6.737 7.404 7.471 12.677 12.525 11.731 11.506 14.973 16.367 14.507 15.536 18.668 12.663 10.571 12.099 10.701 11.724 10.139 9.943 10.778 11.589 9.504 11.435 7.75
3.663 5.253 7.166 4.416 5.066 5.936 7.074 6.517 7.514 4.531 5.022 5.719 4.88 3.578 2.685 10.079 10.128 7.162 8.36 7.066 9.754 4.81 3.653 4.696 6.822 6.781 4.726 7.075 9.437 9.411 10.517 14.07 10.989 10.416 9.003 7.973 9.571 14.65 15.515 8.199 8.726 6.845 7.547 7.652 12.377 12.282 11.618 11.525 14.885 16.461 15.01 16.307 19.813 14.15 12.166 14.038 12.741 14.033 12.433 12.357 13.484 14.581 12.251 14.596 10.285
3.55 5.284 7.532 4.264 5.022 6.049 7.478 6.806 8.097 4.503 5.067 5.883 4.893 3.42 2.424 11.969 11.763 7.888 9.545 7.821 11.427 5.031 3.637 4.754 7.424 7.427 4.925 7.947 11.196 11.161 12.75 17.852 13.253 12.454 10.481 9.059 11.139 18.271 19.24 9.216 9.876 7.359 8.152 8.216 14.534 14.25 13.333 13.157 17.602 19.482 17.283 18.874 23.308 15.555 13.048 15.283 13.478 14.993 12.899 12.743 14 15.216 12.348 15.156 10.008
3.611 4.997 6.692 4.051 4.502 5.19 6.205 5.808 6.83 4.146 4.519 5.102 4.316 3.101 2.254 8.399 9.316 7.022 8.496 7.356 10.313 5.093 3.733 4.614 6.51 6.434 4.45 6.596 9.087 9.557 11.242 16.065 13.162 12.592 10.799 9.35 10.941 16.736 18.37 9.772 10.113 7.715 8.187 8.036 12.773 12.97 12.526 12.587 16.523 18.72 17.232 18.638 22.589 15.871 13.151 14.601 12.844 13.752 11.924 11.584 12.427 13.314 11.051 13.002 9.028
