5.193 10.065 14.413 6.922 13.983 11.29 13.812 8.869 19.68 6.419 12.576 11.742 11.416 14.864 10.446 48.479 28.202 16.11 27.09 16.903 26.587 12.711 8.542 18.943 26.394 27.262 12.21 29.341 46.669 28.953 23.925 29.963 36.029 30.453 23.673 19.574 34.978 40.653 41.766 13.659 18.093 14.827 28.189 27.555 39.277 31.693 14.085 12.031 26.192 33.721 24.391 28.963 24.944 7.762 11.224 19.204 12.55 13.695 15.859 23.21 24.343 11.002 16.315 18.279 9.992
4.433 8.258 12.059 5.828 11.749 9.522 11.861 7.566 16.959 5.417 10.237 9.683 9.519 12.458 8.757 43.496 23.811 13.715 23.644 14.706 23.386 10.972 7.046 15.039 22.047 23.448 10.569 24.829 40.735 24.897 20.954 26.379 32.044 27.123 20.907 16.914 30.548 35.893 39.163 11.355 14.899 11.952 23.371 23.184 34.111 27.449 12.142 9.972 21.583 28.42 20.48 24.968 21.723 6.545 8.837 15.403 10.21 11.229 13.069 19.616 20.802 9.34 13.575 15.243 8.289
5.942 11.076 15.626 7.809 15.101 12.4 15.052 9.875 20.993 7.217 13.602 12.794 12.451 15.978 11.439 49.658 29.644 17.71 29.179 18.795 28.953 14.268 9.589 20.402 28.1 29.287 13.647 31.207 49.207 31.63 26.687 33.144 39.878 34.386 26.873 22.061 38.479 45.154 49.67 15.169 20.188 16.666 30.693 30.302 43.089 35.771 16.337 13.821 28.886 37.132 27.624 32.989 29.004 9.017 12.821 21.305 14.28 15.442 17.722 25.549 27.066 12.725 18.35 20.475 11.472
5.922 11.148 15.835 7.968 15.524 12.804 15.506 10.207 21.67 7.512 14.346 13.634 13.359 17.227 12.404 52.339 30.624 18.163 29.611 19.087 29.291 14.532 9.898 21.526 29.672 30.612 14.248 32.625 50.448 31.998 26.678 33.05 39.47 33.675 26.151 21.555 37.684 43.825 47.213 14.354 19.398 16.386 30.506 29.996 41.701 33.929 15.329 13.061 27.632 35.15 25.923 30.543 26.601 8.252 12.125 20.61 13.935 15.194 17.519 25.018 26.013 12.168 17.618 19.767 11.131
5.792 10.064 14.109 7.495 13.79 11.676 14.148 9.546 19.327 7.14 12.64 12.154 11.982 15.243 11.262 46.091 28.052 17.681 27.713 18.328 27.312 13.945 9.231 18.456 25.849 27.768 13.647 28.923 45.462 30.362 25.859 31.287 37.242 32.502 25.515 20.594 34.638 40.923 45.513 14.304 18.093 14.921 26.815 27.171 38.587 32.425 15.207 12.399 24.48 31.739 24.392 29.041 25.738 8.144 10.947 17.898 12.631 13.668 15.652 22.392 23.947 11.741 16.133 17.928 10.39
5.262 9.564 13.422 6.923 13.076 10.882 13.169 8.785 18.178 6.49 11.949 11.361 11.134 14.212 10.344 42.814 25.52 15.695 25.416 16.691 25.308 12.746 8.58 17.821 24.495 25.671 12.324 27.212 42.342 27.623 23.525 28.989 34.675 30.091 23.611 19.282 33.009 38.667 42.61 13.16 17.277 14.361 26.068 25.88 36.466 30.436 14.159 11.879 24.191 30.928 23.305 27.766 24.585 7.719 10.835 17.849 12.24 13.251 15.174 21.634 22.879 11.029 15.614 17.393 9.935
5.108 9.959 14.276 6.929 13.937 11.324 13.775 8.886 19.53 6.472 12.785 12.035 11.726 15.249 10.783 48.188 27.929 16.128 26.733 16.765 26.15 12.58 8.546 19.293 26.719 27.39 12.287 29.368 45.982 28.547 23.494 29.273 34.976 29.415 22.698 18.79 33.572 38.857 39.473 12.839 17.317 14.498 27.559 26.895 37.697 30.205 13.302 11.428 25.051 32.007 23.168 27.297 23.403 7.19 10.785 18.646 12.294 13.433 15.557 22.51 23.357 10.57 15.679 17.632 9.692
7.008 12.531 17.563 9.237 17.199 14.462 17.415 11.737 23.838 8.751 15.888 15.247 15.009 19.121 14.058 55.742 33.861 20.751 32.996 21.92 32.811 16.858 11.499 23.625 32.565 34.103 16.58 35.9 55.24 36.352 30.679 37.516 44.749 38.825 30.482 25.075 42.372 49.508 54.106 17.063 22.237 18.808 33.873 33.816 46.839 39.108 18.341 15.439 30.958 39.449 29.929 35.14 31.146 9.996 13.951 23.035 16.105 17.458 20.005 28.227 29.683 14.494 20.225 22.588 13.148
6.72 12.138 16.994 8.804 16.527 13.781 16.65 11.136 22.911 8.241 15.08 14.344 14.049 17.897 13.051 53.529 32.245 19.848 32.03 21.11 31.908 16.156 10.904 22.496 30.89 32.396 15.617 34.283 53.326 34.98 29.787 36.645 43.854 38.14 29.979 24.534 41.815 49.019 54.073 16.855 22.028 18.342 33.103 32.921 46.307 38.812 18.153 15.243 30.832 39.427 29.817 35.448 31.45 9.956 13.894 22.783 15.678 16.939 19.373 27.559 29.19 14.147 19.94 22.204 12.745
5.207 9.207 13.545 6.863 13.244 11.102 13.742 8.919 19.114 6.48 11.664 11.345 11.275 14.649 10.561 49.047 27.394 16.076 26.479 16.894 26.198 12.698 8.17 16.723 25.366 27.517 12.683 27.947 46.155 28.708 23.947 29.484 35.802 30.441 23.445 18.884 33.364 39.559 43.04 12.584 16.064 13.233 25.711 26.269 38.028 30.464 13.487 10.868 22.815 30.741 22.502 27.071 23.593 7.14 9.377 16.531 11.586 12.737 14.82 22.051 23.327 10.624 14.788 16.773 9.42
4.428 8.424 12.15 5.86 11.839 9.562 11.818 7.575 16.888 5.445 10.476 9.825 9.617 12.559 8.829 42.354 23.774 13.617 23.322 14.591 23.11 10.962 7.188 15.594 22.2 23.265 10.506 24.955 40.175 24.72 20.698 26.081 31.576 26.778 20.712 16.912 30.394 35.569 38.678 11.355 15.171 12.279 23.691 23.287 33.767 27.286 12.126 10.164 22.011 28.568 20.626 24.882 21.63 6.604 9.225 15.879 10.435 11.452 13.295 19.689 20.769 9.384 13.787 15.441 8.418
4.975 9.261 13.149 6.464 12.685 10.311 12.644 8.208 17.808 5.931 11.13 10.417 10.152 13.098 9.284 42.719 25.069 14.633 24.744 15.717 24.603 11.921 7.9 16.569 23.275 24.466 11.303 26.171 42.015 26.574 22.482 28.18 34.096 29.292 22.981 18.897 33.208 38.964 42.345 13.195 17.287 13.971 26.048 25.716 37.19 30.695 14.06 11.856 24.814 32.17 23.671 28.502 25.04 7.899 10.823 18.033 11.979 13.003 14.957 21.901 23.315 10.827 15.695 17.473 9.689
5.067 9.007 12.632 6.683 12.435 10.46 12.632 8.518 17.336 6.378 11.55 11.101 10.954 13.943 10.285 41.38 24.711 15.622 24.611 16.209 24.324 12.395 8.288 16.955 23.412 24.744 12.122 26.043 40.211 26.518 22.691 27.643 32.683 28.38 22.319 18.068 30.59 35.851 39.61 12.374 16.058 13.3 23.952 23.914 33.543 27.852 13.026 10.748 21.527 27.561 21.039 25.103 22.142 6.993 9.722 15.973 11.176 12.113 13.826 19.568 20.626 10.088 14.111 15.683 9.026
4.687 8.657 12.676 6.325 12.576 10.367 12.75 8.236 17.951 5.984 11.315 10.905 10.824 14.145 10.108 46.021 24.87 14.427 24.053 15.285 24.008 11.582 7.579 16.572 24.219 25.497 11.602 26.547 42.109 25.75 21.296 26.63 32.14 27.129 20.841 16.906 30.442 35.588 38.194 10.954 14.696 12.288 24.181 24.03 33.865 26.629 11.607 9.57 20.943 27.375 19.823 23.715 20.548 6.112 8.692 15.636 10.687 11.803 13.716 20.002 20.596 9.273 13.332 15.136 8.402
5.22 9.969 14.647 7.092 14.482 11.756 14.522 9.287 20.755 6.681 12.93 12.348 12.214 16.057 11.327 53.246 28.977 16.114 27.606 17.264 27.458 13.072 8.641 19.115 27.853 28.952 12.946 30.714 48.854 29.295 24.059 30.43 36.812 30.758 23.633 19.443 35.323 40.992 43.317 12.587 17.079 14.201 28.175 27.643 39.087 30.596 13.312 11.227 24.907 32.256 22.867 27.242 23.456 7.159 10.181 18.37 12.225 13.566 15.844 23.305 23.967 10.615 15.633 17.72 9.699
6.671 12.03 16.696 8.964 16.474 13.889 16.585 11.347 22.567 8.553 15.584 15.021 14.818 18.714 13.941 51.929 31.221 19.841 31.196 20.945 31.15 16.295 11.328 23.236 31.228 32.273 16.092 34.278 51.285 33.805 29.088 35.524 41.7 36.219 28.746 23.706 39.616 45.733 49.59 15.965 21.237 18.101 31.964 31.528 42.921 35.539 17.027 14.552 28.911 36.15 27.459 32.275 28.478 9.336 13.443 21.846 15.345 16.609 18.878 26.097 27.07 13.503 19.009 21.108 12.371
7.201 13.062 18.563 9.541 18.207 15.176 18.449 12.246 25.541 9.023 16.567 15.893 15.686 20.17 14.657 61.282 36.454 21.589 35.085 22.888 34.847 17.51 11.83 24.509 34.59 36.328 17.247 38.22 59.734 38.368 32.078 39.574 47.486 40.759 31.822 26.218 45.041 52.632 56.908 17.609 23.098 19.369 35.798 35.716 49.967 41.099 18.846 15.893 32.529 41.833 31.176 36.734 32.326 10.259 14.202 23.998 16.601 18.135 20.914 29.968 31.449 14.918 21.073 23.625 13.537
4.994 9.587 13.649 6.828 13.428 11.028 13.371 8.771 18.75 6.422 12.465 11.839 11.607 14.983 10.758 45.567 26.057 15.54 25.552 16.41 25.37 12.464 8.46 18.71 25.672 26.358 12.203 28.233 43.445 27.27 22.904 28.525 33.965 28.933 22.431 18.36 32.413 37.642 40.663 11.954 16.52 13.927 26.154 25.565 35.583 28.737 12.864 10.986 23.577 29.889 21.924 26.023 22.613 6.834 10.315 17.637 11.848 12.957 14.936 21.312 22.042 10.239 15.013 16.835 9.38
5.082 9.597 13.541 6.966 13.325 11.071 13.291 8.86 18.368 6.569 12.532 12.007 11.782 15.055 10.97 43.468 25.651 15.716 25.204 16.438 24.953 12.556 8.655 18.817 25.537 26.157 12.414 27.855 42.204 27.052 22.874 28.185 33.25 28.46 22.194 18.23 31.553 36.524 39.357 11.935 16.443 14.099 25.839 25.332 34.712 28.251 12.928 11.097 23.254 29.278 21.777 25.635 22.322 6.907 10.455 17.609 12.055 13.108 15.011 21.054 21.723 10.356 14.995 16.774 9.528
4.797 9.079 12.897 6.222 12.341 9.951 12.222 7.845 17.267 5.615 10.704 9.917 9.595 12.383 8.681 41.209 23.844 14.062 24.022 15.156 23.925 11.373 7.427 15.924 22.217 23.351 10.612 25.048 40.603 25.628 21.802 27.485 33.477 28.855 22.48 18.287 32.728 38.753 43.292 12.711 16.972 13.586 25.633 25.239 37.112 30.829 13.858 11.613 24.865 32.42 23.845 29.159 25.708 7.766 10.847 18.119 11.818 12.799 14.724 21.747 23.317 10.685 15.643 17.419 9.486
4.681 8.834 12.528 6.392 12.377 10.25 12.363 8.2 17.201 6.062 11.599 11.094 10.912 14.033 10.182 41.401 23.878 14.363 23.266 15.132 23.132 11.596 7.959 17.386 23.78 24.375 11.479 26.006 39.512 25.015 20.989 25.995 30.831 26.313 20.481 16.86 29.38 33.99 36.481 11.005 15.097 12.9 23.939 23.44 32.132 25.949 11.786 10.09 21.318 26.86 19.83 23.324 20.307 6.286 9.455 16.108 10.984 12.001 13.806 19.472 20.018 9.45 13.695 15.366 8.705
5.778 9.978 14.011 7.445 13.66 11.586 14.071 9.484 19.185 7.074 12.424 11.956 11.792 15.006 11.084 45.77 27.867 17.476 27.46 18.185 27.087 13.823 9.141 18.097 25.577 27.642 13.566 28.64 45.385 30.302 25.76 31.13 37.205 32.494 25.482 20.582 34.584 40.957 45.553 14.313 17.975 14.832 26.709 27.227 38.834 32.696 15.331 12.488 24.558 32.047 24.615 29.259 25.973 8.237 10.925 17.863 12.665 13.714 15.733 22.616 24.281 11.882 16.233 18.056 10.499
4.619 8.569 12.052 6.048 11.612 9.551 11.567 7.606 16.064 5.565 10.434 9.813 9.535 12.196 8.746 37.563 22.65 13.62 22.35 14.447 22.184 10.977 7.388 15.639 21.473 22.393 10.479 23.816 37.541 24.3 20.553 25.485 30.662 26.521 20.772 17.063 29.652 34.843 38.434 11.832 15.707 12.977 23.741 23.467 33.362 27.841 12.78 10.813 22.477 28.906 21.607 25.817 22.756 7.098 10.072 16.64 11.179 12.054 13.802 19.846 21.072 9.962 14.318 15.961 8.971
5.098 9.281 13.643 6.802 13.399 11.087 13.719 8.864 19.277 6.409 11.843 11.456 11.37 14.827 10.606 49.275 27.265 15.653 26.308 16.674 26.102 12.573 8.184 17.201 25.686 27.369 12.508 28.312 45.978 28.217 23.481 29.252 35.438 29.94 23.067 18.758 33.422 39.217 42.238 12.32 16.136 13.345 26.079 26.176 37.536 29.871 13.187 10.84 23.166 30.636 22.155 26.591 23.114 7.04 9.502 16.893 11.598 12.799 14.906 22.053 23.068 10.426 14.835 16.809 9.361
6.298 10.957 15.467 8.163 15.128 12.795 15.572 10.444 21.319 7.769 13.763 13.253 13.091 16.723 12.31 51.486 30.872 19.176 30.277 19.941 29.869 15.14 9.993 20.022 28.448 30.684 14.927 31.802 50.414 33.304 28.193 34.162 40.851 35.523 27.77 22.42 37.976 44.925 49.756 15.451 19.526 16.134 29.398 29.915 42.641 35.589 16.524 13.453 26.773 34.977 26.689 31.74 28.076 8.824 11.789 19.513 13.795 14.99 17.239 24.85 26.554 12.861 17.656 19.681 11.381
6.835 12.346 17.348 9.192 17.145 14.467 17.298 11.71 23.626 8.797 16.187 15.659 15.456 19.701 14.561 55.294 33.245 20.432 32.033 21.356 31.803 16.518 11.475 24.153 33.016 34.062 16.566 35.875 53.936 35.227 29.49 35.997 42.643 36.72 28.74 23.822 40.346 46.788 50.34 15.858 21.094 18.324 33.115 32.829 44.315 36.42 17.003 14.476 29.385 36.964 27.9 32.373 28.508 9.167 13.321 22.355 15.714 17.085 19.591 27.229 28.091 13.718 19.241 21.593 12.645
4.865 9.37 13.246 6.751 13.072 10.793 12.998 8.623 18.066 6.353 12.294 11.741 11.53 14.766 10.713 43.043 24.854 15.188 24.669 15.994 24.533 12.221 8.404 18.45 24.986 25.513 12.025 27.352 41.396 26.2 22.265 27.632 32.593 27.843 21.731 17.802 31.089 35.94 38.792 11.502 16.104 13.666 25.253 24.616 33.883 27.385 12.413 10.708 22.701 28.533 21.071 24.985 21.713 6.611 10.158 17.157 11.645 12.711 14.565 20.48 21.06 9.943 14.597 16.312 9.161
4.906 8.395 12.152 6.246 11.659 9.87 12.21 7.991 16.793 5.83 10.126 9.752 9.609 12.338 8.949 42.074 24.495 15.164 24.55 15.78 24.141 11.763 7.439 14.429 21.759 24.226 11.388 24.383 41.428 26.742 22.81 27.747 33.792 29.256 22.718 18.075 31.238 37.634 42.171 12.621 15.542 12.436 23.227 24.174 36.041 29.895 13.598 10.764 21.606 29.617 22.279 27.168 23.949 7.28 9.171 15.253 10.778 11.658 13.452 20.21 22.132 10.359 14.133 15.88 8.97
5.552 9.766 13.678 7.244 13.4 11.3 13.67 9.221 18.718 6.894 12.345 11.852 11.681 14.859 10.963 44.514 26.837 16.949 26.708 17.645 26.382 13.457 8.963 18.117 25.144 26.775 13.142 28.069 43.729 29.044 24.819 30.158 35.81 31.192 24.522 19.843 33.465 39.349 43.62 13.69 17.54 14.5 26.053 26.185 36.981 30.959 14.531 11.942 23.731 30.536 23.377 27.865 24.667 7.806 10.664 17.446 12.238 13.247 15.145 21.557 22.914 11.231 15.575 17.304 10
5.713 10.359 14.453 7.549 14.048 11.755 14.101 9.488 19.283 7.059 12.955 12.367 12.094 15.328 11.235 44.321 27.12 16.871 26.893 17.815 26.753 13.68 9.347 19.403 26.343 27.403 13.286 28.968 44.542 29.411 25.085 30.751 36.599 31.859 25.099 20.607 34.958 40.888 44.988 14.149 18.664 15.734 28.12 27.887 38.771 32.501 15.286 12.932 26.123 33.201 25.192 29.814 26.405 8.395 11.956 19.543 13.496 14.532 16.56 23.301 24.555 11.995 16.932 18.853 10.875
