7.154 11.236 6.855 3.85 8.995 5.948 8.403 8.59 11.825 3.082 5.13 16.238 8.299 5.697 3.29 11.231 14.424 12.779 10.97 8.151 11.456 4.541 5.025 5.96 9.016 9.343 5.529 7.459 9.459 14.516 13.844 22.097 11.874 14.936 16.63 14.261 14.661 23.434 20.009 9.602 13.355 10.256 13.447 25.844 31.567 21.663 8.61 10.535 28.65 16.605 15.018 17.899 26.247 13.217 14.593 11.866 9.382 19.947 15.934 9.569 14.624 11.055 10.225 9.724 9.559
7.813 12.627 7.522 4.053 9.633 6.277 8.997 9.231 13.023 3.2 5.075 17.558 8.714 5.823 3.164 11.133 14.869 13.21 11.246 8.139 11.455 4.308 4.522 5.267 8.13 8.498 4.859 6.404 8.19 13.008 12.475 20.626 10.747 13.523 15.136 12.893 13.224 21.861 18.655 8.643 11.853 8.943 11.818 24.166 30.709 20.99 8.034 9.496 27.986 15.995 14.476 17.416 26.576 13.011 14.314 11.475 8.89 19.822 15.948 9.382 14.512 10.898 9.987 9.4 9.188
8.453 13.051 8.114 4.679 10.694 7.125 9.895 10.059 13.586 3.687 6.257 18.438 9.612 6.671 3.988 13.036 16.224 14.293 12.312 9.296 12.965 5.308 5.996 7.073 10.389 10.608 6.381 8.623 10.751 16.004 15.165 23.611 12.987 16.336 18.149 15.658 16.132 25.26 21.687 10.691 15 11.662 15.183 28.123 33.91 23.621 9.716 12.226 31.693 18.701 16.985 20.241 29.194 15.093 16.795 13.862 11.145 23.017 18.43 11.276 17.204 13.137 12.246 11.728 11.569
7.612 11.945 7.207 4.072 10.069 6.561 9.291 9.415 12.786 3.178 6.003 18.275 9.16 6.263 3.73 13.451 16.516 14.207 12.043 8.991 12.971 5.074 6.116 7.504 11.246 11.369 6.66 9.427 11.901 17.736 16.504 25.72 13.549 17.353 19.322 16.441 16.968 26.89 22.585 10.616 15.627 12.051 16.015 29.787 34.913 23.315 8.973 11.992 32.212 18.208 16.35 19.622 28.291 13.952 15.776 12.921 10.366 22.261 17.323 10.208 16.099 12.076 11.296 10.898 10.82
7.456 11.546 7.272 4.042 8.773 6.031 8.333 8.625 11.94 3.261 4.913 15.299 8.388 5.713 3.202 9.944 13.443 12.388 10.711 7.881 10.659 4.329 4.46 5.07 7.51 7.923 4.751 6.084 7.638 11.807 11.618 18.683 10.438 12.711 14.141 12.258 12.496 19.9 17.567 8.586 11.249 8.673 11.095 21.62 27.988 20.153 8.124 9.274 24.777 15.359 13.892 16.343 24.305 12.772 13.682 11.104 8.694 17.96 15.071 9.217 13.578 10.504 9.623 9.054 8.827
7.693 11.531 7.34 4.369 9.852 6.762 9.236 9.39 12.399 3.508 6.259 17.118 9.281 6.58 4.13 13.09 15.945 14.013 12.079 9.265 12.884 5.548 6.595 7.98 11.508 11.683 7.247 9.937 12.31 17.674 16.669 24.913 14.026 17.465 19.3 16.718 17.196 26.073 22.394 11.29 15.943 12.677 16.357 28.639 33.243 23.12 9.644 12.503 30.452 18.341 16.596 19.522 27.172 14.379 15.966 13.333 10.924 21.669 17.384 10.752 16.133 12.501 11.762 11.397 11.331
8.413 12.612 8.188 4.76 9.689 6.905 9.356 9.706 13.198 3.92 5.796 16.72 9.605 6.784 4 11.327 15.428 14.424 12.663 9.558 12.685 5.515 5.715 6.425 9.299 9.948 6.257 7.915 9.857 15.021 15.006 23.643 13.75 16.595 18.37 16.126 16.435 25.363 22.587 11.6 14.888 11.718 14.674 27.343 34.828 25.376 10.858 12.285 30.129 19.314 17.57 20.326 29.261 15.971 16.98 13.95 11.091 21.436 18.254 11.552 16.411 12.903 11.849 11.156 10.86
7.878 11.654 7.623 4.539 9.405 6.69 9.041 9.331 12.477 3.81 5.91 16.397 9.411 6.738 4.131 11.973 15.545 14.338 12.596 9.654 12.927 5.758 6.246 7.246 10.475 11.031 7.025 9.127 11.359 16.823 16.495 25.199 14.772 17.861 19.661 17.225 17.563 26.508 23.36 12.167 15.944 12.672 15.914 28.37 34.533 24.951 10.835 12.656 29.97 19 17.212 19.863 27.792 15.296 16.374 13.58 10.955 20.887 17.446 11.104 15.827 12.433 11.518 10.969 10.774
7.337 10.817 7.052 4.228 9.076 6.395 8.584 8.755 11.482 3.403 5.759 15.248 8.642 6.158 3.863 11.478 14.166 12.696 11.022 8.483 11.534 5.127 5.918 7.061 10.02 10.232 6.464 8.625 10.607 15.098 14.429 21.376 12.428 15.224 16.821 14.726 15.12 22.665 19.843 10.26 14.069 11.325 14.423 24.978 29.566 21.208 9.076 11.408 27.047 16.987 15.423 17.988 24.968 13.663 14.96 12.568 10.334 19.908 16.381 10.334 15.138 11.932 11.207 10.829 10.743
6.54 9.939 6.287 3.623 8.136 5.553 7.601 7.738 10.349 2.829 4.847 13.726 7.44 5.163 3.088 9.779 12.181 10.844 9.335 7.033 9.694 4.032 4.6 5.459 7.884 8.023 4.866 6.532 8.086 11.794 11.214 17.125 9.6 11.925 13.239 11.486 11.809 18.247 15.864 7.869 10.966 8.646 11.19 20.295 24.589 17.459 7.133 9.026 22.868 13.956 12.673 14.991 21.467 11.332 12.525 10.405 8.427 17.076 13.92 8.567 12.936 10.026 9.37 9.007 8.915
7.638 12.051 7.32 4.076 9.577 6.312 8.939 9.141 12.631 3.247 5.392 17.29 8.799 6.007 3.431 11.814 15.243 13.514 11.58 8.561 12.048 4.723 5.201 6.163 9.353 9.695 5.698 7.678 9.752 15.036 14.349 23.031 12.31 15.499 17.278 14.801 15.216 24.464 20.896 9.951 13.843 10.599 13.93 27.028 33.234 22.805 8.975 10.958 30.204 17.47 15.797 18.86 27.836 13.943 15.393 12.484 9.838 21.106 16.87 10.083 15.466 11.672 10.782 10.239 10.059
5.76 9.006 5.59 3.054 6.759 4.648 6.514 6.787 9.527 2.533 3.788 12.539 6.792 4.586 2.527 8.193 11.463 10.585 9.107 6.638 9.07 3.625 3.713 4.281 6.564 7.068 4.216 5.434 6.968 11.097 11.002 17.996 9.875 12.004 13.387 11.553 11.752 18.973 16.636 7.961 10.364 7.942 10.219 20.423 26.438 18.579 7.272 8.124 22.364 13.644 12.2 14.288 21.363 10.961 11.614 9.31 7.197 15.125 12.641 7.592 11.131 8.531 7.753 7.255 7.057
7.798 11.643 7.706 4.337 8.418 6.148 8.269 8.765 12.199 3.638 5.05 14.618 9.102 6.279 3.544 9.497 13.994 13.797 12.154 8.99 11.604 5.016 4.923 5.307 7.595 8.394 5.327 6.564 8.163 12.852 13.507 22.031 13.184 15.451 17.077 15.049 15.18 23.639 21.821 11.063 13.492 10.429 12.76 24.548 33.949 25.506 10.57 11.202 26.978 18.406 16.495 18.764 27.519 15.311 15.696 12.631 9.773 18.574 16.55 10.428 14.389 11.352 10.244 9.478 9.09
6.408 10.345 6.078 3.328 8.398 5.366 7.782 7.928 11.061 2.654 4.705 15.942 7.686 5.171 2.933 11.12 14.189 12.251 10.353 7.588 11.02 4.132 4.721 5.757 8.98 9.244 5.287 7.375 9.5 14.823 13.888 22.506 11.505 14.757 16.478 13.918 14.332 23.436 19.536 8.943 12.918 9.761 13.091 25.826 31 20.368 7.664 9.706 28.033 15.403 13.798 16.651 24.72 11.812 13.244 10.656 8.353 18.722 14.507 8.405 13.3 9.827 9.091 8.669 8.554
7.925 12.082 7.62 4.387 9.81 6.694 9.235 9.455 12.771 3.538 5.873 17.173 9.277 6.47 3.851 12.31 15.629 14.033 12.136 9.141 12.606 5.256 5.883 6.971 10.255 10.598 6.463 8.655 10.833 16.136 15.487 23.996 13.426 16.619 18.429 15.964 16.377 25.44 22.064 10.95 15.013 11.749 15.166 27.894 33.863 23.868 9.787 11.977 30.536 18.479 16.725 19.686 28.196 14.803 16.189 13.322 10.678 21.666 17.625 10.83 16.161 12.451 11.568 11.056 10.897
8.5 12.919 8.408 4.729 9.511 6.784 9.17 9.594 13.284 3.849 5.433 16.083 9.433 6.473 3.637 10.103 14.235 13.536 11.811 8.713 11.381 4.805 4.737 5.133 7.323 7.838 4.826 5.924 7.29 11.237 11.384 18.312 10.633 12.609 13.947 12.194 12.325 19.329 17.501 8.791 10.969 8.482 10.518 20.352 27.48 20.475 8.515 9.284 23.527 15.493 14.038 16.281 24.222 13.263 13.91 11.302 8.824 17.38 15.21 9.536 13.532 10.682 9.735 9.086 8.782
11.302 17.071 11.049 6.301 12.803 9.033 12.186 12.619 17.237 5.024 7.274 21.123 12.113 8.395 4.813 13.529 18.386 17.191 14.994 11.157 14.67 6.233 6.289 6.918 9.857 10.41 6.418 7.976 9.803 14.871 14.813 23.465 13.569 16.251 17.947 15.674 15.895 24.714 22.118 11.207 14.253 11.091 13.837 26.226 34.313 25.361 10.704 11.979 30.095 19.427 17.687 20.58 30.209 16.494 17.513 14.331 11.306 22.224 19.097 12.024 17.212 13.551 12.424 11.666 11.328
7.733 11.401 7.517 4.494 9.097 6.483 8.669 8.922 11.881 3.68 5.6 15.148 8.78 6.295 3.854 10.749 13.9 12.879 11.367 8.738 11.592 5.198 5.556 6.326 8.963 9.382 5.986 7.664 9.436 13.881 13.667 20.921 12.422 15.045 16.608 14.639 14.968 22.596 20.111 10.605 13.831 11.023 13.774 24.541 30.367 22.395 9.905 11.564 27.181 17.5 15.984 18.497 26.024 14.531 15.597 12.997 10.515 19.857 16.744 10.772 15.329 12.126 11.242 10.687 10.466
6.721 10.276 6.506 3.703 7.86 5.506 7.61 7.901 10.892 3.078 4.602 14.234 7.859 5.48 3.16 9.568 13.183 12.184 10.602 7.905 10.669 4.476 4.643 5.301 7.932 8.536 5.257 6.727 8.514 13.264 13.152 21.022 11.832 14.374 15.94 13.864 14.122 22.197 19.477 9.709 12.586 9.797 12.443 23.875 30.207 21.405 8.847 9.987 25.783 15.966 14.437 16.795 24.482 12.911 13.757 11.188 8.803 17.661 14.813 9.167 13.21 10.243 9.373 8.81 8.585
6.277 9.301 6.103 3.592 7.465 5.289 7.096 7.303 9.737 2.93 4.575 12.512 7.241 5.116 3.093 8.953 11.497 10.597 9.28 7.075 9.451 4.165 4.518 5.227 7.462 7.761 4.89 6.341 7.831 11.466 11.215 17.089 10.068 12.18 13.466 11.826 12.086 18.329 16.31 8.449 11.141 8.859 11.161 19.95 24.686 18.155 7.806 9.219 22.098 14.186 12.872 14.938 21.11 11.688 12.546 10.424 8.412 16.186 13.604 8.626 12.415 9.792 9.086 8.664 8.512
6.514 9.689 6.261 3.722 8.086 5.624 7.587 7.719 10.161 2.948 5.023 13.454 7.5 5.313 3.296 9.937 12.209 10.898 9.45 7.244 9.884 4.308 4.963 5.89 8.366 8.508 5.31 7.099 8.719 12.463 11.871 17.725 10.211 12.594 13.932 12.172 12.516 18.911 16.519 8.47 11.711 9.366 11.987 20.993 24.995 17.924 7.622 9.655 23.247 14.461 13.168 15.451 21.636 11.738 12.938 10.856 8.903 17.389 14.249 8.955 13.273 10.406 9.769 9.43 9.349
5.917 9.133 5.709 3.233 7.247 4.898 6.792 6.956 9.488 2.572 4.166 12.557 6.7 4.621 2.679 8.607 11.067 9.962 8.602 6.415 8.83 3.597 3.921 4.579 6.76 6.996 4.202 5.561 6.962 10.511 10.118 15.944 8.832 10.954 12.175 10.529 10.802 17.024 14.795 7.259 9.899 7.678 9.937 18.766 23.281 16.482 6.693 8.082 21.237 12.807 11.628 13.765 20.086 10.458 11.445 9.373 7.453 15.403 12.58 7.693 11.56 8.879 8.219 7.817 7.678
6.706 9.908 6.59 3.852 7.667 5.512 7.323 7.596 10.22 3.151 4.622 12.629 7.562 5.322 3.159 8.655 11.522 10.897 9.621 7.305 9.565 4.246 4.386 4.901 6.903 7.27 4.606 5.794 7.126 10.591 10.61 16.478 9.914 11.84 13.095 11.558 11.757 17.882 16.21 8.47 10.786 8.532 10.563 19.164 24.711 18.659 8.11 9.17 21.731 14.396 13.061 15.064 21.523 12.145 12.827 10.604 8.461 16.001 13.788 8.823 12.447 9.892 9.098 8.586 8.359
7.808 11.795 7.495 4.374 9.716 6.717 9.266 9.525 12.83 3.651 6.039 17.57 9.601 6.764 4.094 13.015 16.596 14.924 12.911 9.773 13.442 5.727 6.445 7.702 11.395 11.861 7.337 9.837 12.357 18.367 17.644 27.043 15.208 18.638 20.551 17.774 18.155 27.865 24.072 12.055 16.365 12.865 16.508 29.922 35.708 24.934 10.314 12.479 31.153 18.9 17.028 19.887 28.09 14.841 16.118 13.274 10.669 21.335 17.361 10.72 15.767 12.184 11.334 10.865 10.738
7.235 10.658 7.091 4.2 8.327 5.989 7.955 8.229 11.019 3.434 5.071 13.678 8.13 5.785 3.486 9.449 12.47 11.735 10.38 7.933 10.399 4.663 4.857 5.429 7.612 8.003 5.105 6.427 7.879 11.649 11.627 17.963 10.8 12.958 14.316 12.652 12.897 19.523 17.613 9.29 11.891 9.448 11.699 21.04 26.8 20.137 8.882 10.143 23.789 15.675 14.299 16.501 23.432 13.235 14.067 11.683 9.387 17.621 15.118 9.745 13.745 10.934 10.09 9.543 9.304
6.464 9.683 6.29 3.636 7.583 5.365 7.275 7.54 10.223 3.017 4.584 13.186 7.589 5.318 3.14 9.239 12.294 11.453 10.026 7.563 10.114 4.376 4.627 5.317 7.742 8.194 5.125 6.606 8.26 12.453 12.333 19.253 11.211 13.52 14.958 13.088 13.331 20.509 18.24 9.295 12.073 9.492 11.949 22.002 27.717 20.21 8.516 9.755 23.956 15.276 13.784 15.952 22.819 12.444 13.217 10.847 8.621 16.803 14.17 8.888 12.727 9.966 9.166 8.668 8.47
8.061 12.527 7.869 4.439 9.534 6.537 9.039 9.322 12.882 3.55 5.3 16.42 8.836 6.096 3.451 10.436 14.023 12.807 11.096 8.209 11.062 4.514 4.611 5.153 7.534 7.904 4.746 5.988 7.429 11.406 11.138 17.838 9.895 12.09 13.394 11.587 11.805 18.726 16.391 8.092 10.581 8.154 10.384 20.206 25.975 18.633 7.698 8.81 23.501 14.415 13.192 15.589 23.227 12.194 13.202 10.765 8.476 17.448 14.61 9.034 13.327 10.34 9.511 8.956 8.73
7.39 11.279 7.014 4.12 9.82 6.588 9.146 9.282 12.356 3.328 6.223 17.793 9.282 6.449 4.024 13.751 16.687 14.339 12.167 9.247 13.162 5.481 6.677 8.213 12.093 12.217 7.395 10.406 13.026 18.923 17.598 26.507 14.411 18.132 20.063 17.175 17.659 27.146 22.913 11.188 16.236 12.767 16.705 29.723 33.975 22.826 9.186 12.239 30.917 17.97 16.055 19.051 26.698 13.659 15.318 12.733 10.387 21.34 16.763 10.104 15.528 11.847 11.152 10.846 10.822
5.837 8.9 5.64 3.231 7.101 4.871 6.697 6.874 9.319 2.603 4.185 12.291 6.717 4.669 2.744 8.594 11.063 10.032 8.698 6.529 8.923 3.723 4.067 4.754 6.973 7.241 4.416 5.827 7.283 10.914 10.56 16.477 9.287 11.432 12.686 11.018 11.289 17.589 15.378 7.658 10.344 8.084 10.386 19.288 23.846 17.023 7.011 8.408 21.493 13.181 11.949 14.046 20.268 10.728 11.659 9.58 7.647 15.472 12.727 7.855 11.641 9.003 8.337 7.936 7.797
6.88 10.16 6.677 4.017 8.249 5.821 7.789 7.973 10.551 3.254 5.076 13.572 7.743 5.56 3.441 9.725 12.261 11.209 9.87 7.618 10.17 4.552 4.953 5.679 8.014 8.286 5.266 6.806 8.341 12.117 11.78 17.859 10.547 12.865 14.198 12.496 12.811 19.294 17.066 9.009 11.948 9.538 11.987 21.163 25.806 18.946 8.421 10.065 23.688 15.074 13.811 16.079 22.557 12.56 13.628 11.415 9.3 17.667 14.745 9.489 13.664 10.79 10.058 9.611 9.448
