2.604 2.881 6.14 6.232 12.531 15.474 11.077 9.469 10.028 3.95 5.352 9.084 4.05 2.529 1.843 12.035 10.224 11.103 11.963 7.984 15.54 6.907 3.603 5.061 14.929 12.08 8.121 12.097 13.318 15.976 23.272 32.884 14.755 12.438 11.975 6.765 12.593 29.612 23.491 12.198 8.607 6.175 11.967 9.198 15.906 37.124 16.525 14.312 23.817 19.962 22.726 13.399 33.035 11.645 12.186 16.737 14.893 18.33 11.424 14.115 20.289 11.949 10.483 17.657 5.439
2.371 2.651 6.335 6.122 12.446 15.187 10.864 9.181 9.869 3.737 5.384 9.517 3.946 2.431 1.763 14.545 10.37 11.059 12.04 7.947 16.373 6.871 3.497 5.279 17.319 12.437 8.17 12.9 14.013 16.617 24.108 33.821 14.848 12.397 12.118 6.625 13.305 31.153 23.379 11.758 8.216 5.718 11.723 8.55 15.261 36.057 15.477 13.144 22.94 18.619 21.37 12.257 32.307 10.664 11.204 15.841 13.726 17.095 10.345 13.085 19.042 10.868 9.551 16.827 4.802
2.027 2.287 4.944 4.892 9.389 11.347 8.24 7.008 7.454 3.033 4.186 7.063 3.173 2.033 1.53 9.936 7.805 8.387 9.087 6.167 11.952 5.383 2.89 4.169 12.242 9.387 6.389 9.646 10.545 12.484 17.812 24.604 11.372 9.692 9.524 5.513 10.318 22.997 17.889 9.444 6.859 5.065 9.856 7.558 12.72 27.645 12.68 10.892 17.94 14.934 16.811 10.083 24.02 8.811 9.172 12.542 11.081 13.472 8.52 10.498 14.775 8.848 7.803 12.965 4.136
3.006 3.343 6.747 6.334 11.492 15.827 12.563 10.515 10.733 4.393 5.771 8.92 4.118 2.632 1.99 10.724 9.117 10.648 12.374 8.694 15.884 7.6 4.086 5.718 14.463 11.343 8.121 12.296 13.534 15.827 23.03 34.18 17.498 14.59 13.952 7.991 13.835 27.895 24.417 13.882 10.146 7.497 13.85 10.491 16.858 36.913 19.457 16.682 26.427 21.874 24.442 14.938 33.831 13.153 13.398 17.567 15.269 18.429 12.038 14.557 20.169 12.585 11.021 17.496 5.813
2.786 3.19 6.921 6.73 12.486 14.998 11.079 9.44 10.045 4.165 5.829 9.706 4.416 2.875 2.213 14.01 10.641 11.246 12.189 8.4 16.096 7.414 4.05 5.984 17.087 12.879 8.796 13.317 14.477 16.967 23.853 32.627 15.508 13.252 13.17 7.744 14.54 30.956 24.147 12.898 9.491 7.1 13.734 10.481 17.328 36.371 17.154 14.7 24.042 20.071 22.484 13.65 31.841 11.983 12.465 16.969 14.972 18.046 11.527 14.136 19.678 11.947 10.56 17.356 5.661
2.637 2.851 6.51 6.426 13.072 16.299 11.871 9.982 10.593 4.084 5.672 9.944 4.286 2.63 1.889 14.777 11.333 12.305 13.45 8.968 18.025 7.822 3.974 5.738 18.428 13.891 9.252 14.264 15.635 18.644 27.154 38.428 17.335 14.214 13.634 7.495 14.377 33.704 26.208 13.402 9.271 6.427 12.573 9.3 16.121 37.889 16.948 14.201 23.942 19.597 22.236 12.881 32.571 11.191 11.469 15.875 13.868 17.16 10.549 13.108 18.945 11.052 9.635 16.648 4.958
2.082 2.372 5.012 4.887 8.949 10.88 8.157 6.959 7.357 3.084 4.233 6.912 3.205 2.086 1.606 9.489 7.495 7.964 8.649 6.013 11.306 5.325 2.922 4.243 11.663 9.019 6.212 9.256 10.085 11.831 16.66 23.003 11.18 9.542 9.451 5.603 10.3 21.667 17.295 9.367 6.91 5.212 9.987 7.72 12.656 26.41 12.796 11.002 17.8 14.989 16.769 10.283 23.547 9.084 9.408 12.686 11.236 13.481 8.701 10.596 14.677 9.03 7.967 12.903 4.309
2.649 2.836 6.099 6.37 13.571 16.962 11.908 10.143 10.737 4.076 5.449 9.554 4.154 2.512 1.753 12.631 11.073 12.171 13.132 8.593 17.152 7.386 3.711 5.074 15.991 13.159 8.713 12.997 14.441 17.541 26.104 37.499 16.253 13.423 12.659 6.919 12.929 32.687 25.783 13.069 8.911 6.135 11.85 9.054 16.16 40.726 17.311 14.868 25.143 20.911 23.97 13.759 35.493 11.786 12.26 17.039 15.146 18.908 11.516 14.302 21.042 12.055 10.495 18.165 5.317
1.909 2.147 4.905 4.771 9.408 11.321 8.117 6.877 7.38 2.919 4.15 7.196 3.096 1.96 1.453 10.846 7.918 8.457 9.215 6.183 12.424 5.387 2.837 4.196 13.177 9.623 6.44 10.022 10.905 12.903 18.502 25.563 11.51 9.742 9.588 5.415 10.509 23.867 18.033 9.293 6.675 4.808 9.545 7.106 12.25 27.444 12.082 10.3 17.453 14.26 16.138 9.468 23.63 8.196 8.576 11.944 10.417 12.796 7.914 9.895 14.112 8.226 7.261 12.45 3.762
2.843 3.043 6.22 6.084 11.864 15.775 12.245 10.359 10.745 4.312 5.615 9.068 4.153 2.569 1.858 11.232 9.847 11.075 12.396 8.59 16.235 7.62 3.965 5.415 14.91 12.179 8.425 12.45 13.727 16.434 24.142 35.53 17.456 14.306 13.516 7.598 13.366 29.344 24.937 13.47 9.483 6.752 12.456 9.425 15.542 35.801 18 15.29 24.707 20.805 23.433 14.071 33.107 12.5 12.545 16.618 14.618 17.752 11.334 13.702 19.413 11.906 10.299 16.824 5.445
2.193 2.4 4.924 4.764 9.718 12.996 9.623 8.038 8.35 3.303 4.387 7.018 3.223 2.017 1.477 8.529 7.772 8.74 9.439 6.369 12.005 5.524 2.884 4.003 10.611 8.974 6.254 9.182 9.893 11.926 17.659 26.082 12.218 10.048 9.448 5.296 9.526 21.392 18.966 9.907 6.937 4.956 9.266 7.02 11.963 28.898 14.156 12.066 19.553 16.772 19.18 11.449 27.581 10.297 10.57 14.026 12.605 15.554 9.868 12.029 17.192 10.523 9.09 14.872 4.753
1.889 1.91 4.251 4.346 9.592 12.601 9.168 7.657 8.045 2.971 3.896 6.896 2.916 1.689 1.126 9.211 7.719 8.646 9.497 6.191 12.632 5.35 2.575 3.442 11.596 9.207 6.071 9.191 10.188 12.419 18.862 28.072 12.388 9.838 9.087 4.789 8.935 23.202 18.683 9.4 6.199 4.086 7.848 5.875 10.635 28.626 12.709 10.595 18.186 15.052 17.455 9.93 26.545 8.782 8.823 12.223 10.745 13.575 8.218 10.19 15.203 8.745 7.483 13.152 3.78
2.436 2.67 5.34 5.026 9.27 12.867 10.328 8.678 8.846 3.597 4.673 7.207 3.327 2.105 1.568 8.458 7.379 8.638 10.037 7.09 12.992 6.229 3.319 4.582 11.582 9.248 6.603 9.899 10.917 12.884 18.859 28.258 14.519 12.035 11.41 6.477 11.122 22.619 19.942 11.285 8.174 5.972 10.933 8.246 13.236 29.393 15.671 13.451 21.335 17.733 19.825 12.078 27.476 10.681 10.801 14.101 12.258 14.792 9.64 11.632 16.194 10.115 8.818 14.027 4.646
2.216 2.492 5.982 5.793 11.837 14.021 9.637 8.14 8.881 3.47 5.022 8.951 3.635 2.27 1.639 13.822 9.605 10.148 11.08 7.289 15.319 6.272 3.252 4.823 16.476 11.465 7.512 12.061 13.085 15.545 22.516 31.003 13.283 11.442 11.328 6.247 12.532 29.892 21.603 10.757 7.749 5.498 11.31 8.324 14.958 34.7 14.286 12.231 21.597 17.303 19.717 11.321 29.936 9.77 10.388 14.85 12.786 15.898 9.593 12.287 17.778 9.987 8.885 15.758 4.488
2.73 3.05 6.115 5.799 9.937 12.675 10.942 9.436 9.643 3.986 5.213 7.906 3.657 2.332 1.766 8.93 7.552 8.196 9.735 7.494 13.499 6.662 3.635 5.068 12.398 9.698 6.669 9.693 11.032 13.252 18.593 27.306 15.117 12.857 12.519 7.353 12.654 24.175 19.978 11.596 8.785 6.722 12.566 9.748 15.43 31.629 17.295 15.111 24.13 20.068 21.949 13.521 30.274 11.862 12.143 16.028 13.915 16.343 10.731 13.048 18.009 11.261 9.915 15.762 5.313
2.657 3.273 7.944 7.459 14.235 16.721 11.751 9.822 10.617 4.137 6.379 11.187 4.645 3.005 2.346 17.993 12.532 12.581 13.379 8.849 18.125 7.701 4.11 6.744 20.878 14.568 9.383 15.073 16.241 18.887 26.567 35.925 15.715 13.517 13.808 7.84 16.329 35.697 26.204 12.933 9.456 6.951 14.717 10.572 18.558 40.533 17.287 14.64 25.671 20.827 23.585 13.619 35.128 11.868 12.781 18.291 15.836 19.439 11.81 15.065 21.603 12.363 10.994 19.273 5.576
2.904 3.298 6.863 6.714 12.571 15.558 11.57 9.849 10.362 4.3 5.833 9.423 4.386 2.836 2.165 12.313 10.247 11.008 11.876 8.169 15.246 7.152 3.887 5.567 14.918 11.952 8.243 12.157 13.212 15.609 22.249 31.179 14.904 12.672 12.427 7.303 13.343 28.623 23.423 12.601 9.212 6.91 13.272 10.321 17.162 36.921 17.758 15.366 24.938 21.151 23.861 14.604 33.891 13.009 13.541 18.26 16.294 19.711 12.719 15.529 21.698 13.351 11.763 19.069 6.349
2.976 3.176 6.231 5.919 10.849 14.847 12.479 10.832 11.164 4.553 5.772 8.794 4.043 2.493 1.802 9.591 8.516 9.734 11.354 8.285 15.28 7.548 3.977 5.347 13.462 10.957 7.671 11.187 12.422 14.868 21.821 33.056 17.759 14.722 13.904 7.871 13.283 26.878 23.381 13.195 9.48 6.849 12.364 9.368 14.917 32.991 18.219 15.799 25.335 21.643 24.166 14.795 33.459 13.299 13.234 17.169 14.938 17.776 11.556 13.837 19.344 12.215 10.586 16.84 5.643
2.407 2.532 5.432 5.573 11.918 15.273 10.97 9.219 9.692 3.692 4.885 8.484 3.711 2.233 1.552 11.221 9.763 10.885 11.846 7.802 15.525 6.745 3.376 4.574 14.343 11.712 7.841 11.718 12.968 15.75 23.552 34.291 15.208 12.353 11.562 6.293 11.602 28.978 23.362 11.929 8.098 5.542 10.553 7.997 14.116 35.826 15.804 13.368 22.44 18.644 21.363 12.307 31.554 10.686 10.909 14.996 13.286 16.597 10.17 12.561 18.43 10.695 9.24 15.907 4.727
1.933 1.95 4.328 4.43 9.788 12.905 9.403 7.842 8.227 3.038 3.975 7.032 2.981 1.725 1.149 9.382 7.917 8.879 9.757 6.362 12.96 5.502 2.644 3.527 11.859 9.458 6.241 9.434 10.463 12.762 19.399 28.918 12.781 10.125 9.332 4.913 9.143 23.751 19.206 9.664 6.362 4.186 8.016 5.998 10.841 29.218 13.024 10.835 18.547 15.36 17.795 10.123 26.992 8.955 8.973 12.406 10.912 13.783 8.35 10.339 15.426 8.887 7.595 13.333 3.84
1.965 2.218 5.658 5.426 11.411 13.868 9.666 8.11 8.781 3.161 4.706 8.607 3.384 2.039 1.455 13.718 9.387 9.944 10.799 6.947 14.905 5.925 2.919 4.557 16.018 11.118 7.118 11.547 12.516 14.891 21.861 30.852 12.879 10.705 10.487 5.547 11.748 28.637 20.871 10.1 6.924 4.7 10.177 7.266 13.521 33.235 13.462 11.371 20.571 16.412 19.016 10.566 29.621 9.116 9.708 14.078 12.08 15.27 8.966 11.569 17.186 9.469 8.317 15.205 4.029
2.332 2.501 5.035 4.861 9.515 13.044 10.202 8.607 8.881 3.554 4.594 7.262 3.325 2.056 1.485 8.479 7.569 8.659 9.718 6.72 12.572 5.917 3.08 4.181 11.061 9.12 6.383 9.408 10.312 12.338 18.278 27.419 13.572 11.119 10.441 5.842 10.162 22.129 19.442 10.603 7.467 5.313 9.728 7.337 12.114 28.696 14.852 12.724 20.582 17.468 19.893 12.014 28.46 10.855 10.942 14.419 12.709 15.522 9.958 12.037 17.081 10.552 9.124 14.798 4.799
2.376 2.856 6.353 6.124 11.044 12.888 9.421 8.075 8.668 3.642 5.324 8.903 4.114 2.772 2.238 13.607 10.095 10.373 11.029 7.657 14.509 6.759 3.812 5.957 16.403 12.172 8.353 12.668 13.642 15.696 21.442 28.424 13.471 11.644 11.741 7.032 13.524 27.634 21.173 11.334 8.34 6.18 12.062 9.078 14.967 30.651 14.143 12.186 20.116 16.643 18.688 11.272 26.691 9.783 10.453 14.4 12.664 15.289 9.68 11.999 16.676 10.034 8.99 14.922 4.759
2.213 2.529 5.278 5.139 9.254 11.249 8.491 7.231 7.605 3.224 4.407 7.126 3.356 2.202 1.713 9.78 7.879 8.395 9.154 6.435 11.952 5.74 3.178 4.612 12.378 9.692 6.727 9.966 10.881 12.755 17.887 24.654 12.198 10.408 10.312 6.167 11.22 23.117 18.629 10.182 7.551 5.741 10.919 8.483 13.742 27.99 13.739 11.758 18.718 15.712 17.377 10.682 23.817 9.312 9.591 12.815 11.331 13.485 8.748 10.592 14.541 9.005 7.941 12.723 4.318
2.836 3.026 6.198 6.12 12.617 16.978 12.735 10.703 11.127 4.351 5.675 9.227 4.171 2.551 1.814 11.027 9.988 11.267 12.335 8.307 15.861 7.235 3.702 5.014 13.89 11.663 8.015 11.783 12.875 15.543 23.212 34.628 16.251 13.235 12.362 6.835 12.181 28.263 24.51 12.898 8.909 6.231 11.561 8.74 14.971 37.48 18.242 15.569 25.585 21.833 25.132 14.915 36.792 13.453 13.676 18.285 16.317 20.22 12.745 15.538 22.469 13.599 11.726 19.444 6.102
2.458 2.618 5.23 4.985 10.054 14.325 11.122 9.248 9.456 3.73 4.8 7.534 3.439 2.121 1.522 8.65 7.945 9.405 10.517 7.184 13.418 6.258 3.227 4.36 11.365 9.498 6.763 10.011 10.869 13.042 19.616 29.957 14.672 11.885 10.98 6.035 10.432 22.943 20.991 11.395 7.913 5.547 10.051 7.476 12.402 30.587 16.083 13.682 21.907 18.578 21.299 12.756 30.429 11.57 11.632 15.158 13.378 16.523 10.57 12.771 18.187 11.272 9.694 15.666 5.034
2.448 2.967 6.489 6.248 10.968 12.648 9.28 7.955 8.521 3.679 5.38 8.911 4.198 2.873 2.362 13.715 10.261 10.406 11.007 7.701 14.379 6.845 3.93 6.17 16.586 12.356 8.493 12.817 13.811 15.821 21.385 27.983 13.508 11.748 11.955 7.308 13.908 27.708 21.298 11.515 8.621 6.544 12.573 9.537 15.392 30.373 14.322 12.325 19.987 16.634 18.498 11.344 25.848 9.861 10.491 14.338 12.667 15.128 9.728 11.956 16.383 10.026 9.001 14.671 4.877
2.092 2.171 4.669 4.626 9.252 12.272 9.584 8.161 8.564 3.356 4.383 7.324 3.25 1.939 1.356 9.572 8.003 8.78 9.745 6.664 12.964 5.948 2.974 4.102 12.371 9.843 6.604 9.885 10.923 13.074 19.241 28.334 13.74 11.046 10.351 5.649 10.232 23.385 19.431 10.184 6.921 4.714 8.816 6.56 11.065 26.438 13.153 10.999 18.192 15.435 17.579 10.454 25.433 9.5 9.381 12.546 11.005 13.437 8.445 10.214 14.693 8.943 7.671 12.832 4.014
2.039 2.49 5.602 5.349 9.653 11.285 8.22 7.024 7.558 3.134 4.627 7.741 3.494 2.335 1.881 11.665 8.547 8.665 9.195 6.331 12.105 5.564 3.111 4.923 13.643 9.99 6.751 10.322 11.1 12.765 17.491 23.279 10.943 9.499 9.661 5.755 11.24 23.072 17.584 9.283 6.888 5.167 10.304 7.715 12.868 26.566 12.199 10.541 17.686 14.696 16.594 10.003 24.075 8.8 9.458 13.169 11.588 14.043 8.867 11.079 15.516 9.292 8.324 13.939 4.385
1.871 1.902 4.2 4.325 9.616 12.532 9.04 7.622 8.054 2.967 3.88 6.845 2.872 1.66 1.101 8.788 7.391 8.265 9.041 5.867 12.012 5.042 2.429 3.225 10.814 8.606 5.661 8.528 9.447 11.533 17.57 26.189 11.445 9.173 8.495 4.484 8.365 22.084 17.643 8.876 5.867 3.873 7.463 5.641 10.358 28.555 12.424 10.513 18.314 15.232 17.855 10.167 27.735 9.03 9.198 12.859 11.344 14.413 8.698 10.852 16.298 9.312 8.009 14.15 4.026
