1.537 0.578 0.963 0.65 1.718 6.863 8.983 5.881 6.926 0.558 1.549 12.464 3.913 0.404 0.157 2.585 9.832 6.602 4.959 7.314 10.938 2.745 2.554 2.191 3.43 4.012 2.638 3.932 3.677 9.825 9.148 19.179 8.503 6.149 6.969 7.569 12.242 22.979 14.027 3.138 4.003 2.912 5.876 10.547 28.13 13.033 6.688 6.701 8.207 9.678 3.898 7.223 25.195 11.785 8.377 5.842 6.176 9.479 15.048 7.319 18.117 12.905 8.99 12.914 4.592
1.349 0.492 0.82 0.546 1.498 6.42 8.492 5.477 6.464 0.494 1.352 11.89 3.584 0.355 0.13 2.276 9.414 6.271 4.684 6.99 10.603 2.558 2.338 1.977 3.134 3.705 2.408 3.624 3.39 9.436 8.812 19.02 8.207 5.829 6.564 7.122 11.715 22.558 13.54 2.908 3.621 2.583 5.293 9.78 27.28 12.329 6.172 6.089 7.449 8.824 3.458 6.447 23.716 10.844 7.597 5.191 5.44 8.45 13.685 6.518 16.54 11.643 7.999 11.553 3.98
1.568 0.599 0.974 0.656 1.697 6.817 8.993 5.935 7.003 0.593 1.572 12.369 3.906 0.42 0.165 2.456 9.457 6.377 4.82 7.098 10.605 2.709 2.498 2.121 3.261 3.794 2.498 3.682 3.442 9.186 8.613 18.17 8.154 5.929 6.686 7.236 11.648 21.906 13.485 3.105 3.895 2.832 5.583 9.992 26.844 12.607 6.567 6.562 7.979 9.377 3.837 6.975 24.214 11.458 8.214 5.764 6.055 9.204 14.589 7.195 17.656 12.67 8.892 12.706 4.605
1.209 0.435 0.725 0.483 1.34 5.908 7.926 5.111 6.029 0.446 1.208 11.067 3.329 0.321 0.114 2.05 8.77 5.884 4.376 6.526 9.971 2.373 2.137 1.797 2.863 3.404 2.205 3.324 3.114 8.766 8.237 17.943 7.697 5.396 6.044 6.56 10.862 21.179 12.693 2.662 3.271 2.319 4.789 8.959 25.468 11.486 5.658 5.521 6.757 8.031 3.113 5.809 21.848 9.997 6.928 4.676 4.88 7.623 12.469 5.907 15.076 10.624 7.244 10.46 3.559
1.206 0.448 0.743 0.503 1.351 5.626 7.486 4.893 5.725 0.449 1.218 10.364 3.265 0.332 0.124 2.1 8.488 5.801 4.357 6.432 9.718 2.417 2.205 1.884 2.974 3.523 2.325 3.477 3.274 8.883 8.371 17.728 7.819 5.548 6.217 6.742 10.967 20.856 12.712 2.777 3.448 2.482 5.009 9.109 24.784 11.452 5.746 5.634 6.858 8.093 3.227 5.931 21.177 9.937 6.95 4.756 4.973 7.65 12.26 5.933 14.645 10.434 7.187 10.251 3.601
1.665 0.669 1.082 0.756 1.842 6.593 8.624 5.873 6.83 0.627 1.669 11.529 4.02 0.468 0.199 2.703 9.255 6.521 4.997 7.149 10.448 2.894 2.709 2.371 3.599 4.172 2.844 4.121 3.893 9.602 9.085 18.045 8.569 6.326 7.127 7.723 12.055 21.685 13.857 3.394 4.329 3.253 6.221 10.623 26.273 13.023 6.96 6.987 8.457 9.861 4.24 7.524 23.798 11.935 8.65 6.188 6.537 9.717 14.895 7.655 17.634 13 9.275 12.954 4.961
1.316 0.512 0.86 0.595 1.532 5.676 7.203 4.711 5.447 0.465 1.34 9.961 3.278 0.358 0.151 2.436 8.666 5.898 4.476 6.558 9.674 2.547 2.442 2.161 3.397 3.982 2.687 4.007 3.783 9.707 9.01 18.128 8.213 6.021 6.852 7.444 11.792 21.306 13.118 3.058 3.988 2.956 5.842 10.107 25.208 11.799 6.136 6.19 7.543 8.805 3.645 6.679 21.787 10.342 7.39 5.228 5.555 8.39 12.933 6.381 15.144 10.817 7.583 10.73 3.932
1.321 0.496 0.838 0.569 1.497 5.796 7.526 4.922 5.771 0.454 1.305 10.318 3.28 0.333 0.131 2.236 8.214 5.528 4.137 6.067 9.027 2.269 2.132 1.851 2.914 3.407 2.25 3.354 3.139 8.248 7.656 15.814 7.028 5.087 5.792 6.31 10.169 18.901 11.557 2.568 3.339 2.456 4.989 8.872 23.166 10.75 5.499 5.542 6.825 8.056 3.248 6.063 20.794 9.765 6.926 4.841 5.155 7.924 12.502 6.078 14.954 10.667 7.427 10.669 3.794
1.795 0.695 1.117 0.76 1.912 7.453 9.99 6.75 7.952 0.689 1.781 13.428 4.429 0.489 0.193 2.7 10.008 6.932 5.261 7.606 11.28 2.968 2.704 2.297 3.48 4.032 2.68 3.895 3.649 9.441 8.953 18.577 8.573 6.228 6.976 7.54 12.012 22.427 14.116 3.308 4.122 3.023 5.876 10.389 27.487 13.351 7.006 6.963 8.437 9.904 4.128 7.397 25.066 12.284 8.828 6.208 6.506 9.808 15.455 7.786 18.685 13.658 9.65 13.654 5.054
1.403 0.525 0.827 0.553 1.462 6.708 9.292 6.132 7.247 0.598 1.468 12.984 4.01 0.428 0.159 2.241 10.199 7.07 5.388 8.022 12.312 3.072 2.705 2.227 3.402 4.027 2.641 3.895 3.675 10.362 10.039 22.262 9.875 6.972 7.657 8.207 13.396 26.277 16.11 3.599 4.232 2.977 5.734 10.587 30.654 14.335 7.262 6.963 8.292 9.709 3.899 6.893 25.549 12.115 8.515 5.785 5.899 8.935 14.526 7.12 17.612 12.64 8.728 12.335 4.38
1.514 0.62 0.958 0.671 1.574 5.871 8.294 5.94 6.969 0.688 1.664 11.243 4.233 0.517 0.217 2.486 8.955 6.73 5.245 7.473 11.116 3.211 2.894 2.475 3.627 4.189 2.869 4.065 3.867 9.545 9.417 19.155 9.517 6.979 7.705 8.272 12.782 23.352 15.455 3.896 4.725 3.516 6.375 10.755 27.076 14.163 7.622 7.455 8.807 10.135 4.444 7.494 23.44 12.405 8.972 6.377 6.569 9.51 14.52 7.688 17.129 12.991 9.304 12.7 5.009
1.519 0.586 0.918 0.619 1.546 6.39 8.872 6.065 7.225 0.632 1.549 12.018 3.934 0.438 0.17 2.169 8.517 5.962 4.54 6.581 9.868 2.581 2.291 1.899 2.821 3.255 2.144 3.081 2.879 7.608 7.334 15.7 7.26 5.238 5.802 6.24 9.994 19.127 12.102 2.834 3.423 2.475 4.721 8.459 23.414 11.481 6.024 5.911 7.103 8.333 3.467 6.107 21.36 10.556 7.584 5.293 5.476 8.224 13.135 6.65 16.096 11.852 8.375 11.831 4.378
1.626 0.665 1.016 0.702 1.618 6.269 8.671 5.991 7.132 0.689 1.66 11.653 3.977 0.488 0.21 2.214 8.321 5.928 4.607 6.659 9.938 2.737 2.469 2.074 2.986 3.403 2.279 3.189 2.992 7.624 7.487 15.998 7.646 5.67 6.311 6.796 10.665 20.048 12.927 3.249 3.982 2.987 5.435 9.321 24.651 12.448 6.793 6.754 8.055 9.335 4.083 6.938 22.488 11.478 8.423 6.048 6.278 9.156 14.174 7.437 17.147 12.831 9.24 12.821 5.026
1.151 0.424 0.65 0.428 1.126 5.62 8.255 5.532 6.613 0.537 1.237 11.415 3.525 0.371 0.133 1.701 8.326 5.907 4.494 6.682 10.426 2.566 2.173 1.73 2.577 3.04 1.97 2.866 2.698 7.814 7.78 17.959 8.001 5.558 6.005 6.395 10.539 21.487 13.312 2.924 3.311 2.277 4.306 8.129 25.213 11.998 6.021 5.663 6.68 7.837 3.119 5.423 21.14 10.201 7.121 4.763 4.776 7.221 12.017 5.918 14.866 10.818 7.439 10.5 3.698
1.769 0.714 1.16 0.814 1.953 6.729 8.761 5.989 6.937 0.635 1.707 11.4 4.06 0.47 0.203 2.717 8.921 6.296 4.788 6.759 9.775 2.731 2.561 2.255 3.406 3.927 2.683 3.853 3.632 8.735 8.24 16.054 7.696 5.696 6.435 6.992 10.849 19.308 12.432 3.064 3.959 3.017 5.783 9.795 23.735 11.907 6.391 6.464 7.871 9.202 3.995 7.103 22.026 11.194 8.131 5.858 6.235 9.272 14.144 7.327 16.735 12.437 8.913 12.45 4.818
1.586 0.598 0.926 0.616 1.557 6.82 9.719 6.637 7.944 0.671 1.594 12.971 4.16 0.448 0.166 2.096 8.658 6.056 4.571 6.621 10.004 2.546 2.202 1.783 2.626 3.025 1.963 2.809 2.612 7.069 6.869 15.087 6.894 4.898 5.375 5.76 9.33 18.331 11.556 2.631 3.104 2.204 4.218 7.738 22.484 10.984 5.679 5.504 6.601 7.779 3.181 5.602 20.525 10.108 7.2 4.952 5.08 7.683 12.52 6.287 15.547 11.461 8.041 11.415 4.145
1.331 0.54 0.879 0.615 1.494 5.228 6.7 4.521 5.233 0.492 1.336 9.003 3.131 0.371 0.163 2.221 7.44 5.181 3.977 5.716 8.323 2.323 2.214 1.958 2.982 3.452 2.361 3.436 3.248 7.976 7.489 14.743 6.992 5.21 5.907 6.406 9.955 17.685 11.247 2.796 3.618 2.734 5.212 8.803 21.331 10.491 5.65 5.723 6.932 8.054 3.481 6.191 19.224 9.559 6.96 5.024 5.331 7.897 11.986 6.153 14.091 10.334 7.39 10.319 3.979
1.444 0.581 0.983 0.698 1.739 5.962 7.392 4.852 5.539 0.493 1.476 10.134 3.512 0.405 0.187 2.846 9.435 6.534 4.995 7.217 10.481 2.887 2.836 2.585 4.057 4.756 3.288 4.87 4.632 11.315 10.494 20.238 9.38 6.958 7.947 8.653 13.441 23.466 14.623 3.533 4.708 3.574 6.936 11.609 27.214 12.922 6.803 6.917 8.428 9.784 4.163 7.556 23.156 11.226 8.062 5.779 6.191 9.233 13.882 6.96 15.889 11.44 8.08 11.296 4.262
1.672 0.654 1.105 0.769 2.003 7.44 9.261 5.967 6.817 0.59 1.729 12.999 4.265 0.474 0.203 3.37 12.186 8.266 6.289 9.252 13.627 3.598 3.478 3.108 4.933 5.826 3.958 5.949 5.642 14.535 13.44 26.834 12.053 8.806 9.994 10.83 17.093 30.571 18.636 4.356 5.659 4.181 8.207 14.107 34.64 15.959 8.24 8.256 10.002 11.613 4.804 8.776 28.39 13.334 9.48 6.685 7.084 10.663 16.326 8.008 18.796 13.309 9.289 13.077 4.791
1.43 0.567 0.861 0.583 1.38 5.785 8.36 5.841 7.039 0.651 1.529 11.416 3.833 0.451 0.184 1.968 7.772 5.585 4.315 6.245 9.434 2.534 2.225 1.823 2.608 2.966 1.957 2.736 2.553 6.684 6.627 14.539 6.902 5.024 5.526 5.914 9.386 18.166 11.722 2.847 3.392 2.471 4.499 7.899 22.15 11.196 5.998 5.869 6.97 8.109 3.459 5.889 20.232 10.308 7.488 5.273 5.408 7.951 12.612 6.544 15.531 11.649 8.319 11.624 4.436
1.244 0.458 0.689 0.451 1.173 6.179 9.294 6.218 7.466 0.606 1.36 12.84 3.914 0.414 0.149 1.775 9.167 6.559 5.01 7.478 11.776 2.879 2.404 1.885 2.76 3.247 2.098 3.027 2.849 8.403 8.514 20.171 8.974 6.209 6.649 7.045 11.639 24.185 14.992 3.293 3.67 2.498 4.623 8.765 28.185 13.437 6.742 6.287 7.353 8.6 3.421 5.864 23.337 11.301 7.887 5.25 5.213 7.832 13.144 6.489 16.382 11.961 8.215 11.563 4.069
1.759 0.711 1.091 0.749 1.754 6.912 9.553 6.585 7.863 0.748 1.807 12.946 4.356 0.526 0.223 2.414 9.158 6.466 5.003 7.238 10.799 2.942 2.647 2.215 3.204 3.653 2.434 3.421 3.201 8.221 8.019 17.141 8.123 5.999 6.673 7.18 11.316 21.353 13.699 3.403 4.157 3.094 5.671 9.818 26.29 13.17 7.148 7.098 8.482 9.86 4.27 7.31 24.152 12.211 8.942 6.393 6.633 9.737 15.191 7.91 18.483 13.775 9.896 13.809 5.352
1.211 0.449 0.778 0.533 1.446 5.687 7.224 4.596 5.322 0.401 1.222 10.155 3.173 0.314 0.125 2.378 9.027 6.032 4.505 6.684 10.001 2.464 2.351 2.079 3.363 3.99 2.648 4.021 3.787 10.106 9.314 19.184 8.304 5.946 6.78 7.395 11.967 22.127 13.23 2.85 3.734 2.733 5.618 9.991 25.813 11.552 5.756 5.764 7.099 8.362 3.307 6.243 21.553 9.843 6.867 4.739 5.051 7.809 12.287 5.832 14.357 10.05 6.894 9.896 3.438
1.907 0.782 1.291 0.915 2.187 7.226 9.129 6.174 7.107 0.666 1.888 12.092 4.34 0.516 0.238 3.228 10.169 7.123 5.448 7.734 11.12 3.159 3.062 2.759 4.209 4.86 3.358 4.864 4.603 10.919 10.205 19.497 9.356 7.023 8.016 8.728 13.434 23.382 14.979 3.761 5 3.846 7.35 12.207 28.459 14.13 7.652 7.845 9.566 11.125 4.864 8.7 26.076 13.127 9.586 6.986 7.496 11.09 16.628 8.593 19.39 14.298 10.271 14.326 5.586
1.39 0.541 0.903 0.632 1.635 6.188 7.937 5.194 5.945 0.506 1.427 10.956 3.673 0.404 0.168 2.703 10.036 6.982 5.311 7.743 11.465 3.036 2.864 2.537 4.003 4.746 3.232 4.817 4.582 11.769 11.045 22.178 10.064 7.262 8.161 8.841 13.988 25.342 15.638 3.614 4.59 3.385 6.626 11.5 28.771 13.499 6.904 6.818 8.241 9.604 3.977 7.189 23.577 11.309 7.979 5.564 5.854 8.819 13.627 6.736 15.75 11.287 7.856 11 4.03
1.247 0.528 0.805 0.568 1.254 4.576 6.529 4.598 5.396 0.546 1.307 8.509 3.138 0.404 0.183 1.791 6.467 4.927 3.927 5.684 8.585 2.467 2.241 1.908 2.709 3.076 2.098 2.903 2.752 6.823 6.957 14.973 7.487 5.624 6.276 6.77 10.44 19.324 12.776 3.321 4.113 3.161 5.639 9.333 23.331 12.22 6.755 6.721 7.934 9.05 4.074 6.748 20.089 10.66 7.828 5.685 5.893 8.377 12.512 6.732 14.666 11.122 8.034 10.853 4.414
1.472 0.588 0.869 0.586 1.334 6.042 9.802 7.009 8.414 0.775 1.752 13.118 4.638 0.551 0.227 2.189 9.216 7.282 5.794 8.516 13.359 3.631 3.117 2.506 3.459 3.889 2.57 3.535 3.32 8.874 9.43 22.142 10.911 7.893 8.533 9.004 14.104 27.975 18.48 4.491 5.224 3.758 6.5 11.007 31.453 16.48 8.769 8.388 9.675 10.963 4.676 7.626 25.563 13.509 9.716 6.765 6.777 9.639 15.062 7.905 18.265 13.901 9.839 13.414 5.148
1.398 0.519 0.872 0.59 1.62 6.782 8.723 5.55 6.434 0.507 1.429 12.385 3.786 0.388 0.148 2.659 10.929 7.3 5.49 8.207 12.376 3.045 2.835 2.446 3.921 4.673 3.086 4.682 4.416 12.165 11.312 23.894 10.314 7.338 8.251 8.929 14.524 27.322 16.303 3.561 4.456 3.19 6.446 11.674 31.319 14.013 7.002 6.877 8.346 9.794 3.873 7.17 25.528 11.625 8.121 5.56 5.82 8.954 14.254 6.79 16.79 11.732 8.043 11.492 4
1.835 0.786 1.206 0.859 1.905 6.415 8.778 6.343 7.454 0.795 1.94 11.847 4.573 0.601 0.273 2.817 9.178 6.841 5.368 7.551 11.028 3.324 3.064 2.664 3.839 4.368 3.016 4.187 3.964 9.324 9.144 18.134 9.27 6.998 7.834 8.472 12.901 22.973 15.455 4.137 5.175 4.006 7.187 11.776 28.025 15.011 8.402 8.427 10.029 11.526 5.27 8.807 25.687 13.872 10.268 7.532 7.878 11.262 16.747 9.118 19.661 15.068 11.018 14.958 6.184
1.608 0.669 1.107 0.797 1.896 6.156 7.675 5.165 5.89 0.567 1.624 10.256 3.747 0.461 0.221 2.958 9.307 6.593 5.086 7.225 10.371 3.007 2.948 2.699 4.144 4.82 3.383 4.915 4.689 11.001 10.297 19.396 9.347 7.029 8.012 8.722 13.332 22.884 14.656 3.733 4.954 3.828 7.239 11.881 27.036 13.377 7.239 7.39 8.972 10.386 4.581 8.126 23.821 12.012 8.751 6.376 6.832 10.04 14.889 7.709 17.058 12.546 9.001 12.439 4.891
