0.958 3.719 2.112 1.108 4.027 3.17 2.799 2.659 2.902 0.997 2.14 5.543 3.168 1.435 0.848 4.168 4.571 3.939 2.407 2.356 4.104 1.283 3.423 3.611 3.816 3.174 2.388 3.637 5.269 6.707 7.069 8.259 4.928 5.976 5.769 5.695 5.228 6.72 7.609 4.38 5.373 4.546 5.15 7.479 10.173 7.202 3.904 3.972 9.896 6.377 5.873 10.533 9.15 4.513 6.538 6.051 4.739 9.073 6.466 4.788 6.311 7.459 6.263 6.16 4.23
0.891 3.251 1.841 0.955 3.421 2.737 2.455 2.323 2.525 0.863 1.71 4.816 2.733 1.242 0.7 3.312 3.871 3.447 2.105 2.009 3.519 1.092 2.779 3.008 3.27 2.736 2.027 3.055 4.622 6.192 6.7 8.034 4.731 5.738 5.484 5.398 4.916 6.353 7.268 4.133 5.002 4.17 4.691 6.956 9.805 6.899 3.717 3.634 9.242 5.885 5.433 9.987 8.637 4.227 5.978 5.472 4.234 8.202 5.803 4.276 5.556 6.578 5.509 5.397 3.654
0.845 3.27 1.775 0.87 3.397 2.703 2.421 2.273 2.474 0.786 1.564 4.858 2.7 1.162 0.606 3.144 3.764 3.37 1.988 1.845 3.324 0.96 2.513 2.732 2.993 2.469 1.771 2.7 4.218 5.838 6.435 7.881 4.505 5.447 5.151 5.033 4.524 5.92 6.858 3.763 4.531 3.692 4.146 6.341 9.318 6.496 3.352 3.181 8.682 5.416 4.977 9.626 8.35 3.924 5.571 5.04 3.811 7.777 5.421 3.905 5.127 6.184 5.152 5.041 3.305
0.817 2.818 1.659 0.888 2.957 2.404 2.155 2.042 2.208 0.795 1.55 4.034 2.384 1.118 0.655 2.867 3.296 2.936 1.833 1.761 2.991 0.984 2.409 2.591 2.786 2.35 1.77 2.617 3.849 5.06 5.462 6.494 3.936 4.722 4.542 4.481 4.107 5.236 5.96 3.493 4.192 3.544 3.97 5.755 7.964 5.741 3.179 3.137 7.568 4.988 4.609 8.164 7.17 3.632 5.057 4.675 3.673 6.838 4.964 3.711 4.765 5.596 4.735 4.639 3.213
0.848 3.677 1.907 0.867 3.867 3.042 2.681 2.485 2.714 0.776 1.631 5.655 3.033 1.195 0.567 3.517 4.28 3.776 2.105 1.908 3.622 0.942 2.668 2.931 3.221 2.596 1.79 2.823 4.574 6.463 7.143 8.821 4.808 5.811 5.451 5.298 4.706 6.284 7.377 3.848 4.653 3.719 4.214 6.701 10.187 6.934 3.347 3.106 9.34 5.675 5.142 10.479 9.06 3.988 5.755 5.173 3.816 8.318 5.675 3.95 5.292 6.526 5.374 5.235 3.296
1.088 3.613 2.176 1.174 3.71 3.067 2.753 2.622 2.831 1.045 2.002 4.931 3.042 1.449 0.863 3.578 4.076 3.674 2.341 2.257 3.759 1.276 3.017 3.227 3.447 2.938 2.238 3.266 4.736 6.28 6.993 8.472 5.246 6.223 5.99 5.89 5.403 6.816 7.774 4.646 5.52 4.691 5.207 7.444 10.384 7.731 4.329 4.267 9.908 6.715 6.196 10.776 9.674 4.976 6.819 6.306 4.959 8.979 6.663 5.01 6.379 7.45 6.339 6.194 4.33
1.306 4.284 2.609 1.421 4.414 3.631 3.24 3.074 3.316 1.244 2.372 5.705 3.508 1.679 1.006 4.082 4.607 4.075 2.588 2.489 4.098 1.418 3.294 3.477 3.647 3.071 2.33 3.344 4.751 6.127 6.698 8.09 5.112 6.061 5.853 5.739 5.249 6.556 7.409 4.461 5.278 4.504 4.986 7.03 9.621 7.228 4.119 4.095 9.451 6.439 5.932 10.254 9.293 4.859 6.687 6.243 4.944 8.864 6.607 4.999 6.377 7.48 6.406 6.28 4.431
1.336 5.744 3.043 1.507 6.102 4.626 4.019 3.785 4.138 1.306 2.934 8.169 4.391 1.86 1.043 5.814 6.284 5.286 3.086 2.996 5.414 1.524 4.36 4.526 4.759 3.866 2.815 4.395 6.497 8.355 8.755 10.261 5.848 7.167 6.839 6.698 6.063 7.896 8.953 4.907 6.097 5.05 5.751 8.572 11.894 8.164 4.229 4.301 11.52 7.1 6.477 12.173 10.421 4.869 7.268 6.654 5.099 10.305 7.109 5.145 6.943 8.288 6.842 6.721 4.479
1.202 4.519 2.476 1.186 4.571 3.745 3.359 3.128 3.382 1.055 2.018 6.507 3.688 1.558 0.786 3.921 4.926 4.477 2.607 2.356 4.204 1.203 3.04 3.342 3.683 3.028 2.133 3.193 5.069 7.232 8.112 10.053 5.678 6.765 6.341 6.148 5.472 7.14 8.335 4.524 5.344 4.302 4.777 7.385 11.202 7.839 3.976 3.662 10.109 6.389 5.842 11.483 10.083 4.681 6.513 5.869 4.391 9.046 6.364 4.54 5.905 7.189 6.01 5.86 3.794
0.855 2.823 1.69 0.893 2.802 2.314 2.07 1.97 2.135 0.778 1.468 3.654 2.265 1.067 0.622 2.577 2.975 2.686 1.711 1.642 2.751 0.926 2.159 2.294 2.436 2.066 1.561 2.266 3.317 4.48 5.155 6.533 4.131 4.92 4.732 4.617 4.195 5.263 6.014 3.583 4.224 3.563 3.912 5.562 7.854 5.975 3.352 3.273 7.638 5.16 4.733 8.359 7.644 3.925 5.362 4.935 3.826 6.894 5.109 3.815 4.847 5.686 4.835 4.714 3.268
0.932 3.295 1.868 0.905 3.254 2.782 2.525 2.365 2.553 0.822 1.526 4.709 2.87 1.239 0.636 2.91 3.764 3.55 2.119 1.915 3.33 0.995 2.418 2.68 2.988 2.511 1.796 2.645 4.202 6.206 7.245 9.185 5.324 6.253 5.883 5.709 5.099 6.596 7.787 4.332 5.036 4.071 4.468 6.834 10.58 7.666 3.93 3.575 9.353 6.197 5.654 10.881 9.864 4.659 6.294 5.662 4.239 8.429 6.13 4.391 5.595 6.767 5.721 5.563 3.634
0.707 2.294 1.381 0.73 2.281 1.912 1.721 1.635 1.767 0.647 1.208 3.052 1.943 0.921 0.532 2.181 2.583 2.393 1.537 1.467 2.452 0.839 1.951 2.11 2.283 1.961 1.487 2.157 3.192 4.395 5.097 6.454 4.147 4.939 4.793 4.719 4.312 5.412 6.203 3.719 4.348 3.66 4.011 5.713 8.074 6.13 3.435 3.312 7.652 5.252 4.805 8.362 7.639 3.941 5.297 4.86 3.771 6.748 5.011 3.721 4.66 5.424 4.61 4.472 3.089
0.981 3.14 1.926 1.062 3.225 2.67 2.383 2.251 2.41 0.922 1.74 4.106 2.565 1.249 0.755 2.992 3.375 3.015 1.943 1.873 3.048 1.085 2.494 2.666 2.839 2.426 1.865 2.666 3.796 4.921 5.415 6.532 4.258 5.1 5.035 5.053 4.724 5.964 6.827 4.226 5.016 4.332 4.818 6.803 9.269 7.028 4.062 4.031 9.116 6.345 5.868 9.928 8.998 4.789 6.537 6.122 4.884 8.647 6.493 4.926 6.206 7.201 6.18 6.032 4.274
0.565 2.947 1.396 0.621 3.193 2.315 2.01 1.875 2.08 0.55 1.328 4.693 2.274 0.86 0.414 3.107 3.503 2.953 1.598 1.51 3.041 0.709 2.333 2.487 2.705 2.141 1.472 2.472 4.007 5.5 5.884 7.174 3.737 4.749 4.466 4.368 3.889 5.328 6.2 3.086 3.947 3.138 3.651 5.894 8.743 5.626 2.641 2.596 8.359 4.684 4.265 9.005 7.413 3.095 4.844 4.315 3.153 7.252 4.655 3.206 4.497 5.533 4.431 4.34 2.68
0.707 2.202 1.269 0.659 1.905 1.589 1.387 1.326 1.383 0.488 0.857 2.162 1.376 0.633 0.349 1.388 1.652 1.546 0.988 0.917 1.508 0.508 1.12 1.241 1.358 1.158 0.853 1.184 1.833 2.634 3.268 4.521 3.126 3.89 3.963 4.039 3.819 4.843 5.794 3.549 4.087 3.426 3.637 5.154 7.408 5.771 3.205 2.994 6.788 4.779 4.318 7.479 7.036 3.571 4.842 4.31 3.29 5.873 4.357 3.231 3.959 4.522 3.748 3.492 2.43
1.102 3.474 2.127 1.14 3.403 2.828 2.518 2.367 2.523 0.948 1.743 4.14 2.684 1.297 0.758 2.936 3.353 3.047 1.971 1.87 3.016 1.065 2.39 2.535 2.676 2.264 1.703 2.377 3.331 4.347 4.927 6.203 4.213 5.106 5.104 5.113 4.716 5.831 6.558 3.984 4.604 3.889 4.23 5.879 8.058 6.209 3.572 3.484 7.889 5.641 5.231 8.926 8.298 4.459 6.039 5.667 4.497 7.946 6.015 4.518 5.627 6.534 5.635 5.526 3.903
1.085 3.424 2.082 1.114 3.347 2.773 2.466 2.319 2.476 0.926 1.707 4.078 2.605 1.251 0.732 2.869 3.297 3.004 1.938 1.845 3.008 1.057 2.398 2.556 2.713 2.312 1.754 2.491 3.569 4.762 5.464 6.919 4.631 5.575 5.513 5.498 5.077 6.337 7.221 4.41 5.136 4.353 4.757 6.658 9.209 7.096 4.072 3.97 8.995 6.317 5.82 9.964 9.221 4.897 6.594 6.122 4.814 8.479 6.366 4.773 5.955 6.907 5.91 5.749 4.024
1.071 3.987 2.28 1.201 4.243 3.363 2.987 2.831 3.072 1.069 2.203 5.691 3.288 1.504 0.875 4.12 4.532 3.938 2.419 2.332 3.988 1.264 3.235 3.397 3.583 2.976 2.222 3.31 4.765 6.076 6.425 7.515 4.513 5.406 5.183 5.089 4.646 5.918 6.685 3.87 4.679 3.941 4.428 6.404 8.763 6.276 3.433 3.439 8.475 5.517 5.095 9.113 7.993 3.998 5.7 5.277 4.141 7.873 5.669 4.224 5.526 6.535 5.522 5.436 3.749
0.682 3.361 1.659 0.731 3.616 2.725 2.362 2.184 2.405 0.642 1.492 5.325 2.69 1.009 0.474 3.436 4.042 3.46 1.868 1.728 3.444 0.828 2.61 2.851 3.118 2.477 1.697 2.807 4.594 6.407 6.944 8.503 4.463 5.531 5.201 5.074 4.508 6.137 7.194 3.616 4.511 3.595 4.148 6.697 10.069 6.586 3.063 2.919 9.297 5.389 4.857 10.139 8.501 3.564 5.378 4.814 3.514 7.96 5.229 3.572 4.913 6.075 4.906 4.772 2.943
1.358 4.435 2.672 1.422 4.421 3.635 3.235 3.063 3.31 1.22 2.297 5.646 3.496 1.648 0.961 3.92 4.519 4.05 2.559 2.441 4.058 1.386 3.205 3.381 3.546 2.976 2.234 3.201 4.618 6.136 6.942 8.762 5.642 6.743 6.516 6.358 5.758 7.166 8.13 4.859 5.706 4.823 5.292 7.462 10.365 7.89 4.475 4.398 10.266 6.985 6.382 11.175 10.316 5.358 7.34 6.815 5.321 9.527 7.06 5.284 6.709 7.897 6.758 6.6 4.6
1.924 6.025 3.69 1.975 5.866 4.865 4.315 4.045 4.298 1.613 2.95 6.949 4.481 2.159 1.259 4.845 5.52 4.999 3.22 3.04 4.88 1.721 3.839 4.048 4.243 3.574 2.682 3.731 5.21 6.762 7.601 9.482 6.395 7.674 7.605 7.577 6.971 8.598 9.662 5.868 6.75 5.677 6.141 8.476 11.542 8.871 5.093 4.944 11.092 7.878 7.27 12.363 11.513 6.181 8.321 7.773 6.149 10.805 8.177 6.142 7.636 8.851 7.611 7.433 5.235
0.812 2.764 1.597 0.788 2.699 2.316 2.106 1.987 2.15 0.718 1.325 3.875 2.442 1.084 0.572 2.533 3.231 3.078 1.892 1.736 2.987 0.931 2.223 2.461 2.741 2.336 1.705 2.505 3.933 5.787 6.868 8.81 5.295 6.197 5.86 5.684 5.093 6.508 7.637 4.36 5.044 4.113 4.484 6.699 10.175 7.564 3.968 3.634 9.044 6.085 5.528 10.293 9.433 4.57 6.092 5.474 4.109 7.84 5.762 4.155 5.229 6.227 5.27 5.105 3.381
0.665 2.3 1.346 0.699 2.387 1.982 1.789 1.698 1.847 0.648 1.25 3.448 2.095 0.964 0.543 2.458 2.959 2.718 1.695 1.61 2.783 0.902 2.221 2.438 2.675 2.277 1.704 2.541 3.86 5.297 5.933 7.264 4.415 5.245 5.027 4.933 4.488 5.725 6.583 3.827 4.524 3.778 4.19 6.124 8.696 6.324 3.422 3.273 7.959 5.268 4.807 8.598 7.625 3.792 5.165 4.71 3.626 6.769 4.911 3.602 4.565 5.361 4.517 4.387 2.98
0.729 2.438 1.419 0.696 2.335 2.011 1.825 1.72 1.857 0.623 1.131 3.249 2.077 0.923 0.483 2.086 2.642 2.512 1.547 1.409 2.394 0.751 1.752 1.918 2.112 1.789 1.298 1.88 2.919 4.281 5.137 6.685 4.105 4.793 4.545 4.399 3.933 4.989 5.852 3.366 3.862 3.143 3.399 5.037 7.68 5.837 3.091 2.821 6.967 4.768 4.336 8.085 7.579 3.727 4.948 4.462 3.351 6.348 4.725 3.418 4.294 5.136 4.382 4.258 2.832
1.169 3.934 2.374 1.312 4.194 3.406 3.036 2.886 3.116 1.176 2.317 5.57 3.365 1.627 0.999 4.208 4.651 4.08 2.6 2.533 4.196 1.461 3.522 3.737 3.942 3.337 2.57 3.759 5.307 6.667 7.033 8.138 5.077 6.022 5.834 5.762 5.324 6.691 7.516 4.541 5.435 4.669 5.219 7.346 9.784 7.151 4.072 4.095 9.407 6.339 5.862 9.984 8.81 4.614 6.399 5.971 4.769 8.585 6.329 4.794 6.127 7.144 6.097 5.987 4.243
0.703 2.289 1.388 0.749 2.323 1.917 1.715 1.637 1.784 0.669 1.276 3.137 1.96 0.939 0.558 2.295 2.675 2.431 1.566 1.522 2.576 0.9 2.117 2.272 2.422 2.07 1.586 2.318 3.409 4.613 5.302 6.766 4.4 5.287 5.125 5.013 4.556 5.67 6.421 3.862 4.557 3.879 4.281 6.04 8.335 6.325 3.604 3.559 8.2 5.536 5.029 8.611 7.784 4.031 5.47 5.04 3.929 6.921 5.085 3.798 4.784 5.562 4.719 4.57 3.18
0.897 2.882 1.719 0.893 2.759 2.28 2.027 1.92 2.087 0.761 1.411 3.554 2.254 1.053 0.597 2.435 2.907 2.688 1.71 1.625 2.743 0.94 2.165 2.305 2.437 2.055 1.538 2.211 3.281 4.593 5.52 7.469 5.03 6.109 5.944 5.782 5.184 6.408 7.302 4.355 5.069 4.249 4.62 6.517 9.21 7.162 4.064 3.942 9.27 6.335 5.715 10.034 9.453 4.899 6.629 6.099 4.681 8.285 6.08 4.479 5.618 6.605 5.645 5.472 3.755
1.494 4.736 2.877 1.521 4.596 3.831 3.416 3.22 3.45 1.277 2.341 5.674 3.647 1.735 0.999 3.922 4.537 4.142 2.655 2.504 4.072 1.411 3.171 3.351 3.526 2.968 2.218 3.114 4.432 5.898 6.766 8.602 5.722 6.849 6.712 6.621 6.038 7.469 8.461 5.108 5.898 4.947 5.356 7.469 10.376 8.01 4.565 4.412 10.069 7.075 6.502 11.257 10.557 5.604 7.561 7.028 5.505 9.764 7.355 5.502 6.881 8.046 6.928 6.775 4.736
0.77 2.629 1.509 0.75 2.489 2.106 1.924 1.837 1.989 0.671 1.246 3.386 2.152 0.975 0.532 2.289 2.751 2.625 1.648 1.539 2.602 0.81 1.909 2.061 2.253 1.929 1.426 2.088 3.181 4.645 5.656 7.352 4.429 5.187 4.868 4.697 4.211 5.348 6.256 3.604 4.202 3.427 3.709 5.447 8.293 6.313 3.349 3.116 7.488 5.05 4.65 8.611 7.981 3.9 5.245 4.686 3.515 6.606 4.899 3.581 4.54 5.361 4.54 4.424 2.958
1.391 4.541 2.773 1.519 4.697 3.872 3.458 3.282 3.533 1.334 2.543 6.076 3.751 1.807 1.089 4.391 4.938 4.38 2.797 2.694 4.416 1.54 3.574 3.785 3.984 3.37 2.569 3.69 5.235 6.746 7.363 8.831 5.587 6.622 6.411 6.312 5.8 7.255 8.208 4.966 5.882 5.034 5.585 7.883 10.78 8.089 4.62 4.598 10.553 7.225 6.675 11.467 10.355 5.437 7.463 6.971 5.541 9.918 7.408 5.618 7.152 8.365 7.165 7.026 4.97
