2.144 2.68 4.652 2.581 5.081 5.34 4.928 4.764 7.717 3.152 4.028 3.449 3.954 2.455 3.107 8.254 7.948 5.92 5.749 4.222 8.945 4.435 3.442 5.031 7.966 7.607 4.276 6.907 7.901 13.299 10.348 12.479 9.68 9.218 6.16 13.746 10.585 15.98 16.316 10.805 12.108 11.81 9.218 11.995 11.676 15.43 11.62 10.424 11.344 14.172 12.11 14.063 18.215 9.18 9.58 10.219 12.387 8.57 6.581 8.728 9.586 6.142 10.054 13.356 6.024
3.159 3.648 5.82 3.392 6.18 6.617 6.246 6.088 9.67 4.27 5.177 4.415 4.894 3.128 3.72 9.421 9.593 7.502 7.341 5.489 10.935 5.768 4.476 6.104 9.466 9.339 5.53 8.413 9.656 16.332 13.235 16.054 12.794 12.194 8.328 17.291 13.753 20.546 21.333 14.677 16.21 15.794 12.514 15.796 15.453 20.2 15.66 14.137 15.172 18.665 16.208 18.656 23.993 12.795 13.056 13.663 16.238 11.575 8.967 11.322 12.323 8.176 12.615 16.739 8.152
2.72 3.618 6.415 3.384 6.955 7.15 6.496 6.267 10.3 3.986 5.317 4.511 5.214 3.146 4.089 11.114 10.296 7.453 7.298 5.32 11.698 5.499 4.304 6.497 10.304 9.592 5.225 8.815 9.983 16.832 12.713 15.387 11.781 11.297 7.485 17.456 13.032 19.821 19.993 12.962 14.828 14.508 11.251 14.952 14.46 19.221 14.215 12.81 14.128 17.77 14.987 17.531 22.788 11.121 11.951 12.911 15.736 10.667 8.229 11.233 12.292 7.683 13.045 17.227 7.411
3.119 3.584 5.877 3.343 6.24 6.673 6.25 6.043 9.682 4.158 5.014 4.223 4.68 2.913 3.479 9.028 9.106 6.98 6.719 4.917 9.935 5.119 3.868 5.318 8.302 8.112 4.664 7.129 8.148 13.806 11.138 13.433 10.594 9.987 6.673 14.137 11.208 16.841 17.611 11.987 13.178 12.82 10.052 12.778 12.536 16.598 12.861 11.558 12.465 15.556 13.564 15.763 20.664 10.894 11.062 11.627 14.001 9.905 7.571 9.697 10.664 6.977 11.011 14.855 7.073
3.316 3.918 6.13 3.703 6.499 6.874 6.468 6.304 9.645 4.467 5.438 4.733 5.256 3.477 4.158 9.748 9.771 7.691 7.559 5.795 11.081 6.074 4.847 6.6 9.916 9.718 5.93 8.895 10.116 16.357 13.339 15.919 12.863 12.353 8.697 17.34 13.983 20.228 20.845 14.63 16.137 15.817 12.767 15.959 15.648 20.007 15.726 14.306 15.337 18.573 16.229 18.439 23.157 12.818 13.164 13.838 16.254 11.844 9.39 11.793 12.762 8.697 13.071 16.844 8.547
2.523 3.282 5.593 3.087 5.998 6.179 5.646 5.448 8.648 3.573 4.641 3.983 4.539 2.829 3.593 9.067 8.498 6.273 6.121 4.549 9.431 4.684 3.701 5.41 8.303 7.781 4.4 7.117 8.005 13.027 10.075 12.009 9.373 8.987 6.111 13.407 10.29 15.201 15.417 10.301 11.64 11.43 9.024 11.754 11.443 14.963 11.351 10.296 11.294 14.041 12.036 13.953 17.929 9.214 9.813 10.574 12.755 8.906 6.98 9.328 10.188 6.582 10.752 14.017 6.399
2.612 3.357 5.906 3.205 6.497 6.763 6.217 6.028 9.868 3.931 5.155 4.407 5.104 3.144 4.056 11.04 10.419 7.693 7.539 5.534 12.01 5.797 4.549 6.784 10.811 10.212 5.685 9.427 10.751 18.172 13.885 16.815 12.943 12.377 8.246 18.832 14.188 21.527 21.721 14.206 16.074 15.643 12.141 15.925 15.373 20.286 15.044 13.489 14.709 18.33 15.471 17.962 23.125 11.418 12.075 12.899 15.613 10.658 8.199 10.991 12.003 7.596 12.666 16.719 7.358
2.371 2.95 4.88 2.842 5.267 5.497 5.094 4.934 7.647 3.363 4.233 3.683 4.173 2.701 3.362 8.116 7.817 5.952 5.8 4.385 8.69 4.576 3.645 5.177 7.841 7.499 4.425 6.882 7.778 12.46 9.906 11.747 9.323 8.931 6.195 12.899 10.177 14.804 15.109 10.359 11.522 11.293 9.016 11.491 11.226 14.48 11.181 10.137 10.98 13.47 11.676 13.392 16.981 9.065 9.464 10.076 12.021 8.586 6.762 8.784 9.572 6.372 10.009 12.956 6.239
2.76 3.1 5.016 2.86 5.349 5.826 5.527 5.385 8.799 3.766 4.513 3.788 4.191 2.612 3.085 8.339 8.717 6.793 6.599 4.83 9.907 5.111 3.858 5.253 8.391 8.382 4.851 7.425 8.62 15.158 12.304 15.076 11.887 11.222 7.465 15.944 12.652 19.359 20.288 13.736 15.095 14.624 11.407 14.463 14.153 18.82 14.467 12.933 13.846 17.233 14.917 17.296 22.648 11.76 11.836 12.31 14.759 10.362 7.853 9.918 10.867 7.074 11.089 15.114 7.164
2.36 2.683 4.701 2.492 5.111 5.506 5.125 4.94 8.486 3.231 3.97 3.248 3.649 2.141 2.571 7.879 7.813 5.779 5.559 3.895 8.719 4.039 2.956 4.173 7.029 6.829 3.675 5.897 6.845 12.592 9.601 11.938 9.043 8.508 5.409 12.812 9.581 15.386 15.841 10.205 11.513 11.132 8.472 11.199 10.89 15.022 11.099 9.92 10.838 13.929 11.803 14.062 18.993 9.107 9.414 9.964 12.336 8.302 6.18 8.167 9.099 5.642 9.502 13.328 5.735
2.858 3.159 4.885 2.821 5.022 5.48 5.227 5.095 8.192 3.639 4.27 3.566 3.853 2.414 2.769 7.011 7.572 6.022 5.844 4.303 8.465 4.514 3.395 4.474 6.908 6.967 4.109 6.105 7.044 12.275 10.29 12.608 10.086 9.493 6.359 13.005 10.588 16.044 17.136 11.817 12.861 12.467 9.779 12.212 12.017 15.933 12.511 11.218 11.964 14.852 13.05 15.119 19.921 10.655 10.623 10.972 13.057 9.315 7.078 8.77 9.565 6.32 9.648 13.168 6.464
3.694 4.153 6.451 3.763 6.691 7.256 6.903 6.735 10.732 4.803 5.695 4.805 5.231 3.32 3.85 9.604 10.209 8.105 7.9 5.875 11.518 6.177 4.714 6.269 9.639 9.67 5.748 8.576 9.876 16.964 14.126 17.236 13.82 13.083 8.865 18.074 14.678 22.053 23.354 16.16 17.666 17.176 13.563 16.962 16.678 21.95 17.218 15.494 16.552 20.441 17.921 20.68 26.954 14.491 14.562 15.108 17.934 12.842 9.854 12.255 13.342 8.869 13.504 18.19 8.975
2.571 3.033 4.98 2.859 5.349 5.675 5.315 5.164 8.208 3.562 4.382 3.741 4.197 2.661 3.239 8.296 8.239 6.344 6.18 4.597 9.291 4.825 3.743 5.229 8.129 7.911 4.622 7.158 8.179 13.678 10.975 13.228 10.477 9.97 6.775 14.314 11.284 16.814 17.386 11.874 13.135 12.797 10.099 12.84 12.54 16.405 12.648 11.394 12.273 15.152 13.125 15.137 19.488 10.295 10.555 11.102 13.264 9.391 7.258 9.308 10.158 6.682 10.514 13.921 6.657
2.014 2.525 4.712 2.404 5.23 5.509 5.041 4.858 8.425 3.052 4.009 3.334 3.889 2.256 2.92 9.077 8.606 6.182 5.998 4.213 9.928 4.43 3.318 5.063 8.588 8.126 4.243 7.287 8.452 15.33 11.405 14.138 10.565 10.006 6.328 15.781 11.54 18.467 18.7 11.731 13.394 12.96 9.774 13.172 12.692 17.383 12.529 11.109 12.202 15.638 13.006 15.409 20.529 9.449 9.959 10.663 13.222 8.684 6.453 8.852 9.808 5.917 10.371 14.262 5.804
3.11 3.779 5.998 3.592 6.374 6.631 6.177 6.002 9.083 4.204 5.194 4.538 5.069 3.353 4.079 9.356 9.04 7.013 6.871 5.287 10.048 5.482 4.415 6.096 8.996 8.629 5.257 7.947 8.913 13.963 11.278 13.294 10.745 10.338 7.337 14.597 11.678 16.647 17.05 12.002 13.293 13.075 10.597 13.299 13.026 16.576 13.048 11.929 12.878 15.622 13.683 15.59 19.566 10.904 11.349 12.04 14.191 10.36 8.285 10.553 11.424 7.793 11.871 15.158 7.66
3.24 3.638 5.823 3.329 6.097 6.566 6.19 6.001 9.636 4.194 4.986 4.176 4.574 2.848 3.332 8.609 8.881 6.901 6.66 4.879 9.757 5.084 3.823 5.147 8.01 7.909 4.587 6.914 7.923 13.576 11.094 13.469 10.683 10.064 6.726 14.052 11.224 16.928 17.84 12.222 13.391 13.006 10.196 12.865 12.627 16.737 13.039 11.718 12.587 15.688 13.726 15.953 20.986 11.149 11.242 11.734 14.069 9.985 7.61 9.61 10.536 6.918 10.777 14.622 7.053
4.291 4.642 7.048 4.008 7.098 7.858 7.572 7.4 12.059 5.319 6.151 5.044 5.351 3.287 3.693 9.383 10.563 8.498 8.204 5.944 11.628 6.174 4.552 5.875 9.006 9.191 5.382 7.92 9.123 16.248 13.886 17.121 13.637 12.686 8.332 16.928 13.918 21.378 23.232 15.932 17.156 16.513 12.817 15.916 15.694 21.072 16.639 14.836 15.748 19.688 17.42 20.317 27.279 14.505 14.269 14.584 17.391 12.384 9.289 11.394 12.429 8.164 12.469 17.395 8.527
2.089 2.424 4.509 2.291 5 5.374 4.955 4.765 8.453 3.019 3.813 3.108 3.576 2.039 2.536 8.455 8.236 5.937 5.713 3.934 9.408 4.138 2.998 4.438 7.794 7.506 3.883 6.533 7.674 14.548 10.814 13.572 10.078 9.476 5.88 14.892 10.854 17.834 18.197 11.346 12.916 12.451 9.31 12.563 12.136 16.936 12.17 10.759 11.797 15.297 12.723 15.215 20.648 9.392 9.753 10.371 12.97 8.467 6.192 8.39 9.381 5.62 9.85 13.948 5.646
2.991 3.524 5.531 3.343 5.909 6.299 5.959 5.832 8.996 4.163 5.076 4.425 4.932 3.266 3.92 9.354 9.493 7.512 7.405 5.679 10.941 6.003 4.788 6.537 9.904 9.77 5.965 8.977 10.262 16.736 13.685 16.356 13.2 12.65 8.878 17.727 14.303 20.712 21.328 14.912 16.376 15.997 12.863 16.028 15.676 19.994 15.654 14.163 15.107 18.221 15.856 17.934 22.43 12.346 12.596 13.181 15.436 11.207 8.844 11.071 11.961 8.126 12.202 15.754 7.972
2.885 3.612 6.305 3.371 6.815 7.088 6.507 6.281 10.344 4.069 5.239 4.397 5.01 3.019 3.797 10.421 9.838 7.231 7.035 5.086 11.015 5.226 4.012 5.862 9.337 8.804 4.835 7.909 8.967 15.33 11.707 14.235 10.94 10.423 6.861 15.749 11.839 18.173 18.522 12.142 13.782 13.449 10.433 13.758 13.363 17.912 13.394 12.096 13.296 16.796 14.296 16.817 22.116 10.96 11.612 12.457 15.22 10.413 7.996 10.743 11.818 7.456 12.492 16.726 7.36
3.451 3.858 5.819 3.411 5.809 6.22 5.906 5.762 9.018 4.18 4.905 4.14 4.432 2.821 3.209 7.465 7.96 6.419 6.279 4.717 8.926 4.907 3.746 4.883 7.23 7.199 4.342 6.343 7.223 12.107 10.356 12.63 10.297 9.747 6.666 13.061 10.752 15.885 17.089 12.063 13.107 12.745 10.11 12.459 12.254 15.984 12.778 11.549 12.312 15.115 13.409 15.448 20.182 11.199 11.213 11.586 13.606 9.86 7.6 9.332 10.072 6.766 10.084 13.461 6.85
5.753 6.781 10.733 6.302 11.245 11.779 10.997 10.655 16.45 7.415 9.008 7.707 8.489 5.463 6.48 15.341 15.033 11.637 11.31 8.508 16.364 8.704 6.806 9.207 13.716 13.193 7.855 11.751 13.159 21.188 17.058 20.294 16.226 15.458 10.691 21.556 17.1 24.875 25.661 17.876 19.751 19.312 15.456 19.437 19.03 24.629 19.321 17.621 19.036 23.375 20.486 23.611 30.287 16.608 17.181 18.157 21.579 15.611 12.306 15.64 17.016 11.457 17.597 22.97 11.427
4.921 5.683 8.998 5.216 9.364 9.872 9.222 8.912 13.919 6.171 7.423 6.286 6.891 4.372 5.147 12.551 12.491 9.664 9.353 6.954 13.545 7.127 5.488 7.396 11.176 10.83 6.377 9.555 10.773 17.73 14.306 17.129 13.621 12.904 8.799 17.958 14.233 20.961 21.722 15.001 16.503 16.061 12.733 16.008 15.648 20.389 15.903 14.4 15.494 19.084 16.666 19.228 24.821 13.405 13.723 14.408 17.142 12.283 9.55 12.088 13.161 8.764 13.513 17.855 8.76
3.432 4.328 7.104 4.086 7.547 7.784 7.152 6.9 10.612 4.643 5.867 5.077 5.713 3.668 4.553 10.81 10.233 7.707 7.499 5.662 11.139 5.805 4.624 6.552 9.79 9.241 5.416 8.424 9.422 14.891 11.74 13.823 10.955 10.492 7.29 15.123 11.854 17.087 17.362 11.899 13.276 13.036 10.429 13.309 12.99 16.707 12.916 11.756 12.789 15.684 13.595 15.599 19.766 10.6 11.164 11.948 14.243 10.184 8.075 10.546 11.471 7.629 12.018 15.47 7.444
2.058 2.684 4.752 2.553 5.244 5.437 4.983 4.839 7.952 3.144 4.175 3.575 4.16 2.556 3.331 9.155 8.563 6.271 6.173 4.543 9.958 4.759 3.754 5.658 9.034 8.479 4.697 7.89 8.987 15.167 11.5 13.895 10.671 10.224 6.824 15.718 11.758 17.775 17.842 11.598 13.163 12.823 9.943 13.079 12.589 16.556 12.209 10.933 11.939 14.851 12.473 14.446 18.519 9.093 9.667 10.356 12.519 8.506 6.558 8.843 9.631 6.064 10.189 13.402 5.84
2.161 2.818 4.837 2.717 5.313 5.509 5.073 4.933 7.844 3.281 4.303 3.744 4.329 2.754 3.553 9.055 8.535 6.376 6.274 4.713 9.821 4.946 3.972 5.866 9.075 8.564 4.922 8.016 9.082 14.793 11.443 13.672 10.669 10.25 7.014 15.33 11.738 17.306 17.397 11.597 13.056 12.743 10.031 12.98 12.54 16.219 12.18 10.968 11.913 14.634 12.433 14.271 18.029 9.206 9.753 10.415 12.462 8.669 6.782 8.996 9.761 6.328 10.29 13.311 6.083
2.426 3.108 5.274 2.953 5.697 5.899 5.425 5.249 8.316 3.477 4.485 3.862 4.407 2.776 3.513 8.852 8.367 6.252 6.112 4.556 9.391 4.724 3.745 5.442 8.372 7.91 4.528 7.269 8.207 13.394 10.422 12.471 9.763 9.365 6.384 13.885 10.697 15.846 16.086 10.805 12.173 11.923 9.418 12.207 11.874 15.502 11.772 10.668 11.647 14.427 12.373 14.317 18.335 9.456 10.011 10.723 12.898 9.03 7.068 9.365 10.217 6.641 10.756 14.013 6.462
3.68 4.46 6.952 4.278 7.362 7.65 7.131 6.921 10.219 4.906 5.997 5.288 5.877 3.97 4.793 10.455 10.128 7.922 7.734 6.021 11.036 6.224 5.057 6.885 9.941 9.545 5.941 8.779 9.793 14.911 12.18 14.177 11.563 11.123 8.024 15.391 12.507 17.457 17.868 12.774 14.051 13.841 11.333 14.068 13.816 17.368 13.844 12.698 13.667 16.445 14.519 16.435 20.415 11.696 12.148 12.882 15.095 11.2 9.051 11.427 12.356 8.593 12.828 16.204 8.454
3.457 4.012 6.103 3.722 6.259 6.554 6.135 5.943 8.88 4.276 5.093 4.423 4.825 3.202 3.741 8.236 8.294 6.594 6.442 4.973 9.147 5.188 4.113 5.464 7.951 7.778 4.818 7.014 7.9 12.457 10.469 12.443 10.268 9.871 7.034 13.5 11.144 15.857 16.659 12.006 13.157 12.961 10.556 13.027 12.842 16.328 13.133 12.006 12.867 15.566 13.828 15.719 19.863 11.416 11.648 12.222 14.281 10.563 8.389 10.391 11.195 7.718 11.342 14.525 7.61
2.342 2.865 4.889 2.736 5.372 5.663 5.273 5.134 8.318 3.461 4.401 3.768 4.314 2.706 3.403 9.134 8.845 6.687 6.553 4.85 10.215 5.106 3.994 5.779 9.165 8.805 5.036 8.093 9.26 15.641 12.204 14.753 11.502 10.969 7.381 16.25 12.464 18.758 19.077 12.719 14.211 13.804 10.784 13.904 13.458 17.634 13.272 11.896 12.849 15.876 13.517 15.592 19.969 10.164 10.557 11.158 13.387 9.287 7.155 9.36 10.2 6.578 10.661 14.086 6.457
