5.79 6.365 9.963 5.685 5.998 9.128 12.198 9.255 12.268 5.357 7.779 15.497 9.335 5.432 4.247 15.131 22.685 19.72 19.983 16.735 20.712 8.961 8.302 8.213 14.343 11.341 6.662 10.127 9.494 14.279 18.507 26.243 21.833 22.131 27.947 18.34 24.195 32.023 29.494 18.4 17.144 12.41 16.105 17.518 24.705 23.005 13.974 13.61 20.413 17.499 16.553 17.027 21.272 12.768 12.277 12.882 13.121 16.764 12.831 13.778 13.589 12.338 12.901 16.707 9.329
4.739 5.25 8.264 4.761 5.007 7.585 10.117 7.669 10.114 4.43 6.407 12.776 7.846 4.603 3.602 12.765 19.097 16.429 16.506 13.82 17.223 7.624 7.074 6.993 12.184 9.603 5.607 8.486 7.899 11.802 15.246 21.752 18.288 18.571 23.471 15.621 20.647 27.35 25.005 15.321 14.068 10.089 13.009 14.119 19.921 18.57 11.227 10.847 16.129 13.825 13.12 13.519 16.817 10.013 9.572 10.019 10.227 13.145 10.169 10.964 10.816 9.792 10.209 13.222 7.448
4.685 5.273 8.338 4.779 5.134 7.859 10.311 7.624 9.919 4.289 6.339 12.571 7.521 4.491 3.643 13.159 18.829 15.272 14.762 12.032 14.857 6.575 6.339 6.528 11.79 9.532 5.753 9.003 8.536 12.822 16.162 21.913 17.428 17.3 21.494 14.124 18.89 24.99 22.651 13.984 13.133 9.655 12.792 14.107 19.952 18.309 11.035 10.841 16.229 13.781 13.07 13.477 16.636 9.808 9.499 10.055 10.336 13.282 10.202 11.052 10.906 9.89 10.35 13.334 7.453
4.904 5.49 8.84 5.329 5.683 8.587 11.173 8.154 10.52 4.605 6.641 13.23 8.231 4.91 3.874 13.537 19.602 15.724 15.461 13.417 17.917 8.64 8.383 8.661 15.623 12.698 7.265 10.436 8.924 11.945 13.502 17.35 14.164 15.007 20.419 15.03 21.218 30.695 30.544 19.314 17.654 12.529 15.982 17.137 23.93 22.336 13.651 13.265 19.826 17.169 16.479 17.255 21.777 13.077 12.319 12.636 12.603 15.857 12.148 13.083 12.867 11.573 11.92 15.208 8.519
4.783 5.163 7.968 4.543 4.751 7.198 9.691 7.488 10.019 4.43 6.382 12.799 7.764 4.424 3.368 11.787 18.212 16.53 17.263 15.046 18.663 7.901 7.108 6.832 11.638 9.04 5.201 7.704 7.124 10.735 14.35 20.961 18.051 18.759 24.115 15.883 20.654 27.052 24.953 15.617 14.446 10.375 13.315 14.359 20.053 18.643 11.387 11.075 16.723 14.531 13.7 13.953 17.423 10.617 10.184 10.632 10.779 13.735 10.477 11.133 10.961 10.008 10.514 13.696 7.66
3.972 4.38 6.746 3.802 3.985 6.026 8.007 6.063 7.967 3.549 5.153 10.279 6.394 3.688 2.857 9.829 14.283 12.903 12.967 11.324 14.641 6.421 5.887 5.753 9.824 7.512 4.329 6.425 5.877 8.614 11.231 16.488 14.154 14.561 18.984 12.937 17.036 22.162 19.856 12.278 11.423 8.311 10.838 11.896 16.765 15.427 9.327 9.138 13.836 12.093 11.471 11.63 14.123 8.397 8.139 8.624 8.844 11.302 8.666 9.207 8.961 8.122 8.572 11.223 6.372
4.397 4.787 7.501 4.279 4.483 6.825 9.235 7.08 9.469 4.121 5.928 11.855 7.141 4.111 3.162 11.298 17.374 15.422 15.872 13.297 16.394 7.02 6.406 6.25 10.863 8.596 5.008 7.558 7.064 10.646 13.889 19.944 16.757 17.02 21.523 14.045 18.462 24.634 23.042 14.451 13.405 9.608 12.338 13.318 18.79 17.648 10.751 10.428 15.688 13.527 12.83 13.259 16.765 10.12 9.673 10.085 10.214 13.036 9.965 10.688 10.553 9.571 9.978 12.942 7.201
4.139 4.566 7.236 4.217 4.405 6.624 8.853 6.697 8.826 3.868 5.528 11.123 6.927 4.053 3.115 10.861 16.341 14.06 14.341 12.363 16.091 7.433 6.924 6.844 11.885 9.368 5.305 7.661 6.746 9.503 11.662 16.374 13.89 14.514 19.158 13.437 18.344 25.453 24.384 15.177 13.81 9.755 12.351 13.254 18.613 17.487 10.609 10.155 15.099 13.121 12.57 13.083 16.49 9.916 9.341 9.631 9.706 12.356 9.522 10.192 9.979 8.962 9.256 11.949 6.735
3.992 4.447 6.992 4.007 4.25 6.455 8.518 6.385 8.362 3.649 5.333 10.581 6.412 3.778 2.996 10.62 15.408 13.02 12.984 10.873 13.65 6.079 5.754 5.802 10.241 8.105 4.77 7.251 6.729 9.939 12.549 17.385 14.33 14.507 18.397 12.308 16.483 22.005 20.234 12.578 11.755 8.574 11.23 12.311 17.415 16.159 9.799 9.591 14.406 12.383 11.789 12.163 15.069 8.941 8.606 9.055 9.259 11.849 9.084 9.762 9.59 8.674 9.058 11.704 6.568
5.819 6.482 10.514 5.898 6.321 9.959 13.478 9.856 12.954 5.356 7.936 16.704 9.849 5.728 4.506 17.638 25.782 19.963 18.603 14.71 18.383 8.009 7.709 8.04 15.686 13.182 7.915 12.685 12.002 18.334 22.778 29.865 22.065 21.015 25.726 16.404 22.229 30.492 28.435 17.607 16.463 11.835 15.545 17.072 24.471 22.48 13.289 12.862 19.593 16.88 16.28 17.115 21.75 12.787 12.279 12.94 13.305 17.375 13.272 14.326 14.012 12.547 13.051 16.999 9.292
4.337 4.887 7.669 4.382 4.395 6.393 8.493 6.695 8.702 3.941 5.627 11.307 7.397 4.319 3.267 10.885 15.632 13.898 15.094 13.306 17.587 8.622 7.836 7.433 12.121 8.687 4.706 6.634 5.801 8.192 10.46 15.955 15.431 16.313 21.473 15.621 21.059 28.142 24.814 14.559 13.058 9.268 11.79 12.809 18.189 17.329 10.315 9.719 14.362 12.808 12.481 12.867 15.558 8.954 8.356 8.748 9.101 11.878 9.318 9.856 9.538 8.469 8.741 11.485 6.809
5.418 6.013 9.777 5.404 5.754 9.114 12.706 9.55 12.885 5.151 7.447 15.363 9.065 5.255 4.087 15.88 25.388 21.497 19.983 15.08 18.113 7.494 6.957 6.953 12.938 10.923 6.659 10.895 10.418 16.186 21.341 30.609 23.144 21.866 26.291 16.156 21.569 29.639 28.092 17.21 15.83 11.104 14.39 15.739 23.213 22.056 12.961 12.381 18.545 15.67 15.133 16.08 20.833 12.163 11.593 12.048 12.17 15.926 12.293 13.505 13.352 11.916 12.31 16.07 8.67
4.886 5.396 8.686 4.861 5.153 8.047 11.072 8.303 11.12 4.575 6.618 13.517 7.987 4.627 3.604 13.66 21.322 17.976 17.266 13.465 16.392 6.916 6.444 6.448 11.832 9.812 5.895 9.375 8.909 13.669 17.715 25.018 19.376 18.688 22.862 14.364 19.192 26.294 24.866 15.413 14.301 10.17 13.215 14.444 21.024 19.914 11.885 11.467 17.284 14.733 14.152 14.927 19.208 11.334 10.828 11.295 11.451 14.847 11.401 12.416 12.266 11.005 11.397 14.823 8.081
5.362 5.978 9.428 5.375 5.769 8.852 11.681 8.674 11.402 4.914 7.263 14.358 8.421 4.993 4.043 14.812 21.638 17.754 17.358 13.927 16.831 7.241 6.921 7.084 12.754 10.358 6.299 9.973 9.645 14.789 18.886 25.808 20.413 20.119 24.679 15.757 20.863 27.463 25.049 15.647 14.816 10.92 14.471 15.939 22.623 20.962 12.692 12.459 18.583 15.616 14.705 15.192 18.994 11.371 11.054 11.707 12.001 15.341 11.744 12.743 12.645 11.508 12.037 15.447 8.56
5.035 5.644 9.014 5.158 5.576 8.644 11.389 8.332 10.817 4.641 6.93 14.021 8.338 4.944 4.004 14.778 20.79 16.079 15.098 12.207 15.297 6.927 6.831 7.232 13.683 11.387 6.967 11.03 10.366 15.448 18.646 23.704 17.615 16.877 20.628 13.464 18.472 25.374 24.008 15.301 14.591 10.926 14.561 16.101 22.674 20.679 12.389 12.095 18.096 15.432 14.764 15.4 19.226 11.43 11.066 11.719 12.032 15.408 11.743 12.601 12.329 11.047 11.444 14.632 8.113
6.031 6.664 10.487 5.971 6.356 9.749 13.037 9.821 13.023 5.622 8.22 16.322 9.675 5.689 4.531 16.553 24.871 21.07 20.802 16.736 20.1 8.533 7.978 7.997 14.228 11.536 6.982 11.017 10.672 16.484 21.488 30.114 24.233 23.922 29.298 18.618 24.337 31.847 29.058 18.086 16.947 12.331 16.129 17.617 24.952 23.182 13.998 13.61 20.216 16.996 15.968 16.474 20.718 12.452 12.052 12.712 12.992 16.654 12.784 13.873 13.788 12.553 13.121 16.908 9.363
5.37 6.032 9.553 5.458 5.882 9.053 11.914 8.757 11.353 4.849 7.175 14.32 8.525 5.096 4.145 15.189 21.687 17.073 16.1 12.889 15.911 7.082 6.916 7.238 13.43 11.176 6.848 10.835 10.295 15.434 19.121 25.149 19.119 18.537 22.745 14.8 19.972 26.864 24.84 15.578 14.784 10.955 14.617 16.223 23.051 21.17 12.755 12.538 18.813 16.099 15.431 16.095 20.06 11.935 11.577 12.259 12.603 16.185 12.43 13.437 13.206 11.914 12.405 15.9 8.861
4.395 4.811 7.839 4.351 4.582 7.24 10.266 7.752 10.469 4.196 5.983 12.528 7.446 4.238 3.209 12.444 20.619 17.544 16.677 12.768 15.476 6.38 5.806 5.691 10.584 8.946 5.343 8.521 8.068 12.598 16.763 24.236 18.6 17.702 21.53 13.312 17.72 24.617 23.536 14.399 13.127 9.108 11.675 12.705 18.833 18.085 10.666 10.129 15.295 13.087 12.637 13.394 17.492 10.226 9.654 9.97 10.062 13.22 10.18 11.117 10.97 9.785 10.104 13.293 7.168
4.45 4.958 8.149 4.487 4.837 7.727 10.863 7.88 10.405 4.056 5.988 12.87 7.601 4.363 3.388 13.612 22.095 16.471 14.807 11.149 13.711 5.717 5.441 5.571 11.041 9.75 5.903 9.689 9.121 14.471 18.895 25.628 18.121 16.81 20.26 12.483 16.97 23.668 22.164 13.26 12.232 8.657 11.527 12.866 19.136 17.652 10.103 9.634 14.63 12.633 12.31 13.007 16.799 9.65 9.203 9.618 9.889 13.232 10.145 11.081 10.831 9.621 9.962 13.116 7.028
4.861 5.392 8.417 4.845 4.999 7.432 9.853 7.562 9.807 4.366 6.251 12.403 7.882 4.595 3.531 11.989 17.342 14.862 15.308 13.234 17.393 8.291 7.703 7.574 12.982 10.011 5.689 8.244 7.313 10.268 12.559 17.588 15.378 15.78 20.622 14.7 19.949 27.286 25.569 15.908 14.692 10.624 13.716 15.015 21.352 20.205 12.212 11.759 17.632 15.705 15.372 16.124 20.075 11.957 11.34 11.857 12.138 15.556 12.025 12.766 12.39 11.058 11.434 14.829 8.525
4.584 5.052 7.961 4.534 4.795 7.326 9.802 7.379 9.761 4.204 6.108 12.193 7.286 4.249 3.335 12.021 17.951 15.272 15.279 12.601 15.623 6.802 6.377 6.39 11.365 9.125 5.397 8.264 7.735 11.559 14.697 20.418 16.553 16.567 20.807 13.6 18.151 24.466 22.922 14.411 13.506 9.801 12.783 13.968 19.868 18.618 11.319 11.057 16.673 14.345 13.69 14.24 17.967 10.764 10.344 10.846 11.039 14.123 10.801 11.624 11.453 10.352 10.776 13.919 7.73
4.486 4.917 7.912 4.433 4.659 7.253 10.045 7.627 10.369 4.31 6.187 12.521 7.35 4.223 3.261 12.336 19.407 17.181 17.085 13.35 16.049 6.662 6.093 5.988 10.753 8.732 5.18 8.19 7.86 12.126 15.848 23.028 18.522 18.102 22.194 13.84 18.27 24.87 23.576 14.692 13.605 9.598 12.309 13.272 19.168 18.347 11.064 10.681 16.091 13.62 12.961 13.66 17.71 10.504 10.007 10.407 10.488 13.485 10.325 11.264 11.202 10.088 10.443 13.579 7.39
6.054 6.699 10.611 6.038 6.433 9.932 13.417 10.108 13.376 5.698 8.289 16.592 9.929 5.862 4.665 17.259 26.205 21.862 20.967 16.471 19.661 8.374 7.852 7.918 14.397 12.022 7.389 11.821 11.483 17.768 23.075 32.014 25.055 24.182 29.153 18.376 24.035 31.723 29.186 18.139 16.918 12.242 15.982 17.478 24.861 23.028 13.757 13.251 19.581 16.504 15.647 16.304 20.656 12.379 11.941 12.562 12.84 16.571 12.802 13.943 13.832 12.52 13.021 16.773 9.276
5.006 5.556 9.015 4.993 5.289 8.324 11.48 8.615 11.714 4.762 6.893 14.008 8.152 4.722 3.7 14.287 22.039 19.283 18.455 14.099 16.963 7.04 6.54 6.536 11.97 9.802 5.892 9.56 9.218 14.186 18.381 26.523 20.642 19.84 24.082 14.874 19.848 27.197 25.734 15.974 14.835 10.48 13.574 14.759 21.574 20.63 12.321 11.908 17.932 15.079 14.44 15.349 19.88 11.666 11.165 11.655 11.759 15.181 11.66 12.798 12.711 11.394 11.783 15.318 8.283
4.317 4.698 7.628 4.262 4.466 7.037 10.04 7.673 10.397 4.213 5.957 12.42 7.452 4.239 3.191 12.285 20.605 17.927 17.197 13.169 15.768 6.473 5.813 5.632 10.368 8.782 5.256 8.361 7.976 12.522 16.836 24.629 19.219 18.312 22.154 13.662 17.941 24.68 23.558 14.439 13.088 9.034 11.456 12.363 18.158 17.419 10.289 9.704 14.531 12.405 11.924 12.613 16.491 9.711 9.139 9.409 9.475 12.421 9.6 10.486 10.376 9.274 9.567 12.573 6.811
5.258 5.741 9.24 5.191 5.443 8.469 11.786 9.01 12.328 5.154 7.38 14.862 8.706 4.998 3.858 14.656 23.261 20.92 21.02 16.286 19.256 7.889 7.146 6.967 12.421 10.077 5.994 9.541 9.297 14.537 19.187 28.225 22.994 22.466 27.317 16.845 21.959 29.555 27.861 17.352 16.034 11.272 14.369 15.389 22.099 21.144 12.747 12.256 18.334 15.375 14.51 15.265 19.867 11.828 11.263 11.706 11.78 15.105 11.572 12.669 12.671 11.45 11.854 15.39 8.367
5.215 5.82 9.396 5.246 5.621 8.852 12.169 9.108 12.156 4.943 7.198 14.66 8.7 5.126 4.071 15.692 24.345 20.08 18.414 13.855 16.457 6.917 6.521 6.625 12.389 10.599 6.59 10.882 10.536 16.377 21.343 29.875 22.337 20.957 24.899 15.346 20.35 27.512 25.744 15.851 14.691 10.472 13.694 15.058 21.915 20.416 11.977 11.452 16.953 14.276 13.752 14.579 18.717 11.023 10.582 11.067 11.25 14.679 11.38 12.507 12.38 11.089 11.463 14.826 8.079
4.991 5.576 9.223 5.091 5.489 8.824 12.195 8.748 11.538 4.599 6.845 14.976 8.678 5.017 3.93 16.163 24.36 17.944 16.116 12.283 15.216 6.453 6.209 6.509 13.36 11.567 6.971 11.438 10.93 17.267 21.83 28.602 20.214 18.791 22.657 14.032 19.034 26.268 24.155 14.587 13.588 9.724 12.915 14.281 20.712 18.718 10.773 10.328 15.824 13.62 13.183 13.915 17.85 10.29 9.869 10.433 10.809 14.389 10.971 11.924 11.648 10.371 10.785 14.193 7.636
4.006 4.326 6.677 3.817 3.962 5.97 8.047 6.233 8.303 3.678 5.248 10.491 6.488 3.698 2.793 9.635 14.708 13.446 13.989 12.27 15.556 6.781 6.11 5.873 10.003 7.788 4.451 6.499 5.898 8.638 11.235 16.281 14.062 14.6 18.954 12.786 16.818 22.444 21.103 13.335 12.322 8.829 11.283 12.188 17.108 16.028 9.796 9.499 14.382 12.729 12.21 12.595 15.8 9.628 9.194 9.57 9.687 12.334 9.451 10.018 9.8 8.875 9.27 12.066 6.799
5.361 5.916 9.388 5.339 5.681 8.731 11.708 8.769 11.689 5.011 7.349 14.615 8.514 4.972 3.956 14.689 22.08 18.577 18.657 14.874 17.861 7.545 7.081 7.13 12.77 10.309 6.174 9.716 9.418 14.589 18.776 26.174 21.102 20.883 25.663 16.2 21.349 28.325 26.159 16.352 15.412 11.212 14.688 16.008 22.737 21.296 12.905 12.614 18.895 15.878 14.919 15.471 19.648 11.768 11.361 11.963 12.195 15.567 11.864 12.886 12.834 11.675 12.18 15.678 8.62
