12.576 18.642 19.144 13.197 22.443 18.356 22.518 25.901 25.339 12.525 22.304 27.927 23.575 16.688 14.644 33.682 36.938 26.835 25.65 22.583 36.914 20.262 19.86 22.451 37.513 26.228 23.677 32.008 35.968 40.822 49.531 59.712 42.255 48.334 55.371 47.814 46.971 51.811 51.177 31.591 32.931 37.932 45.288 53.261 63.464 49.483 29.71 32.969 55.293 44.285 42.577 44.249 43.571 27.16 33.545 33.395 32.661 45.824 31.919 28.484 27.918 28.941 32.009 24.095 24.205
11.265 17.021 17.846 12.022 19.666 15.78 19.373 23.161 23.767 12.158 21.349 25.765 20.64 14.702 13.083 29.778 31.262 23.129 23.72 21.886 35.04 18.338 17.36 19.258 31.062 21.346 19.136 26.205 30.349 34.809 42.802 54.061 41.449 48.498 55.74 47.177 45.579 50.023 49.04 29.87 30.638 34.625 39.94 45.853 56.781 48.93 30.894 34.132 55.238 41.119 39.215 42.224 42.388 25.924 31.457 30.284 28.494 39.658 28.842 26.762 26.703 27.523 29.579 21.528 21.253
13.241 19.686 19.91 13.459 22.75 18.608 22.682 26.535 26.219 13.105 23.16 28.18 23.531 17.131 15.015 33.445 35.487 27.231 26.406 23.013 36.666 20.081 19.622 22.149 35.902 24.821 22.734 31.141 34.88 38.82 47.878 59.44 43.148 49.629 56.882 49.106 48.744 54.002 53.101 32.926 34.309 39.176 45.78 53.809 66.215 53.322 32.36 35.891 59.383 46.846 46.284 48.599 47.481 29.656 36.63 35.699 34.385 48.711 34.369 30.957 30.381 31.226 34.098 25.536 25.644
14.187 21.048 21.953 15.177 25.982 21.363 26.138 29.863 28.976 14.253 25.533 32.708 27.298 19.24 16.976 40.086 43.964 31.101 29.7 26.306 43.569 23.799 23.397 26.701 45.708 31.627 28.327 38.328 43.531 49.37 59.07 70.145 48.847 55.568 63.512 54.533 53.239 58.65 57.969 35.701 37.314 43.447 52.444 61.221 71.634 54.782 32.68 36.175 61.35 48.906 46.524 48.222 47.542 29.635 36.756 37.244 36.549 51.144 35.361 31.429 30.794 32.131 35.746 26.989 27.157
15.15 22.657 21.983 14.303 25.194 21.846 26.838 32.408 31.302 15.076 26.398 30.929 26.174 21.13 18.72 40.232 41.854 36.196 35.168 28.805 43.26 23.743 24.028 28.028 45.851 31.838 30.769 44.207 48.966 51.591 64.115 80.487 54.625 60.072 64.916 53.561 53.429 58.678 56.16 35.067 37.191 42.788 49.747 60.648 78.888 60.327 33.831 35.757 55.918 42.95 46.689 47.519 44.047 27.716 34.665 33.657 33.112 51.4 36.903 32.811 31.274 30.96 33.221 25.571 26.501
11.749 17.811 18.397 12.404 21.144 16.909 20.132 22.861 22.397 11.152 20.4 25.515 20.915 14.826 13.009 30.023 31.294 22.503 22.08 19.73 32.151 17.209 16.659 18.972 31.231 20.659 18.636 25.301 28.234 31.874 38.706 47.823 34.54 40.613 49.299 44.121 44.873 50.767 51.403 31.872 33.168 37.753 43.884 49.833 58.405 46.487 28.722 32.4 55.156 43.82 42.763 45.703 45.712 28.733 35.731 35.057 33.073 44.613 30.267 26.913 26.362 27.54 30.424 22.655 22.487
14.034 20.819 21.04 14.755 25.179 20.605 25.576 29.342 28.504 14.055 24.978 30.79 26.906 18.977 16.666 37.708 42.318 31.217 29.331 25.687 41.663 23.218 22.931 25.952 42.856 30.858 28.179 37.921 41.869 47.82 58.356 69.394 48.552 54.965 62.26 53.529 52.387 57.344 56.428 34.988 36.609 42.039 50.361 60.135 71.316 54.657 32.252 35.922 59.353 48.044 45.897 47.164 46.336 28.933 35.735 35.555 35.499 50.009 34.853 30.93 30.354 31.253 34.647 26.278 26.585
11.786 18.068 18.902 12.863 22.571 18.113 22.049 25.153 24.317 11.917 22.314 28.339 22.844 16.203 14.601 36.149 36.823 25.583 25.048 22.484 37.992 20.025 19.987 23.379 40.414 26.371 23.6 32.864 37.453 41.565 49.271 58.381 40.409 46.552 53.711 45.737 44.783 49.89 49.212 30.085 31.913 37.646 44.891 51.302 59.445 45.481 27.183 30.694 52.77 41.075 39.047 41.055 40.444 25.101 31.924 32.197 31.067 43.465 29.682 26.396 26.152 27.47 30.635 22.875 23.074
14.242 21.385 22.575 15.438 26.591 21.702 26.35 30.027 29.041 14.275 25.982 33.692 27.246 19.267 17.12 41.619 43.815 30.387 29.568 26.437 44.347 23.689 23.413 27.048 47.052 31.315 27.921 38.151 43.94 49.212 58.342 69.163 47.915 55.207 63.761 54.567 53.448 59.403 58.766 36.046 37.933 44.641 53.756 61.762 71.712 54.837 32.978 36.952 63.657 49.953 47.431 49.732 49.114 30.586 38.298 38.922 37.675 52.519 36.042 32.08 31.647 33.201 36.985 27.77 27.913
11.848 17.548 18.614 12.571 21.69 17.902 21.805 25.208 24.561 11.71 21.13 28.04 22.868 15.768 13.621 33.329 37.155 25.597 24.394 21.465 36.339 19.417 18.677 20.97 37.129 25.349 22.134 29.783 34.655 39.671 47.839 57.926 39.995 45.885 53.556 46.005 44.966 50.106 49.82 29.966 30.9 35.994 44.095 51.833 61.487 46.955 27.788 30.575 53.85 42.82 40.933 42.922 42.53 25.988 32.204 32.765 31.776 45.042 30.67 27.134 26.465 27.739 31.082 23.115 22.969
13.634 20.136 20.392 14.134 23.959 19.528 24.104 27.764 27.263 13.491 23.885 29.409 25.363 17.92 15.621 35.237 39.063 28.953 27.443 23.976 38.859 21.53 21.095 23.685 38.791 27.625 25.113 33.804 37.467 42.721 52.434 63.5 45.245 51.7 59.1 51.299 50.521 55.642 54.987 34.045 35.402 40.467 48.087 57.178 68.757 53.929 32.286 35.885 59.611 48.31 46.592 48.329 47.61 29.703 36.577 36.048 35.435 49.815 34.864 31.078 30.429 31.365 34.656 26.115 26.235
12.673 19.508 20.431 13.911 24.413 19.557 23.729 27.011 26.071 12.813 24.119 30.561 24.505 17.418 15.806 39.169 39.484 27.246 26.805 24.183 40.888 21.514 21.592 25.386 43.794 28.356 25.418 35.542 40.459 44.701 52.775 62.331 43.112 49.761 57.516 48.981 47.964 53.516 52.816 32.345 34.468 40.785 48.517 55.182 63.699 48.726 29.167 33.114 56.894 44.303 42.008 44.236 43.606 27.096 34.537 34.891 33.592 46.823 32.02 28.451 28.266 29.732 33.152 24.784 25.012
13.507 20.004 20.929 14.573 25.26 20.905 25.652 29.206 28.07 13.69 24.554 31.793 26.833 18.925 16.696 40.076 44.325 31.397 29.54 25.977 43.159 23.726 23.397 26.931 46.632 32.449 29.058 39.284 44.57 50.373 59.939 70.095 47.98 53.561 60.563 51.663 50.106 55.05 54.464 33.574 35.136 41.233 50.265 58.982 68.264 50.882 29.572 32.392 55.177 44.361 41.986 43.302 42.646 26.55 33.248 34.194 34.033 48.013 32.981 28.97 28.214 29.439 33.023 25.082 25.346
13.707 20.065 20.618 14.659 25.166 20.902 25.929 29.421 28.237 13.76 24.332 31.027 27.344 19.029 16.668 38.573 44.898 31.995 29.459 25.75 42.361 23.827 23.488 26.647 45.358 33.007 29.717 39.609 43.994 50.739 60.908 70.82 48.391 53.793 60.404 51.962 50.366 54.862 54.397 33.748 35.209 40.816 50.122 60.045 69.598 51.509 29.747 32.547 54.542 45.221 42.54 43.177 42.739 26.715 32.951 33.811 34.398 48.34 33.414 29.232 28.359 29.416 32.985 25.283 25.582
13.655 21.163 22.299 15.216 26.833 21.503 25.954 29.43 28.259 13.902 26.433 33.638 26.704 19.038 17.483 43.805 43.667 29.536 29.27 26.615 45.172 23.731 24.041 28.576 49.466 31.617 28.364 39.922 45.516 49.901 58.36 68.298 46.773 53.932 62.42 52.953 51.625 57.689 56.984 34.9 37.437 44.698 53.153 60.009 68.681 51.837 30.812 35.21 60.733 47.281 44.447 46.916 46.295 28.67 36.802 37.544 36.075 50.215 34.271 30.259 30.176 31.854 35.663 26.741 27.009
11.918 18.604 19.362 13.303 23.29 18.481 22.272 25.216 24.339 12.209 23.433 28.915 23.225 16.781 15.64 37.953 37.207 25.961 25.707 23.416 39.27 20.901 21.353 25.364 42.308 27.279 24.759 34.921 39.069 42.5 49.718 58.181 40.354 46.75 53.672 45.507 44.867 50.127 49.266 30.441 32.929 38.827 45.381 50.745 57.584 44.118 26.921 31.036 52.299 40.062 38.447 40.522 39.763 25.21 32.604 32.45 31.199 42.94 29.209 26.235 26.233 27.754 30.827 23.024 23.363
11.327 18.207 18.714 12.437 22.707 17.51 21.202 23.856 23.037 11.432 22.796 28.09 21.658 15.355 14.325 37.164 35.395 23.648 23.434 21.394 36.688 19.001 19.484 23.351 40.324 24.698 22.127 32.204 36.074 39.088 45.801 52.253 37.455 43.88 50.711 43.472 42.796 48.079 47.492 29.199 31.586 37.62 44.214 49.498 54.403 44.191 26.512 30.809 53.743 40.575 38.348 40.846 40.418 25.037 32.58 32.506 30.881 42.406 29.459 26.181 26.191 27.549 30.671 22.628 23.013
12.373 19.388 20.269 13.748 24.356 19.353 23.343 26.496 25.468 12.536 24.193 30.345 24.012 17.084 15.811 39.528 38.991 26.431 26.161 23.85 40.547 21.214 21.593 25.725 44.025 27.978 25.099 35.672 40.322 44.041 51.63 60.665 41.711 48.47 56.261 47.763 46.775 52.42 51.756 31.704 34.191 40.715 48.098 54.225 62.353 47.341 28.284 32.613 56.15 43.502 41.1 43.503 42.903 26.509 34.215 34.613 33.131 46.18 31.416 27.856 27.844 29.366 32.791 24.468 24.744
12.458 19.087 20.043 13.636 23.782 19.084 23.134 26.32 25.395 12.508 23.351 29.774 23.731 16.918 15.281 37.716 38.004 26.053 25.881 23.345 39.378 20.655 20.733 24.292 42.059 27.079 24.34 33.873 38.759 42.826 50.551 59.791 41.274 48.095 55.793 47.567 46.725 52.24 51.627 31.642 33.707 39.901 47.53 54.068 62.646 47.906 28.849 32.825 56.595 44.156 41.889 44.223 43.694 27.13 34.402 34.811 33.434 46.568 31.897 28.348 28.176 29.613 32.992 24.683 24.85
12.945 19.739 20.45 13.877 23.979 19.181 23.275 26.646 25.971 12.845 23.789 29.715 24.046 17.097 15.33 36.811 37.408 26.435 25.96 23.264 38.813 20.557 20.402 23.61 39.905 26.187 23.494 32.596 36.871 40.921 48.915 58.801 41.489 48.368 56.216 48.37 47.863 53.559 52.999 32.593 34.512 40.329 47.681 54.655 64.32 50.461 30.743 34.868 59.51 46.619 44.938 47.491 46.945 29.329 36.956 36.748 35.273 49.143 33.86 30.333 30.072 31.453 34.804 25.929 26.047
13.864 20.356 19.931 14.302 24.856 20.43 25.826 29.639 28.337 13.789 24.235 29.415 27.277 19.37 16.684 37.247 42.585 33.242 30.282 25.586 41.161 23.506 23.476 26.54 43.363 32.445 30.325 40.351 43.483 49.41 61.82 71.187 49.066 54.329 60.186 51.26 50.268 54.503 53.358 33.429 35.002 39.949 48.248 59.797 70.829 52.47 29.657 32.504 52.733 44.544 42.608 43.16 41.838 26.281 32.521 32.146 33.641 48.378 33.575 29.351 28.306 28.682 32.184 24.781 25.385
11.888 18.603 19.257 13.21 23.061 18.518 21.91 23.911 24.307 12.037 23.179 27.963 22.998 16.367 15.288 37.253 34.101 25.525 24.962 22.804 37.085 20.508 20.844 25.028 41.654 26.755 23.873 34.139 38.262 41.097 46.06 50.528 40.121 45.856 52.767 45.671 44.571 49.636 49.436 30.389 32.765 39.075 45.363 49.841 54.599 45.639 27.216 31.5 53.206 42.006 39.496 41.575 41.28 25.596 32.972 33.405 31.842 42.319 30.29 26.746 26.801 28.234 31.261 23.497 23.746
12.358 18.873 20.262 13.626 24.229 19.578 23.961 27.278 26.063 12.473 23.374 31.267 24.552 17.312 15.302 39.763 40.827 27.463 27.093 24.172 41.722 21.442 21.306 24.89 45.205 28.98 25.624 35.363 41.514 46.307 54.619 64.257 43.085 49.971 57.892 48.697 47.564 53.146 52.414 31.562 33.28 39.812 48.569 55.587 63.834 47.011 27.846 31.241 55.985 42.48 40.39 42.624 41.988 25.641 32.944 33.936 32.734 46.443 30.687 27.4 27.06 28.58 32.253 23.879 24.067
14.197 22.184 23.217 15.907 27.704 22.281 26.542 29.663 28.94 14.429 27.664 34.14 27.642 19.713 18.499 44.581 43.257 30.662 30.004 27.487 45.468 24.729 25.213 30.316 50.241 32.529 29.145 41.351 46.387 50.168 58.084 65.414 48.015 54.937 63.54 54.535 53.18 59.583 58.989 36.272 39.163 46.747 54.785 61.061 69.267 54.12 32.222 37.287 63.776 49.704 46.745 49.869 49.161 30.256 39.165 39.717 37.857 52.321 35.893 31.663 31.766 33.544 37.453 28.007 28.302
12.499 18.667 19.373 13.262 22.519 18.305 22.233 25.442 24.824 12.305 22.131 27.939 22.984 16.259 14.372 33.514 35.695 25.335 24.524 21.825 35.987 19.475 19.118 21.756 36.693 24.955 22.343 30.34 34.404 38.745 46.501 55.953 39.599 45.87 53.169 46.049 45.506 50.656 50.263 31.055 32.611 37.903 45.243 52.469 62.054 48.634 29.662 33.328 56.688 45.009 43.361 45.529 45.086 28.244 35.103 35.085 33.944 47.219 32.749 29.351 28.947 30.192 33.364 25.024 25.095
12.767 19.279 20.581 14.136 24.58 20.083 24.303 27.517 26.4 12.978 23.839 31.321 25.083 17.79 15.973 39.791 41.283 28.109 27.424 24.692 41.761 22.237 22.183 26.008 45.861 30.056 26.814 36.809 42.635 47.346 55.391 64.641 44.203 50.433 58.069 49.369 47.979 53.317 52.749 32.374 34.258 40.827 49.341 56.14 64.039 48.079 28.554 32.05 55.643 43.461 40.717 42.721 42.199 26.297 33.258 34.331 33.27 46.315 31.638 27.92 27.634 29.147 32.686 24.64 24.845
13.002 19.297 20.164 13.805 23.712 19.432 23.788 27.318 26.622 12.973 23.312 30.063 24.903 17.442 15.249 36.457 39.969 28.163 26.94 23.771 39.664 21.428 20.898 23.674 40.871 28.034 24.928 33.702 38.548 43.846 52.77 63.399 44.216 50.595 58.307 50.146 49.067 54.326 53.808 32.863 34.146 39.646 47.927 56.101 66.275 50.988 30.378 33.563 57.617 45.892 43.843 45.71 45.157 27.938 34.639 34.948 34.071 47.936 33.012 29.311 28.663 29.912 33.33 24.988 25.015
12.761 18.985 19.654 13.691 23.795 19.79 24.314 27.771 26.577 12.97 23.226 29.572 25.208 18.099 16.064 37.915 41.614 30.3 28.522 24.847 40.648 22.501 22.378 25.944 44.37 31.171 28.269 38.407 43.199 48.31 57.557 67.129 45.719 50.601 56.537 47.923 46.611 51.156 50.423 31.285 32.98 38.745 47.019 55.448 64.549 47.828 27.447 29.949 50.309 40.398 38.756 39.901 38.94 24.324 30.658 31.414 31.515 44.85 30.945 27.151 26.346 27.315 30.532 23.304 23.728
13.35 20.993 21.973 14.904 26.567 21.075 25.481 28.907 27.75 13.594 26.389 33.174 26.276 18.676 17.284 43.617 42.959 29.145 28.788 26.215 44.761 23.341 23.745 28.343 48.775 30.988 27.771 39.481 44.68 48.849 57.227 67.059 45.962 53.091 61.447 52.024 50.833 56.916 56.122 34.283 37.008 44.137 52.224 58.806 67.176 50.859 30.233 34.823 60.065 46.262 43.679 46.166 45.471 28.126 36.535 36.985 35.475 49.458 33.522 29.715 29.703 31.386 35.103 26.159 26.513
13.031 19.042 18.65 13.301 23.296 19.25 24.273 27.988 26.515 12.878 22.6 27.495 25.489 18.313 15.721 35.027 40.362 31.542 28.7 23.948 38.546 22.07 22.078 25.067 41.133 30.651 28.805 38.5 41.374 46.625 58.492 67.747 45.825 50.571 55.575 47.426 46.712 50.534 49.432 31.088 32.619 37.325 45.091 56.162 66.4 48.841 27.424 29.706 48.263 41.028 39.641 39.883 38.41 24.257 30.059 29.772 31.28 45.461 31.303 27.392 26.192 26.586 29.804 23.044 23.674
