5.217 8.323 10.457 3.609 9.843 8.678 12.445 13.933 15.221 4.629 10.385 15.878 11.576 4.843 4.532 17.835 21.178 13.653 15.424 10.542 21.078 6.474 7.548 9.069 17.681 8.962 7.932 13.461 13.145 18.555 22.258 31.654 19.441 20.519 25.843 17.423 21.224 25.487 26.093 14.883 16.309 14.621 17.369 19.452 25.153 22.417 12.078 12.191 26.859 22.708 21.427 23.046 28.676 16.063 19.645 20.715 18.376 27.426 18.513 15.975 16.259 15.97 18.576 13.724 11.487
5.449 9.536 12.052 3.903 12.05 10.198 14.037 15.043 16.004 4.674 12.127 18.171 12.408 5.091 5.342 23.237 23.467 14.499 16.698 11.416 23.66 6.811 8.771 11.565 22.117 10.063 9.215 17.044 16.012 21.574 24.555 33.353 19.822 21.324 27.235 17.846 22.452 26.913 26.76 14.973 17.493 16.183 19.57 21.51 26.885 23.069 12.261 13.3 30.821 23.97 22.16 24.025 29.545 16.107 20.706 21.904 19.124 28.66 18.605 16.228 17.1 17.08 20.017 14.496 12.372
4.607 7.363 9.568 3.065 8.681 7.687 11.489 13.036 14.508 4.165 9.391 15.232 10.687 4.254 3.717 17.209 19.897 12.74 14.681 9.676 20.652 5.769 6.402 7.667 16.417 7.718 6.56 11.516 11.385 16.583 20.214 29.926 17.821 18.939 24.324 15.825 19.545 23.847 24.442 13.482 14.57 12.804 15.308 17.311 23.043 20.401 10.564 10.287 24.795 20.538 19.634 21.436 27.416 14.767 18.246 19.316 16.956 26.545 17.317 14.813 14.996 14.684 17.395 12.535 10.228
3.929 7.261 9.283 2.732 9.357 7.716 10.844 11.623 12.363 3.278 9.32 14.269 9.381 3.569 3.778 18.436 18.59 11.011 12.7 8.335 18.266 4.732 6.273 8.394 16.805 7.108 6.451 12.531 11.585 15.917 18.187 25.171 14.276 15.444 20.073 12.669 16.335 19.801 19.554 10.478 12.611 11.647 14.363 15.9 20.241 17.131 8.697 9.625 23.976 18.239 16.71 18.232 22.799 11.815 15.648 16.655 14.392 22.368 14.01 12.188 13.009 13.029 15.499 10.943 9.293
5.56 9.443 12.217 3.861 11.643 10.004 14.662 15.875 17.039 4.966 12.057 19.146 12.713 5.249 4.92 24.184 24.679 14.716 17.76 11.967 26.105 7.074 8.473 10.891 23.418 10.257 9.174 17 16.414 23.471 27.284 38.27 22.036 24.111 30.933 19.873 25.095 30.166 30.004 16.654 18.905 17.001 20.592 22.92 29.507 25.153 13.172 13.467 32.674 25.012 23.411 25.555 31.842 16.886 21.613 22.806 19.772 30.44 19.262 16.763 17.324 17.035 20.096 14.369 12.038
5.234 8.267 10.38 3.569 9.737 8.614 12.565 14.237 15.631 4.679 10.39 15.989 11.858 4.882 4.479 17.697 22.146 14.261 15.928 10.792 21.65 6.641 7.647 9.037 17.835 9.22 8.102 13.645 13.387 19.222 23.376 33.631 20.589 21.461 26.918 18.11 21.911 26.339 27.114 15.329 16.596 14.715 17.472 19.676 25.71 23.009 12.245 12.17 26.795 23.089 21.76 23.273 29.021 16.153 19.557 20.54 18.236 27.325 18.449 15.758 15.876 15.526 18.099 13.358 11.098
3.562 6.133 8.231 2.353 7.552 6.429 9.953 10.82 11.727 3.239 7.949 13.45 8.414 3.305 2.836 17.041 16.925 9.591 11.977 7.766 18.469 4.375 4.996 6.428 15.411 6.127 5.263 10.216 9.871 14.742 17.368 25.3 13.947 15.647 20.574 12.67 16.488 20.124 19.899 10.717 12.103 10.618 13.068 14.754 19.728 16.566 8.342 8.232 22.695 16.606 15.794 17.609 22.653 11.452 15.075 15.936 13.665 22.448 13.444 11.771 12.192 11.961 14.433 9.956 8.15
5.489 8.837 11.035 3.885 10.51 9.217 12.89 14.192 15.353 4.816 10.882 16.323 11.787 5.063 4.888 18.712 21.031 13.567 15.43 10.713 21.116 6.614 7.86 9.638 18.262 9.193 8.243 14.044 13.588 18.735 22.042 30.678 19.021 20.274 25.531 17.362 21.254 25.399 25.844 14.984 16.669 15.173 18.032 20.049 25.507 22.651 12.462 12.854 27.965 23.203 21.868 23.593 29.13 16.572 20.436 21.616 19.213 28.321 19.247 16.811 17.319 17.106 19.801 14.727 12.49
5.659 8.899 11.22 3.815 10.521 9.292 13.869 15.837 17.387 5.018 11.218 17.577 13.185 5.239 4.713 18.897 25.307 15.788 17.458 11.78 23.839 7.228 8.269 9.502 19.361 10.118 8.765 14.525 14.448 21.163 25.944 37.616 22.719 23.417 29.643 19.893 23.907 29.072 30.114 16.693 17.928 15.744 18.852 21.41 28.331 25.392 13.199 12.968 28.814 25.723 23.893 25.504 32.135 17.674 21.248 22.44 19.974 30.156 20.375 17.147 17.192 16.843 19.778 14.553 11.972
4.002 6.642 8.911 2.62 7.974 6.964 10.676 11.799 12.962 3.582 8.458 14.354 9.288 3.633 3.096 17.011 17.7 10.591 12.924 8.366 19.208 4.734 5.29 6.567 15.32 6.402 5.408 10.047 9.87 14.602 17.437 25.704 14.468 16.059 21.073 13.172 16.895 20.741 20.822 11.267 12.466 10.944 13.352 15.165 20.4 17.494 8.855 8.633 23.088 17.735 17.074 18.994 24.626 12.682 16.386 17.465 15.156 24.776 15.246 13.314 13.712 13.503 16.285 11.396 9.273
4.308 7.442 9.51 2.999 9.24 7.726 11.252 12.243 13.223 3.849 9.59 14.837 9.875 4.048 3.87 18.924 18.951 11.383 13.614 9.195 20.09 5.465 6.629 8.529 17.826 7.795 6.991 13.092 12.381 17.582 20.47 28.881 16.792 18.322 23.64 15.214 19.258 23.19 23.128 12.804 14.641 13.16 15.908 17.622 22.647 19.397 10.167 10.533 25.53 19.447 18.201 19.964 24.996 13.326 17.122 18.048 15.65 24.133 15.356 13.355 13.874 13.655 16.087 11.486 9.637
4.683 7.639 10.038 3.175 9.184 8.204 12.052 13.279 14.411 4.128 9.612 15.789 10.657 4.331 3.938 18.345 20.146 12.399 14.783 9.87 21.092 5.763 6.715 8.282 18.022 8.175 7.137 12.69 12.678 18.19 21.579 30.787 17.78 19.47 25.025 16.169 20.227 24.582 24.746 13.698 15.151 13.584 16.396 18.494 24.176 20.918 10.873 10.851 26.202 21.044 19.935 21.693 27.336 14.527 18.314 19.525 17.058 26.393 16.865 14.66 15.005 14.785 17.482 12.562 10.371
5.209 8.586 10.841 3.734 10.397 9.094 12.629 13.618 14.549 4.54 10.608 16.099 11.174 4.845 4.758 19.471 20.241 12.575 14.845 10.337 20.863 6.307 7.681 9.764 19.032 8.977 8.177 14.398 13.91 19.027 21.849 29.837 18.013 19.694 24.956 16.73 20.799 24.807 24.877 14.366 16.335 15.014 17.958 19.837 24.928 21.716 11.93 12.484 27.749 22.192 20.772 22.516 27.659 15.535 19.504 20.688 18.245 26.89 17.999 15.798 16.406 16.255 18.854 13.941 11.884
4.864 8.293 10.574 3.426 10.198 8.692 12.474 13.451 14.399 4.313 10.508 16.227 10.874 4.573 4.413 20.408 20.631 12.35 14.831 10.144 21.659 6.077 7.405 9.52 19.573 8.706 7.891 14.487 13.819 19.408 22.386 31.052 18.205 20.015 25.634 16.725 21.093 25.255 25.135 14.174 16.236 14.718 17.741 19.62 24.971 21.415 11.438 11.91 28.032 21.596 20.169 22.039 27.343 14.806 18.966 20.021 17.437 26.456 17.049 14.93 15.524 15.308 17.935 12.947 10.95
3.815 6.484 8.572 2.527 7.839 6.682 10.172 11.128 12.152 3.41 8.254 13.631 8.743 3.475 3.038 16.544 16.682 9.789 12.086 7.893 18.108 4.472 5.123 6.445 14.665 6.037 5.207 9.783 9.402 13.803 16.28 23.723 13.379 14.996 19.65 12.306 15.9 19.389 19.352 10.55 11.892 10.471 12.779 14.394 19.177 16.367 8.382 8.352 22.145 16.649 15.991 17.867 23.056 11.933 15.63 16.585 14.373 23.39 14.386 12.68 13.172 12.977 15.602 10.917 8.993
5.542 9.265 11.575 4.025 11.424 9.809 13.309 14.273 15.184 4.777 11.522 17.019 11.878 5.117 5.258 21.207 21.543 13.627 15.588 10.851 21.741 6.662 8.35 10.819 20.203 9.585 8.744 15.652 14.807 19.758 22.46 30.264 18.528 19.833 25.137 17.018 21.105 25.164 25.17 14.778 16.972 15.797 18.853 20.66 25.606 22.304 12.365 13.201 29.06 23.131 21.508 23.261 28.422 16.14 20.309 21.557 19.029 27.878 18.796 16.501 17.296 17.237 19.991 14.835 12.733
4.52 7.624 9.629 3.213 9.345 7.967 11.25 12.176 13.075 3.993 9.616 14.57 9.962 4.231 4.143 18.147 18.42 11.341 13.378 9.236 19.252 5.611 6.847 8.76 17.383 7.976 7.232 13.091 12.45 17.246 19.905 27.532 16.498 17.932 22.903 15.148 18.95 22.665 22.676 12.915 14.738 13.431 16.106 17.767 22.471 19.461 10.524 11.01 25.221 19.729 18.443 20.096 24.853 13.72 17.385 18.368 16.086 24.099 15.832 13.844 14.395 14.221 16.577 12.089 10.254
4.3 8.32 10.662 2.972 10.952 8.502 12.495 13.153 13.67 3.916 11.131 17.296 10.456 4 4 23.544 23.076 12.196 14.226 9.133 22.131 5.451 7.089 9.455 20.778 7.9 7.23 14.936 13.414 19.25 21.847 29.955 16.589 18.578 24.255 15.396 20.141 24.147 23.383 13.109 15.628 14.031 17.32 19.044 24.457 20.038 10.328 11.23 29.937 21.262 18.998 20.868 26.149 13.51 18.359 19.311 16.416 26.11 15.787 13.967 14.89 14.715 17.546 12.122 10.301
5.363 9.959 12.617 3.723 12.788 10.231 14.524 15.419 16.139 4.637 12.865 19.609 12.471 4.812 4.936 25.118 25.347 14.468 16.562 10.578 24.001 6.198 8.127 10.655 21.827 8.865 8.054 15.818 14.336 19.916 22.588 30.804 17.512 19.43 25.165 16.537 21.289 25.419 24.995 14.464 17.06 15.527 18.928 20.778 26.4 22.149 11.773 12.924 32.415 24.192 21.91 23.921 29.814 15.981 21.365 22.641 19.62 30.4 19.333 17.264 18.428 18.346 21.689 15.419 13.228
4.164 6.727 8.823 2.775 7.956 7.07 10.468 11.686 12.852 3.659 8.412 13.816 9.412 3.764 3.346 15.472 17.282 10.812 12.739 8.431 18.047 4.909 5.581 6.722 14.513 6.616 5.666 9.948 9.877 14.218 17.055 24.812 14.486 15.781 20.424 13.22 16.52 20.224 20.556 11.351 12.431 11.046 13.297 15.056 19.951 17.488 9.061 8.951 21.862 17.886 17.12 18.791 24.084 12.879 16.209 17.35 15.247 23.981 15.465 13.441 13.771 13.604 16.19 11.641 9.55
5.521 9.673 12.234 3.829 11.957 9.828 14.023 15.256 16.542 4.785 12.255 18.546 12.348 5.011 4.94 23.03 22.835 13.716 16.246 10.995 23.734 6.493 8.043 10.285 20.48 8.927 8.033 14.943 13.85 19.23 22.253 31.358 18.442 20.234 26.312 17.066 21.723 26.274 26.349 14.608 16.904 15.29 18.461 20.384 26.134 22.582 11.901 12.627 30.499 23.379 21.966 24.321 30.804 16.621 21.631 22.994 20.087 31.15 20.098 17.658 18.603 18.47 21.817 15.634 13.206
4.023 6.871 8.75 2.782 8.444 7.082 10.25 11.273 12.312 3.581 8.835 13.572 9.202 3.75 3.573 16.878 17.165 10.632 12.573 8.475 18.226 5.04 6.058 7.702 15.705 7.013 6.237 11.526 10.896 15.365 18.034 25.72 15.231 16.53 21.323 13.818 17.399 21.006 21.131 11.718 13.285 11.917 14.328 15.874 20.457 17.742 9.319 9.619 23.094 17.917 16.901 18.576 23.396 12.61 16.09 16.979 14.791 22.808 14.717 12.781 13.251 13.049 15.355 11.009 9.201
5.049 8.162 10.418 3.504 9.793 8.654 12.506 13.878 15.103 4.532 10.314 16.122 11.402 4.753 4.422 18.987 21.357 13.674 15.717 10.654 21.934 6.483 7.542 9.309 19.008 9.195 8.123 14.239 13.991 19.845 23.61 33.484 20.143 21.345 26.937 17.808 21.846 26.208 26.542 14.983 16.492 14.808 17.67 19.75 25.477 22.348 11.904 11.967 27.217 22.202 20.894 22.5 27.898 15.313 18.86 19.871 17.447 26.244 17.314 14.904 15.175 14.874 17.359 12.692 10.594
4.527 8.146 10.567 3.053 10.076 8.199 12.369 13.226 14.144 4.106 10.471 16.712 10.338 4.181 3.811 21.379 20.844 11.26 14.068 9.334 21.886 5.351 6.421 8.291 18.519 7.265 6.498 12.649 11.7 17.052 19.644 27.776 15.663 17.904 23.39 14.7 19.277 23.23 22.779 12.647 14.739 13.032 15.967 17.743 23.257 19.492 10.154 10.511 27.982 20.151 18.927 21.268 27.171 14.143 19.061 20.066 17.25 27.934 16.996 15.217 16.057 15.823 18.947 13.17 11.07
5.164 8.646 10.825 3.728 10.64 9.086 12.511 13.518 14.505 4.546 10.916 16.168 11.269 4.87 4.928 20.25 20.413 12.925 14.996 10.502 21.252 6.491 8.053 10.348 19.528 9.264 8.465 15.12 14.333 19.354 22.202 30.313 18.583 20.024 25.41 17.056 21.171 25.242 25.297 14.604 16.648 15.29 18.205 19.951 24.877 21.662 11.891 12.554 27.881 22.003 20.57 22.317 27.365 15.427 19.411 20.464 17.999 26.524 17.68 15.476 16.112 15.979 18.525 13.629 11.615
4.81 8.97 11.459 3.386 11.792 9.608 13.527 14.368 15.079 4.073 11.711 17.93 11.588 4.438 4.732 24.052 24.022 13.967 16.057 10.419 23.278 5.985 8.042 10.892 22.224 9.221 8.416 16.71 15.382 21.243 24.112 32.994 18.284 19.72 25.481 16.187 20.872 25.073 24.453 13.601 16.387 15.174 18.651 20.515 25.858 21.556 11.1 12.299 30.639 22.865 20.634 22.306 27.506 14.217 18.855 19.985 17.179 26.409 16.43 14.362 15.329 15.308 18.124 12.825 10.968
3.535 5.742 7.879 2.293 6.93 6.23 9.687 10.814 11.895 3.204 7.402 13.102 8.515 3.246 2.677 15.506 16.819 10.096 12.124 7.764 18.087 4.418 4.796 5.924 14.593 6.17 5.085 9.451 9.577 14.406 17.457 25.994 14.444 15.736 20.671 12.817 16.27 20.129 20.255 10.786 11.671 10.206 12.494 14.339 19.482 16.664 8.239 7.804 21.271 16.632 15.86 17.46 22.64 11.467 14.533 15.534 13.422 22.01 13.424 11.491 11.672 11.456 13.862 9.658 7.722
3.711 6.098 8.096 2.455 7.26 6.407 9.597 10.592 11.604 3.27 7.654 12.758 8.407 3.354 2.946 14.717 15.59 9.502 11.525 7.564 16.715 4.309 4.908 6.031 13.454 5.818 4.984 9.006 8.882 12.881 15.314 22.263 12.733 14.151 18.419 11.715 14.893 18.211 18.332 10.068 11.149 9.884 11.974 13.554 18.022 15.581 8.022 7.922 20.21 15.895 15.307 16.946 21.796 11.448 14.703 15.719 13.731 21.984 13.817 12.134 12.508 12.357 14.796 10.5 8.614
5.832 9.237 11.232 3.977 10.45 9.303 12.862 14.959 16.629 5.35 11.585 16.605 12.457 5.523 5.215 18.594 21.33 15.781 17.295 11.738 22.307 7.31 8.447 10.2 17.982 9.531 8.703 14.811 14.062 19.157 23.912 34.473 22.533 23.435 28.523 19.507 23.563 27.717 28.471 16.877 18.335 16.328 18.762 20.804 26.841 24.736 13.819 13.958 29.075 24.201 23.673 25.48 31.005 17.965 21.702 22.39 19.764 29.154 20.22 17.58 17.79 17.184 19.623 14.69 12.411
4.858 7.606 9.569 3.273 8.894 7.916 11.641 13.33 14.744 4.394 9.63 14.907 11.127 4.556 4.105 16.382 20.889 13.64 15.151 10.178 20.478 6.267 7.103 8.331 16.571 8.613 7.517 12.648 12.449 18.016 22.156 32.262 19.806 20.499 25.606 17.174 20.7 24.876 25.692 14.483 15.524 13.658 16.152 18.23 23.99 21.567 11.421 11.203 24.73 21.432 20.302 21.684 27.092 15.042 18.094 18.934 16.787 25.28 17.072 14.508 14.511 14.13 16.486 12.155 10.04
