1.838 1.718 1.934 1.811 3.14 3.826 4.744 3.185 2.984 0.856 2.15 5.413 3.738 1.874 1.447 3.226 5.779 4.44 3.722 4.147 6.613 2.801 2.622 2.713 3.475 2.976 2.589 4.515 4.524 6.849 6.588 11.089 5.896 5.954 7.483 5.818 6.549 10.551 8.555 3.617 4.116 3.342 4.847 5.752 13.264 8.381 4.104 5.265 7.661 6.262 4.7 6.215 13.382 6.526 6.984 6.079 6.194 9.673 8.759 6.327 9.921 7.03 6.121 8.918 4.819
1.428 1.323 1.524 1.427 2.679 3.328 4.178 2.641 2.443 0.603 1.729 5.044 3.325 1.538 1.153 2.951 5.784 4.292 3.517 3.984 6.762 2.585 2.414 2.551 3.446 2.93 2.534 4.825 4.858 7.711 7.303 12.89 6.252 6.254 8.038 6.02 6.856 11.651 9.095 3.445 3.933 3.105 4.754 5.771 14.532 8.467 3.733 4.835 7.36 5.824 4.182 5.701 13.395 5.894 6.258 5.285 5.36 8.812 7.773 5.313 8.682 5.829 4.953 7.547 3.754
1.87 1.761 1.977 1.858 3.108 3.709 4.503 3.078 2.893 0.872 2.191 5.144 3.615 1.865 1.482 3.206 5.474 4.25 3.581 3.975 6.158 2.729 2.596 2.719 3.453 2.983 2.63 4.456 4.441 6.507 6.249 10.126 5.573 5.642 7.033 5.552 6.23 9.747 7.993 3.513 4.065 3.372 4.836 5.655 12.197 7.878 3.971 5.126 7.328 6.038 4.605 6.042 12.316 6.228 6.653 5.854 5.984 9.105 8.257 6.047 9.269 6.693 5.884 8.428 4.694
1.557 1.431 1.588 1.484 2.599 3.339 4.335 2.958 2.726 0.779 1.758 4.653 3.405 1.706 1.256 2.665 5.134 4.149 3.496 3.857 6.278 2.7 2.408 2.402 3.024 2.609 2.24 3.877 4.046 6.362 6.368 11.175 6.061 5.954 7.382 5.752 6.365 10.401 8.647 3.633 3.873 3.058 4.259 5.105 12.494 8.306 4.045 4.898 7.028 5.825 4.321 5.551 12.394 6.279 6.549 5.623 5.614 8.752 8.131 5.874 9.057 6.496 5.542 7.93 4.331
1.711 1.597 1.792 1.675 2.874 3.485 4.306 2.901 2.713 0.784 1.953 4.827 3.345 1.681 1.297 2.85 5.032 3.868 3.234 3.583 5.656 2.413 2.251 2.32 2.948 2.519 2.185 3.764 3.756 5.632 5.409 9.025 4.835 4.872 6.101 4.754 5.338 8.543 6.949 2.958 3.366 2.741 3.961 4.688 10.694 6.815 3.36 4.312 6.256 5.13 3.864 5.1 10.886 5.365 5.741 5.012 5.112 7.952 7.222 5.24 8.193 5.84 5.097 7.405 4.031
1.537 1.427 1.592 1.492 2.567 3.193 4.026 2.747 2.558 0.754 1.763 4.471 3.203 1.633 1.243 2.668 4.912 3.896 3.297 3.66 5.855 2.548 2.341 2.389 3.03 2.623 2.28 3.929 4.03 6.181 6.078 10.349 5.63 5.619 6.991 5.477 6.102 9.796 8.071 3.468 3.818 3.082 4.343 5.155 11.963 7.801 3.869 4.797 6.865 5.668 4.254 5.502 11.81 5.949 6.271 5.437 5.477 8.437 7.735 5.62 8.623 6.184 5.341 7.631 4.203
1.782 1.686 1.906 1.798 2.99 3.53 4.226 2.868 2.698 0.806 2.13 4.942 3.466 1.781 1.444 3.18 5.369 4.15 3.487 3.884 6.006 2.667 2.583 2.76 3.54 3.076 2.741 4.657 4.629 6.703 6.397 10.221 5.601 5.692 7.118 5.628 6.34 9.863 8.062 3.527 4.173 3.504 5.069 5.9 12.386 7.913 3.944 5.174 7.414 6.089 4.644 6.125 12.275 6.164 6.58 5.795 5.946 9.009 8.107 5.898 9.02 6.498 5.724 8.21 4.559
1.718 1.58 1.733 1.615 2.705 3.447 4.478 3.181 2.951 0.893 1.936 4.687 3.549 1.829 1.361 2.713 4.921 4.074 3.453 3.774 5.947 2.702 2.399 2.368 2.882 2.467 2.103 3.453 3.565 5.423 5.494 9.437 5.434 5.339 6.55 5.194 5.69 9.025 7.697 3.376 3.592 2.866 3.879 4.549 10.498 7.389 3.746 4.532 6.388 5.373 4.05 5.129 10.934 5.901 6.15 5.363 5.368 8.158 7.701 5.697 8.618 6.383 5.502 7.72 4.381
1.683 1.588 1.794 1.693 2.871 3.433 4.161 2.819 2.654 0.796 2.047 4.928 3.442 1.775 1.426 3.187 5.557 4.309 3.65 4.098 6.445 2.834 2.73 2.899 3.744 3.258 2.901 5.033 5.048 7.489 7.187 11.721 6.357 6.445 8.057 6.324 7.111 11.171 9.075 3.951 4.586 3.788 5.449 6.361 13.762 8.696 4.324 5.566 7.942 6.476 4.903 6.437 13.148 6.511 6.927 6.049 6.154 9.354 8.383 6.067 9.268 6.604 5.774 8.276 4.551
1.799 1.679 1.903 1.782 3.144 3.833 4.748 3.136 2.926 0.803 2.122 5.5 3.755 1.841 1.417 3.288 5.987 4.559 3.796 4.249 6.871 2.839 2.669 2.791 3.634 3.111 2.711 4.842 4.85 7.404 7.086 12.018 6.251 6.303 7.973 6.145 6.947 11.325 9.098 3.734 4.285 3.465 5.116 6.097 14.257 8.821 4.193 5.423 7.984 6.466 4.8 6.412 14.033 6.666 7.12 6.151 6.266 9.902 8.891 6.324 10.018 6.999 6.058 8.93 4.718
1.282 1.183 1.336 1.255 2.261 2.866 3.658 2.426 2.225 0.597 1.487 4.131 2.93 1.419 1.046 2.419 4.708 3.701 3.073 3.417 5.648 2.339 2.112 2.167 2.831 2.444 2.113 3.82 3.94 6.181 6.045 10.528 5.495 5.387 6.758 5.193 5.801 9.613 7.826 3.147 3.424 2.709 3.944 4.773 11.72 7.426 3.448 4.249 6.254 5.103 3.729 4.901 11.138 5.376 5.589 4.755 4.769 7.59 6.919 4.874 7.645 5.356 4.545 6.662 3.515
1.273 1.188 1.351 1.269 2.234 2.728 3.374 2.229 2.072 0.564 1.511 3.924 2.71 1.324 1.02 2.38 4.347 3.334 2.769 3.095 5.007 2.083 1.956 2.059 2.693 2.316 2.027 3.62 3.64 5.532 5.303 8.946 4.67 4.681 5.915 4.568 5.157 8.391 6.767 2.764 3.171 2.574 3.808 4.538 10.508 6.533 3.076 3.967 5.847 4.744 3.514 4.688 10.209 4.88 5.172 4.46 4.54 7.157 6.434 4.559 7.182 5.032 4.343 6.391 3.383
1.61 1.499 1.683 1.576 2.702 3.302 4.094 2.765 2.561 0.725 1.816 4.527 3.202 1.591 1.211 2.665 4.744 3.694 3.065 3.372 5.323 2.285 2.103 2.167 2.76 2.367 2.052 3.526 3.54 5.284 5.099 8.473 4.576 4.55 5.682 4.439 4.965 7.953 6.531 2.75 3.1 2.529 3.666 4.361 9.923 6.429 3.122 3.971 5.787 4.776 3.582 4.717 10.092 5.05 5.335 4.645 4.731 7.37 6.746 4.877 7.59 5.448 4.728 6.863 3.748
1.587 1.493 1.675 1.578 2.65 3.185 3.886 2.661 2.504 0.767 1.882 4.491 3.172 1.652 1.314 2.849 4.963 3.884 3.302 3.688 5.771 2.57 2.448 2.567 3.277 2.851 2.524 4.316 4.348 6.459 6.245 10.223 5.626 5.696 7.096 5.602 6.277 9.833 8.057 3.561 4.076 3.37 4.788 5.595 12.133 7.813 3.952 5.031 7.14 5.871 4.467 5.813 11.849 5.984 6.36 5.574 5.663 8.566 7.748 5.665 8.604 6.192 5.419 7.704 4.297
2.302 2.154 2.366 2.218 3.535 4.28 5.29 3.794 3.572 1.176 2.59 5.72 4.265 2.294 1.801 3.502 5.844 4.745 4.046 4.417 6.666 3.161 2.917 2.957 3.587 3.098 2.689 4.25 4.28 6.166 6.094 9.843 5.799 5.812 7.118 5.753 6.341 9.676 8.228 3.827 4.249 3.544 4.814 5.558 11.602 8.108 4.319 5.366 7.457 6.315 4.895 6.197 12.198 6.716 7.085 6.314 6.411 9.453 8.835 6.678 9.895 7.448 6.57 9.086 5.356
1.352 1.269 1.447 1.358 2.38 2.86 3.491 2.29 2.142 0.58 1.629 4.132 2.8 1.365 1.073 2.539 4.531 3.422 2.838 3.189 5.135 2.119 2.03 2.164 2.838 2.432 2.137 3.822 3.798 5.719 5.427 9.072 4.695 4.762 6.048 4.663 5.294 8.575 6.856 2.796 3.3 2.701 4.031 4.768 10.831 6.623 3.116 4.124 6.087 4.904 3.643 4.905 10.541 4.964 5.318 4.605 4.716 7.427 6.613 4.677 7.417 5.167 4.489 6.64 3.492
1.955 1.799 2.009 1.866 3.294 4.123 5.251 3.503 3.242 0.897 2.134 5.641 3.913 1.913 1.406 3.063 5.683 4.366 3.606 3.951 6.349 2.613 2.34 2.332 2.928 2.465 2.082 3.596 3.61 5.545 5.352 9.235 4.827 4.78 5.966 4.585 5.109 8.382 6.803 2.796 3.051 2.416 3.471 4.181 10.301 6.579 3.167 3.964 5.838 4.801 3.563 4.692 10.658 5.184 5.515 4.763 4.827 7.707 7.089 5.105 8.128 5.76 4.97 7.308 3.909
2.4 2.272 2.538 2.386 3.827 4.45 5.252 3.627 3.413 1.079 2.703 5.893 4.175 2.198 1.793 3.734 6.024 4.671 3.924 4.312 6.442 2.961 2.853 3.012 3.768 3.266 2.898 4.724 4.653 6.542 6.224 9.637 5.451 5.529 6.826 5.459 6.099 9.237 7.629 3.48 4.107 3.492 4.952 5.709 11.479 7.547 3.915 5.109 7.194 5.978 4.634 6.039 11.642 6.084 6.501 5.796 5.96 8.841 8.027 5.964 8.96 6.595 5.867 8.275 4.754
3.332 3.122 3.429 3.216 5.073 6.059 7.369 5.287 4.964 1.646 3.652 7.901 5.879 3.172 2.501 4.848 7.898 6.367 5.393 5.842 8.654 4.138 3.823 3.884 4.699 4.053 3.521 5.512 5.489 7.725 7.524 11.784 6.965 6.941 8.433 6.814 7.479 11.237 9.526 4.463 4.979 4.173 5.682 6.538 13.282 9.267 4.954 6.169 8.545 7.243 5.635 7.139 13.795 7.646 8.053 7.192 7.318 10.728 10.007 7.582 11.173 8.445 7.476 10.323 6.126
2.531 2.385 2.634 2.475 3.917 4.609 5.516 3.899 3.672 1.22 2.795 6.041 4.386 2.372 1.907 3.788 6.142 4.87 4.138 4.523 6.725 3.182 3.007 3.111 3.826 3.323 2.927 4.674 4.65 6.578 6.357 9.938 5.774 5.828 7.136 5.758 6.382 9.617 8.057 3.782 4.318 3.655 5.051 5.819 11.76 7.973 4.261 5.393 7.489 6.298 4.913 6.28 12.063 6.521 6.921 6.185 6.318 9.267 8.529 6.435 9.514 7.109 6.316 8.759 5.157
1.513 1.419 1.623 1.534 2.721 3.303 4.044 2.656 2.48 0.687 1.881 4.937 3.383 1.676 1.322 3.168 5.837 4.46 3.732 4.215 6.852 2.854 2.732 2.92 3.872 3.357 2.975 5.4 5.439 8.284 7.885 13.188 6.795 6.816 8.582 6.587 7.427 11.997 9.551 3.918 4.519 3.658 5.387 6.363 14.49 8.774 4.117 5.282 7.692 6.167 4.556 6.063 13.015 6.113 6.463 5.537 5.607 8.758 7.751 5.443 8.478 5.874 5.069 7.441 3.921
1.118 1.016 1.138 1.059 1.958 2.565 3.382 2.225 2.019 0.52 1.222 3.604 2.555 1.2 0.839 1.898 3.868 3.035 2.487 2.73 4.592 1.835 1.587 1.566 2.011 1.709 1.436 2.598 2.7 4.357 4.304 7.807 4.001 3.875 4.871 3.709 4.13 7.061 5.771 2.252 2.357 1.814 2.631 3.257 8.737 5.597 2.555 3.088 4.629 3.808 2.753 3.622 8.824 4.228 4.391 3.711 3.712 6.092 5.659 3.979 6.396 4.477 3.767 5.6 2.912
1.819 1.675 1.838 1.711 2.855 3.6 4.628 3.265 3.029 0.917 2.005 4.816 3.594 1.848 1.378 2.746 4.899 3.992 3.361 3.653 5.697 2.568 2.282 2.251 2.73 2.323 1.972 3.212 3.274 4.912 4.907 8.312 4.736 4.654 5.699 4.505 4.936 7.796 6.601 2.895 3.099 2.482 3.377 3.961 9.089 6.33 3.214 3.917 5.541 4.66 3.522 4.482 9.537 5.11 5.351 4.679 4.702 7.168 6.752 5.003 7.604 5.628 4.873 6.871 3.9
1.607 1.512 1.662 1.564 2.466 3 3.739 2.719 2.572 0.866 1.893 4.092 3.116 1.705 1.361 2.629 4.417 3.702 3.229 3.589 5.5 2.673 2.5 2.563 3.123 2.733 2.403 3.808 3.915 5.757 5.877 9.744 5.896 5.974 7.357 6.002 6.621 10.052 8.622 4.063 4.531 3.813 5.137 5.886 12.004 8.511 4.582 5.686 7.791 6.569 5.084 6.348 12.072 6.707 7.016 6.242 6.291 9.064 8.401 6.338 9.194 6.908 6.05 8.188 4.852
2.385 2.266 2.517 2.386 3.716 4.332 5.108 3.643 3.433 1.168 2.711 5.697 4.209 2.309 1.891 3.73 5.915 4.728 4.017 4.379 6.398 3.119 2.979 3.127 3.856 3.388 3.026 4.762 4.735 6.528 6.283 9.492 5.625 5.661 6.893 5.622 6.223 9.205 7.776 3.728 4.3 3.702 5.118 5.881 11.367 7.809 4.215 5.353 7.398 6.275 4.944 6.309 11.727 6.489 6.857 6.168 6.328 9.167 8.457 6.419 9.368 7.094 6.344 8.739 5.243
2.308 2.154 2.374 2.219 3.592 4.322 5.301 3.72 3.486 1.11 2.51 5.669 4.106 2.166 1.689 3.366 5.637 4.462 3.761 4.092 6.181 2.833 2.611 2.643 3.223 2.76 2.383 3.822 3.805 5.483 5.318 8.553 4.869 4.866 5.956 4.744 5.233 8.033 6.704 3.046 3.4 2.815 3.881 4.504 9.603 6.503 3.4 4.261 5.982 5.017 3.864 4.946 9.936 5.29 5.61 4.972 5.057 7.563 7.003 5.242 7.885 5.844 5.149 7.22 4.169
1.556 1.455 1.658 1.561 2.757 3.358 4.139 2.73 2.543 0.698 1.884 4.909 3.378 1.663 1.293 3.05 5.591 4.284 3.574 4.016 6.514 2.713 2.57 2.722 3.58 3.091 2.72 4.895 4.928 7.506 7.182 12.091 6.283 6.308 7.962 6.135 6.926 11.24 9.018 3.694 4.246 3.441 5.08 6.033 13.89 8.544 4.024 5.179 7.591 6.128 4.535 6.042 13.081 6.206 6.574 5.653 5.739 9.011 8.046 5.682 8.911 6.211 5.358 7.87 4.156
1.463 1.358 1.501 1.405 2.351 2.926 3.704 2.59 2.415 0.738 1.659 4 2.941 1.525 1.161 2.371 4.231 3.417 2.897 3.184 4.99 2.247 2.044 2.059 2.548 2.196 1.896 3.148 3.219 4.847 4.813 8.107 4.574 4.55 5.615 4.451 4.923 7.779 6.53 2.882 3.149 2.556 3.528 4.148 9.378 6.371 3.243 3.999 5.661 4.735 3.592 4.596 9.648 5.076 5.341 4.675 4.715 7.162 6.664 4.923 7.468 5.479 4.76 6.715 3.799
1.227 1.138 1.284 1.209 2.159 2.711 3.427 2.281 2.106 0.583 1.448 3.943 2.789 1.378 1.038 2.386 4.589 3.605 3.021 3.375 5.54 2.324 2.132 2.204 2.879 2.498 2.179 3.921 4.039 6.3 6.142 10.571 5.541 5.469 6.837 5.267 5.88 9.619 7.8 3.2 3.513 2.797 4.036 4.839 11.576 7.287 3.442 4.249 6.17 5.019 3.691 4.827 10.704 5.175 5.402 4.607 4.618 7.25 6.563 4.645 7.205 5.047 4.304 6.257 3.331
2.047 1.924 2.11 1.984 3.109 3.737 4.588 3.335 3.154 1.07 2.338 5.028 3.799 2.079 1.653 3.172 5.209 4.278 3.675 4.023 6.029 2.938 2.734 2.792 3.386 2.947 2.576 4.029 4.069 5.807 5.776 9.246 5.586 5.629 6.903 5.647 6.234 9.422 8.093 3.848 4.296 3.625 4.901 5.632 11.401 8.083 4.379 5.44 7.5 6.384 4.986 6.274 12.016 6.75 7.105 6.366 6.469 9.405 8.799 6.7 9.795 7.441 6.586 9.01 5.395
