2.382 7.707 5.271 3.173 11.236 12.75 7.001 6.619 9.735 1.941 4.49 18.939 11.15 3.546 3.184 11.092 16.916 13.563 8.366 7.323 10.457 4.344 3.556 5.319 11.607 11.491 3.768 4.237 10.557 19.67 20.174 22.56 13.104 18.108 16.927 15.817 14.9 24.019 22.056 12.48 15.041 12.234 17.077 23.763 26.855 22.429 8.047 9.594 27.275 16.645 14.839 28.484 34.089 14.67 18.978 18.243 17.144 30.83 24.487 14.75 19.647 20.978 16.973 17.413 11.675
2.257 6.457 4.658 2.93 9.133 10.472 6.076 5.753 8.188 1.885 4.016 15.119 9.486 3.31 3.001 9.324 14.138 11.674 7.502 6.644 9.238 4.157 3.46 4.986 10.294 10.431 3.757 4.181 9.699 17.806 18.6 20.85 12.652 17.073 16.123 15.183 14.383 22.35 20.75 12.273 14.501 12.041 16.328 22.199 24.878 21.011 8.174 9.536 24.522 15.782 14.083 25.309 29.793 13.692 17.065 16.439 15.453 26.082 21.115 13.185 16.872 17.809 14.608 14.837 10.301
2.712 8.257 5.786 3.583 11.789 13.253 7.449 7.077 10.228 2.233 4.984 19.314 11.656 3.894 3.574 11.698 17.428 14.029 8.842 7.853 11.077 4.843 4.049 5.961 12.461 12.297 4.259 4.823 11.509 20.737 21.129 23.381 13.949 19.037 17.94 16.85 15.962 25.079 23.129 13.471 16.136 13.344 18.304 24.961 27.889 23.403 8.885 10.595 28.316 17.743 15.816 29.199 34.486 15.449 19.693 19.044 17.954 31.063 24.941 15.383 20.147 21.441 17.531 17.942 12.338
2.243 7.549 4.949 2.878 11.46 13.107 6.838 6.486 9.857 1.812 4.097 20.588 11.251 3.36 2.909 11.256 18.119 14.151 8.477 7.386 10.83 4.21 3.318 4.952 11.961 11.949 3.672 4.003 10.817 22.138 22.706 25.675 14.302 20.435 18.867 17.521 16.411 27.566 24.837 13.482 16.489 13.108 18.782 26.812 30.343 24.764 8.452 9.933 30.692 17.569 15.555 31.671 37.859 15.165 20.04 19.064 17.745 33.391 25.598 14.859 20.179 21.43 16.965 17.43 11.332
2.269 7.035 4.98 3.102 10.063 11.258 6.343 6.028 8.677 1.88 4.336 16.225 9.908 3.316 3.098 10.018 14.722 11.845 7.465 6.639 9.355 4.123 3.502 5.223 10.721 10.54 3.668 4.226 9.96 17.496 17.703 19.403 11.583 15.717 14.806 13.895 13.172 20.55 18.941 11.054 13.273 11.018 15.095 20.461 22.748 19.061 7.199 8.718 23.135 14.596 13.04 23.863 28.02 12.569 16.083 15.562 14.697 25.293 20.296 12.513 16.445 17.538 14.374 14.741 10.16
2.085 6.603 4.554 2.746 9.705 11.137 6.16 5.796 8.509 1.717 3.897 16.68 9.938 3.187 2.827 9.846 15.266 12.361 7.647 6.664 9.511 3.986 3.249 4.856 10.734 10.788 3.578 3.992 9.994 18.957 19.674 22.109 12.859 17.651 16.488 15.384 14.464 23.286 21.409 12.118 14.48 11.754 16.344 22.753 25.702 21.397 7.664 8.969 25.357 15.541 13.801 26.332 31.419 13.533 17.256 16.468 15.391 27.497 21.767 13.047 17.141 18.219 14.714 15.028 10.057
2.934 9.165 6.391 3.916 13.044 14.693 8.22 7.777 11.245 2.365 5.393 21.016 12.689 4.168 3.801 12.505 18.592 14.959 9.349 8.226 11.566 4.964 4.118 6.076 12.656 12.434 4.221 4.765 11.345 20.301 20.655 22.824 13.505 18.388 17.249 16.141 15.231 24 22.125 12.774 15.302 12.583 17.317 23.732 26.672 22.445 8.35 10.011 27.229 17.044 15.231 28.421 33.881 15.064 19.353 18.735 17.699 31.073 25.034 15.387 20.356 21.769 17.793 18.26 12.469
2.759 9.881 6.339 3.641 14.786 16.586 8.451 8.018 12.261 2.164 5.218 25.466 13.842 3.95 3.512 13.954 21.773 16.718 9.82 8.589 12.711 4.844 3.874 5.934 14.121 13.735 4.078 4.583 12.56 24.75 24.936 27.794 15.288 21.972 20.303 18.818 17.63 29.649 26.674 14.316 17.723 14.111 20.355 28.968 32.671 26.574 8.889 10.824 33.876 19.276 16.949 34.709 41.594 16.451 22.042 21.098 19.698 37.27 28.648 16.486 22.748 24.308 19.215 19.814 12.851
2.329 6.662 4.849 3.091 9.444 10.701 6.26 5.941 8.409 1.984 4.286 15.407 9.803 3.488 3.219 9.853 14.586 12.051 7.81 6.961 9.659 4.464 3.789 5.524 11.12 11.157 4.125 4.665 10.624 18.678 19.283 21.336 13.121 17.498 16.587 15.629 14.846 22.729 21.144 12.668 14.939 12.489 16.786 22.505 24.99 21.114 8.333 9.773 24.631 15.99 14.296 25.304 29.563 13.798 17.175 16.546 15.577 25.976 21.055 13.217 16.882 17.873 14.754 15.021 10.505
2.084 5.791 4.123 2.511 7.619 9.181 5.474 5.182 7.411 1.671 3.424 12.934 8.699 3.014 2.651 7.997 12.559 10.988 7.161 6.259 8.568 3.772 3.012 4.14 8.206 8.461 3.045 3.292 7.485 14.481 16.851 20.677 12.843 17.383 16.464 15.413 14.46 22.58 21.469 12.619 14.603 11.891 15.821 21.815 25.521 22.174 8.448 9.539 24.179 15.717 13.923 25.393 31.423 14.432 17.723 16.823 15.559 26.524 21.947 13.599 17.193 17.991 14.551 14.544 9.882
2.197 6.619 4.658 2.874 9.464 10.782 6.125 5.789 8.345 1.81 3.992 15.707 9.617 3.238 2.918 9.506 14.374 11.746 7.43 6.538 9.176 4.008 3.313 4.854 10.204 10.209 3.554 3.975 9.465 17.297 17.92 20.057 12 16.284 15.321 14.371 13.578 21.371 19.783 11.515 13.682 11.254 15.402 21.105 23.75 20.007 7.527 8.828 23.679 14.914 13.316 24.635 29.288 13.145 16.636 15.991 15.028 26.116 21 12.92 16.816 17.869 14.593 14.895 10.178
3.849 10.96 7.929 5.022 15.166 17.099 9.978 9.435 13.276 3.122 6.665 23.598 14.919 5.275 4.827 14.499 21.173 17.366 11.198 9.916 13.605 6.213 5.208 7.458 14.717 14.551 5.316 5.927 13.248 22.942 23.472 25.859 15.877 21.151 20.009 18.835 17.856 27.308 25.434 15.246 17.986 15.031 20.211 27.187 30.432 25.969 10.325 12.176 30.844 20.127 18.075 32.248 38.223 17.991 22.595 21.985 20.858 35.182 28.916 18.367 23.732 25.309 20.992 21.462 15.062
2.401 8.284 5.433 3.104 12.319 14.179 7.42 6.913 10.431 1.833 4.304 21.196 11.862 3.461 2.948 11.387 18.18 14.333 8.478 7.232 10.523 4.022 3.14 4.753 11.264 11.203 3.352 3.655 9.843 19.714 20.354 23.049 12.755 17.997 16.594 15.355 14.309 24.035 21.838 11.764 14.259 11.285 16.173 23.239 26.642 21.954 7.262 8.543 26.782 15.616 13.809 28.166 34.305 13.806 18.14 17.27 16.11 30.673 23.873 13.823 18.78 20.098 15.95 16.367 10.552
3.02 10.213 6.885 4.089 14.687 16.454 8.829 8.346 12.331 2.367 5.72 23.823 13.845 4.232 3.87 13.69 20.503 16.12 9.762 8.554 12.27 4.985 4.104 6.194 13.393 12.983 4.111 4.698 11.765 21.471 21.599 23.776 13.602 18.88 17.587 16.359 15.363 24.758 22.59 12.613 15.33 12.45 17.453 24.218 27.228 22.609 7.975 9.773 28.09 16.991 15.049 29.06 34.776 14.738 19.322 18.68 17.592 31.817 25.256 15.103 20.418 21.892 17.666 18.181 12.158
2.398 7.029 4.816 2.792 9.916 12.371 6.796 6.274 9.179 1.8 3.668 17.545 10.553 3.326 2.742 9.121 15.816 13.06 7.97 6.706 9.348 3.767 2.856 3.906 8.81 9.435 3.052 3.154 7.652 16.676 18.494 21.748 12.359 17.099 15.86 14.738 13.7 22.758 21.053 11.658 13.645 10.806 15.04 21.887 25.702 21.552 7.517 8.304 24.32 14.952 13.308 26.612 33.196 13.846 17.61 16.705 15.551 29.221 23.173 13.769 18.046 19.22 15.378 15.598 10.18
1.943 5.448 3.781 2.206 7.393 9.476 5.476 5.06 7.325 1.517 3.02 13.527 8.939 2.916 2.402 7.616 13.174 11.535 7.243 6.105 8.386 3.494 2.649 3.576 7.755 8.46 2.876 2.974 7.053 15.268 18.068 22.083 13.097 17.737 16.626 15.457 14.351 23.289 22.115 12.517 14.324 11.372 15.405 22.135 26.396 22.619 8.093 8.755 23.89 15.304 13.464 25.91 32.948 14.397 17.612 16.551 15.225 27.493 22.5 13.487 17.073 17.971 14.396 14.393 9.47
2.406 7.698 5.291 3.135 11.24 13.059 7.165 6.673 9.814 1.914 4.337 19.041 11.414 3.556 3.083 10.854 17.043 13.823 8.435 7.248 10.318 4.23 3.378 5.025 11.179 11.244 3.629 3.979 10.018 19.226 20.087 22.667 13.061 17.924 16.737 15.59 14.612 23.737 21.948 12.294 14.642 11.825 16.526 23.295 26.673 22.347 7.843 9.128 26.463 16.313 14.454 28.02 34.128 14.602 18.644 17.862 16.742 30.505 24.415 14.568 19.263 20.621 16.649 17.011 11.29
2.973 8.709 6.189 3.868 12.229 13.78 7.862 7.449 10.632 2.4 5.193 19.503 11.971 4.094 3.734 11.76 17.461 14.151 8.995 7.974 11.11 4.929 4.107 5.942 12.192 12.069 4.264 4.769 11.095 19.884 20.323 22.494 13.541 18.37 17.319 16.285 15.428 24.049 22.242 13.084 15.591 12.934 17.628 23.959 26.817 22.648 8.769 10.384 27.187 17.301 15.467 28.208 33.366 15.223 19.286 18.693 17.662 30.255 24.513 15.305 19.919 21.182 17.405 17.792 12.336
2.62 7.23 5.178 3.179 9.486 11.261 6.754 6.422 9.194 2.118 4.348 16.019 10.776 3.786 3.357 10.068 15.635 13.638 8.984 7.928 10.885 4.86 3.909 5.384 10.541 10.739 3.899 4.225 9.518 18.124 21.011 25.962 16.491 22.409 21.339 19.999 18.77 29.018 27.523 16.306 18.882 15.451 20.459 27.879 32.346 28.212 10.923 12.395 31.029 20.16 17.797 32.015 39.287 18.284 22.429 21.323 19.695 33.045 27.289 17.015 21.473 22.427 18.131 18.064 12.322
2.998 8.915 6.277 3.843 12.534 14.422 8.239 7.745 11.119 2.407 5.208 20.45 12.696 4.262 3.776 12.092 18.359 15.11 9.546 8.323 11.562 5.016 4.075 5.858 12.165 12.166 4.212 4.619 10.819 19.775 20.642 23.228 13.936 18.828 17.717 16.605 15.646 24.609 22.923 13.353 15.765 12.929 17.639 24.292 27.654 23.552 8.879 10.329 27.756 17.694 15.82 29.415 35.612 16.153 20.436 19.74 18.623 32.661 26.672 16.533 21.581 23.064 18.911 19.322 13.202
2.574 8.044 5.402 3.16 11.669 13.615 7.367 6.903 10.23 1.981 4.256 20.147 11.528 3.603 3.058 10.876 17.571 14.111 8.607 7.397 10.534 4.219 3.282 4.711 10.829 10.984 3.51 3.737 9.512 19.338 20.34 23.335 13.309 18.617 17.25 16.045 14.998 24.781 22.642 12.558 15.028 11.982 16.842 23.997 27.539 22.936 8.05 9.227 27.382 16.304 14.516 28.927 35.157 14.69 19.023 18.119 16.91 31.426 24.672 14.659 19.548 20.791 16.629 16.995 11.158
1.929 5.383 3.78 2.255 7.167 9.013 5.312 4.974 7.146 1.543 3.123 12.795 8.634 2.906 2.48 7.614 12.626 11.149 7.13 6.113 8.358 3.58 2.79 3.797 7.825 8.383 2.948 3.133 7.261 14.942 17.754 21.747 13.121 17.699 16.631 15.492 14.437 22.946 21.815 12.557 14.414 11.567 15.499 21.847 25.847 22.229 8.177 9.028 23.525 15.228 13.443 25.107 31.502 14.04 17.149 16.146 14.87 26.049 21.431 13.026 16.414 17.178 13.814 13.796 9.224
2.575 7.379 5.309 3.329 10.353 11.846 6.842 6.475 9.204 2.105 4.473 16.787 10.47 3.634 3.287 10.152 15.333 12.587 8.058 7.122 9.87 4.411 3.655 5.229 10.711 10.779 3.852 4.265 9.814 17.936 18.628 20.843 12.604 17.076 16.114 15.181 14.386 22.438 20.834 12.305 14.59 12.105 16.462 22.468 25.291 21.443 8.335 9.769 25.372 16.31 14.615 26.526 31.472 14.445 18.185 17.597 16.614 28.355 23.047 14.443 18.662 19.797 16.275 16.59 11.514
2.768 8.025 5.885 3.808 11.527 12.876 7.51 7.174 10.145 2.425 5.357 18.66 11.781 4.228 4.003 12.183 17.678 14.429 9.36 8.419 11.717 5.495 4.769 7.042 13.981 13.88 5.189 5.988 13.524 23.127 23.405 25.444 15.606 20.758 19.643 18.492 17.602 26.731 24.7 14.853 17.633 14.837 19.941 26.476 29.031 24.347 9.674 11.559 28.881 18.695 16.773 29.439 33.871 15.789 19.797 19.109 18.047 29.851 24.02 15.104 19.398 20.581 17.056 17.449 12.305
2.919 8.023 5.69 3.439 10.275 12.237 7.275 6.845 9.75 2.204 4.457 16.571 11.135 3.849 3.35 9.973 15.506 13.473 8.771 7.636 10.389 4.565 3.605 4.885 9.48 9.56 3.402 3.609 8.002 15.099 17.402 21.49 13.596 18.489 17.655 16.579 15.569 24.322 23.305 13.781 15.94 12.986 17.214 23.687 27.898 24.633 9.474 10.677 27.202 17.837 15.829 29.124 36.897 17.288 21.428 20.554 19.118 32.904 27.688 17.347 22.131 23.428 19.094 19.174 13.047
2.403 7.163 5.134 3.251 10.346 11.613 6.661 6.348 9.094 2.068 4.613 17.134 10.557 3.665 3.413 10.859 16.039 13.038 8.35 7.46 10.477 4.743 4.044 5.994 12.309 12.239 4.41 5.05 11.806 20.842 21.226 23.335 14.104 18.982 17.899 16.81 15.945 24.649 22.718 13.418 15.975 13.298 18.053 24.289 26.837 22.445 8.67 10.301 26.664 16.914 15.114 27.2 31.586 14.381 18.121 17.436 16.402 27.718 22.167 13.748 17.765 18.83 15.469 15.812 10.982
2.827 8.017 5.841 3.703 11.418 13.175 7.697 7.295 10.354 2.418 5.141 19.137 12.149 4.274 3.89 11.966 18.236 15.116 9.741 8.638 11.99 5.444 4.553 6.566 13.552 13.858 5.036 5.623 13.002 23.97 25.084 27.985 16.969 22.765 21.467 20.187 19.102 29.484 27.348 16.209 19.088 15.89 21.489 29.123 32.498 27.351 10.696 12.46 31.567 20.477 18.237 32.347 37.813 17.461 21.572 20.762 19.494 32.478 26.323 16.465 20.891 21.978 18.05 18.302 12.78
2.724 7.513 5.467 3.446 10.167 11.818 7.073 6.71 9.475 2.264 4.713 16.762 11.163 4.007 3.623 10.704 16.244 13.926 9.173 8.147 11.18 5.148 4.259 5.99 11.789 12.04 4.48 4.938 11.016 20.146 22.226 26.031 16.498 22.193 21.241 20.079 19.013 29.042 27.341 16.417 19.096 15.863 21.091 28.435 32.215 27.696 11.007 12.69 31.301 20.578 18.263 32 37.967 17.885 21.896 20.972 19.566 32.219 26.374 16.602 20.905 21.857 17.844 17.88 12.412
1.725 5.733 3.762 2.133 8.807 10.462 5.468 5.091 7.766 1.374 3.013 16.481 9.093 2.675 2.194 8.66 14.68 11.668 6.917 5.865 8.578 3.253 2.464 3.638 9.168 9.442 2.836 2.973 8.206 17.845 18.863 21.777 11.968 17.013 15.636 14.463 13.449 23.008 20.84 11.137 13.422 10.515 15.146 22.13 25.529 20.894 6.88 7.785 25.006 14.329 12.657 26.355 32.132 12.684 16.547 15.596 14.437 27.905 21.386 12.252 16.509 17.549 13.811 14.12 9
2.298 6.298 4.46 2.675 7.997 9.613 5.818 5.578 8.151 1.833 3.698 13.93 9.48 3.29 2.868 8.746 13.898 12.276 8.182 7.237 9.973 4.345 3.393 4.556 8.807 8.878 3.15 3.341 7.565 15.026 18.35 24.283 15.84 21.787 20.661 19.137 17.755 27.563 26.309 15.466 17.816 14.38 18.84 25.653 30.319 27.035 10.306 11.496 28.93 18.494 16.143 29.644 37.598 17.479 21.475 20.251 18.402 31.009 25.844 16.034 20.252 21.068 16.804 16.583 11.121
