6.663 9.477 11.219 5.8 7.646 9.13 9.423 6.226 11.45 5.063 5.528 8.189 7.672 7.097 5.824 19.921 16.873 10.448 15.567 10.495 18.478 4.986 5.317 11.702 16.608 12.128 8.007 13.938 18.68 19.328 17.137 24.959 18.606 18.413 18.007 12.444 19.963 26.495 27.592 10.296 13.75 9.32 14.635 16.295 18.91 17.499 11.522 12.754 15.909 23.316 16.898 18.067 28.976 11.731 10.919 17.665 12.348 16.736 16.104 14.677 14.754 11.508 11.477 15.682 7.914
7.766 11.073 13.152 6.734 8.839 10.576 10.957 7.194 13.337 5.825 6.29 9.324 8.756 8.096 6.6 23.414 19.946 12.292 18.443 12.327 21.909 5.802 6.058 13.311 19.318 14.141 9.261 16.148 21.93 22.872 20.275 29.783 22.106 21.836 21.287 14.597 23.49 31.436 32.87 12.112 16.034 10.758 16.898 18.942 22.189 20.591 13.485 14.87 18.588 27.536 19.912 21.296 34.406 13.79 12.717 20.59 14.342 19.494 18.791 17.141 17.229 13.351 13.248 18.171 9.116
8.467 11.968 14.141 7.387 9.717 11.582 11.945 7.953 14.407 6.497 7.124 10.488 9.87 9.142 7.549 24.523 21.024 13.142 19.297 13.114 22.793 6.272 6.787 14.78 20.757 15.269 10.159 17.437 23.16 23.914 21.242 30.635 22.947 22.734 22.256 15.458 24.651 32.656 34.113 12.82 17.164 11.737 18.355 20.431 23.607 21.844 14.431 15.973 19.896 29.039 21.186 22.668 36.274 14.749 13.821 22.318 15.717 21.297 20.513 18.7 18.808 14.761 14.767 20.116 10.201
6.832 9.862 11.704 5.934 7.945 9.523 9.804 6.404 11.989 5.177 5.723 8.58 7.994 7.374 6.032 20.982 17.554 10.701 16.11 10.741 19.188 4.993 5.432 12.272 17.352 12.484 8.174 14.491 19.404 19.954 17.597 25.807 19.042 18.879 18.481 12.663 20.66 27.51 28.571 10.357 14.139 9.494 15.18 16.878 19.578 18.02 11.723 13.091 16.446 24.295 17.385 18.676 30.382 11.921 11.203 18.493 12.752 17.515 16.8 15.258 15.367 11.935 11.966 16.522 8.135
6.048 8.465 10.026 5.271 6.789 8.027 8.28 5.508 9.856 4.46 4.755 6.856 6.408 5.884 4.796 15.799 13.929 8.865 13.083 8.959 15.582 4.347 4.52 9.523 13.493 10.053 6.661 11.255 15.114 15.902 14.309 20.918 15.96 15.907 15.616 10.869 17.146 22.954 24.473 9.39 12.258 8.315 12.716 14.153 16.49 15.454 10.304 11.31 14.05 20.713 15.392 16.574 26.909 11.255 10.421 16.611 11.773 15.814 15.345 14.112 14.255 11.172 11.043 14.907 7.65
6.016 8.55 10.231 5.2 6.703 7.995 8.325 5.433 10.026 4.363 4.597 6.69 6.288 5.783 4.66 16.934 15.076 9.388 14.134 9.404 16.844 4.399 4.453 9.446 14.065 10.47 6.801 11.675 16.203 17.305 15.482 23.133 17.232 17.073 16.592 11.262 18.035 24.655 26.318 9.585 12.422 8.198 12.646 14.302 17.038 16.001 10.442 11.402 14.267 21.65 15.791 17.017 28.196 11.168 10.186 16.393 11.417 15.55 15.084 13.829 13.941 10.727 10.515 14.406 7.185
6.916 9.663 11.39 6.028 7.832 9.321 9.64 6.46 11.601 5.29 5.734 8.395 7.921 7.353 6.069 20 17.233 10.796 15.82 10.816 18.625 5.23 5.539 11.882 16.885 12.518 8.337 14.232 19.03 19.746 17.55 25.179 18.996 18.722 18.289 12.785 20.14 26.577 27.694 10.644 13.978 9.635 14.91 16.665 19.317 17.967 11.998 13.208 16.372 23.659 17.426 18.476 28.886 12.198 11.272 17.834 12.736 16.963 16.405 15.011 15.055 11.832 11.752 15.84 8.259
8.001 11.44 13.55 6.961 9.254 11.073 11.416 7.524 13.855 6.113 6.748 10.038 9.417 8.706 7.159 23.907 20.261 12.503 18.563 12.475 22.003 5.854 6.391 14.218 20.049 14.591 9.621 16.768 22.353 23.022 20.357 29.593 21.948 21.756 21.29 14.664 23.703 31.516 32.84 12.04 16.333 11.074 17.562 19.563 22.646 20.877 13.653 15.186 19.018 27.954 20.174 21.634 34.955 13.862 13.036 21.339 14.875 20.338 19.54 17.766 17.876 13.954 13.99 19.211 9.571
7.927 11.379 13.501 6.88 9.139 10.902 11.199 7.321 13.542 5.885 6.454 9.562 8.868 8.132 6.622 22.511 19.091 11.709 17.552 11.781 20.918 5.506 5.968 13.266 18.653 13.479 8.825 15.472 20.669 21.337 18.898 27.716 20.679 20.582 20.221 13.923 22.609 30.22 31.729 11.628 15.817 10.653 16.91 18.807 21.85 20.232 13.248 14.805 18.623 27.598 19.984 21.572 35.377 14.111 13.29 21.92 15.233 20.89 20.153 18.419 18.649 14.534 14.543 20.007 9.917
8.473 12.713 15.259 7.263 10.029 12.193 12.577 7.901 15.734 6.256 6.995 10.886 10.061 9.221 7.395 28.97 23.499 13.724 21.459 13.688 25.839 5.935 6.481 15.823 23.025 16.042 10.12 18.907 25.844 26.527 23.075 34.986 24.927 24.711 24.09 15.916 27.243 37.01 38.361 12.717 17.94 11.535 19.348 21.661 25.473 23.218 14.514 16.381 20.984 32.096 22.167 24.035 40.791 14.618 13.745 23.786 15.765 22.433 21.37 19.246 19.412 14.734 14.823 21.133 9.725
5.966 8.644 10.259 5.181 6.977 8.39 8.648 5.643 10.646 4.574 5.085 7.683 7.177 6.641 5.445 19.182 15.89 9.635 14.523 9.632 17.262 4.452 4.859 11.105 15.751 11.292 7.386 13.184 17.666 18.102 15.903 23.299 17.053 16.858 16.464 11.243 18.414 24.462 25.226 9.072 12.434 8.338 13.416 14.921 17.292 15.85 10.264 11.461 14.395 21.225 15.071 16.144 26.131 10.141 9.531 15.772 10.831 14.918 14.268 12.915 12.974 10.065 10.121 14.034 6.881
7.186 10.406 12.459 6.185 8.235 9.941 10.318 6.647 12.692 5.351 5.817 8.818 8.276 7.635 6.177 22.929 19.418 11.776 17.804 11.654 21.208 5.291 5.528 12.729 18.639 13.461 8.642 15.438 21.135 22.035 19.432 28.965 21.149 20.856 20.253 13.579 22.354 30.33 31.861 11.189 14.977 9.782 15.731 17.677 20.809 19.193 12.255 13.523 17.065 25.84 18.406 19.792 32.923 12.525 11.494 19.092 13.015 18.079 17.369 15.74 15.813 12.131 12.081 16.906 8.142
7.919 11.82 14.219 6.78 9.223 11.142 11.477 7.19 14.218 5.642 6.17 9.455 8.673 7.889 6.261 24.792 20.404 11.985 18.836 12.069 22.826 5.301 5.599 13.36 19.566 13.699 8.625 15.957 21.949 22.773 19.963 30.586 22.078 22.004 21.533 14.265 24.292 33.312 35.082 11.796 16.373 10.461 17.31 19.397 22.995 21.173 13.332 15.004 19.247 29.81 20.85 22.791 39.413 14.385 13.439 23.193 15.42 21.916 21.029 19.099 19.394 14.718 14.695 20.874 9.651
6.32 9.143 10.851 5.478 7.337 8.771 9.011 5.863 10.941 4.703 5.197 7.748 7.187 6.595 5.369 18.389 15.481 9.455 14.243 9.492 16.979 4.376 4.801 10.802 15.204 10.942 7.143 12.613 16.847 17.352 15.329 22.548 16.698 16.629 16.324 11.178 18.302 24.476 25.63 9.244 12.716 8.523 13.653 15.19 17.654 16.299 10.605 11.89 14.991 22.267 16.011 17.31 28.49 11.156 10.559 17.547 12.115 16.717 16.085 14.668 14.845 11.533 11.565 15.981 7.831
7.133 9.843 11.563 6.242 8.01 9.455 9.753 6.607 11.57 5.417 5.828 8.374 7.889 7.302 6.037 18.868 16.596 10.632 15.39 10.689 18.104 5.275 5.577 11.613 16.255 12.21 8.216 13.717 18.191 18.966 17.012 24.27 18.602 18.434 18.075 12.768 19.838 26.121 27.477 10.856 14.145 9.84 14.974 16.68 19.281 18.056 12.224 13.436 16.592 23.862 17.863 19.014 29.696 12.875 11.96 18.717 13.523 17.868 17.342 15.954 16.054 12.721 12.61 16.797 8.913
6.844 9.636 11.291 6.029 7.972 9.477 9.749 6.602 11.79 5.466 6.094 8.937 8.443 7.882 6.61 20.486 17.313 10.912 15.86 10.898 18.597 5.329 5.932 12.737 17.52 12.907 8.766 14.924 19.493 19.874 17.616 24.931 18.657 18.471 18.097 12.756 20.125 26.129 26.805 10.347 14.003 9.791 15.215 16.806 19.162 17.622 11.784 13.084 16.154 22.988 16.732 17.788 27.582 11.412 10.873 17.327 12.303 16.514 15.819 14.375 14.405 11.434 11.536 15.571 8.064
6.889 9.829 11.671 5.98 7.876 9.431 9.766 6.419 11.916 5.214 5.662 8.423 7.915 7.329 5.992 21.117 17.941 11.092 16.581 11.089 19.668 5.217 5.483 12.127 17.46 12.769 8.375 14.629 19.784 20.579 18.243 26.734 19.812 19.56 19.054 13.054 21.011 28.048 29.267 10.778 14.309 9.594 15.095 16.868 19.687 18.222 11.909 13.128 16.388 24.221 17.477 18.686 30.171 12.029 11.113 18.019 12.515 17.041 16.393 14.92 14.979 11.62 11.563 15.893 7.945
6.836 10.116 12.075 5.884 8.054 9.698 9.945 6.325 12.203 5.011 5.611 8.537 7.848 7.154 5.764 20.856 17.319 10.265 15.8 10.31 18.971 4.559 5.112 11.999 16.991 11.951 7.631 13.931 18.751 19.227 16.829 25.15 18.334 18.264 17.932 12.074 20.326 27.425 28.658 9.823 13.907 9.152 15.079 16.794 19.582 17.961 11.445 12.984 16.568 24.969 17.624 19.126 32.127 12.038 11.462 19.6 13.268 18.608 17.841 16.191 16.415 12.612 12.693 17.825 8.423
8.037 10.932 12.837 6.914 8.712 10.1 10.357 6.963 12.016 5.612 5.77 7.978 7.353 6.649 5.394 16.504 15.556 10.275 15.069 10.708 18.494 5.469 5.543 11.09 15.484 11.819 7.829 12.727 17.104 18.67 17.296 25.577 20.747 21.156 21.233 15.105 23.35 31.558 34.872 14.169 18.071 12.232 18.172 20.022 23.192 21.93 14.753 15.809 19.359 28.167 21.357 22.924 37.481 16.424 15.163 23.798 17.167 22.631 22.112 20.415 20.523 16.113 15.91 21.065 10.978
7.329 10.541 12.614 6.315 8.303 9.996 10.404 6.735 12.766 5.431 5.818 8.726 8.212 7.586 6.13 23.054 19.732 12.072 18.239 11.988 21.688 5.515 5.629 12.609 18.699 13.648 8.797 15.529 21.428 22.528 19.947 29.735 21.81 21.473 20.811 14.005 22.798 30.934 32.529 11.607 15.277 10.005 15.846 17.854 21.121 19.586 12.6 13.812 17.341 26.222 18.77 20.134 33.267 12.839 11.699 19.176 13.14 18.11 17.445 15.864 15.932 12.211 12.089 16.833 8.222
7.939 11.531 13.653 6.905 9.4 11.344 11.679 7.642 14.457 6.233 7.036 10.723 10.037 9.316 7.69 26.76 21.879 13.134 19.711 13.062 23.319 6.022 6.738 15.603 21.939 15.605 10.233 18.4 24.484 24.808 21.635 31.386 22.797 22.458 21.923 15.016 24.675 32.504 33.075 11.853 16.492 11.174 18.142 20.137 23.147 21.047 13.601 15.257 19.148 27.902 19.645 20.916 33.317 12.875 12.212 20.284 13.949 19.218 18.312 16.493 16.519 12.876 13.062 18.161 8.919
6.223 9.443 11.35 5.322 7.427 9.03 9.282 5.772 11.6 4.526 5.105 7.968 7.305 6.654 5.307 20.875 16.889 9.767 15.441 9.789 18.687 4.159 4.65 11.479 16.597 11.448 7.164 13.534 18.478 18.928 16.434 25.106 17.847 17.775 17.383 11.432 19.813 27.016 28.092 9.114 13.129 8.398 14.244 15.921 18.725 17.05 10.594 12.074 15.566 23.945 16.47 17.964 30.896 10.893 10.357 18.179 11.972 17.156 16.337 14.722 14.907 11.277 11.365 16.269 7.369
5.703 8.559 10.306 4.874 6.671 8.08 8.324 5.19 10.348 4.066 4.469 6.897 6.325 5.752 4.56 18.24 14.944 8.729 13.764 8.77 16.686 3.808 4.051 9.799 14.37 10.015 6.276 11.702 16.113 16.688 14.592 22.406 16.088 16.025 15.67 10.33 17.712 24.321 25.569 8.483 11.859 7.544 12.588 14.116 16.741 15.376 9.624 10.855 13.961 21.676 15.079 16.486 28.594 10.298 9.633 16.737 11.072 15.806 15.142 13.723 13.927 10.539 10.536 15.03 6.883
7.921 10.936 12.813 6.958 8.959 10.547 10.841 7.377 12.826 6.06 6.566 9.39 8.827 8.167 6.784 20.433 17.842 11.482 16.521 11.541 19.404 5.76 6.187 12.79 17.597 13.194 8.963 14.86 19.458 20.136 18.071 25.61 19.683 19.583 19.276 13.721 21.276 27.866 29.271 11.699 15.386 10.793 16.388 18.159 20.852 19.484 13.25 14.609 18.012 25.79 19.323 20.662 32.371 14.051 13.224 20.786 15.033 19.953 19.359 17.832 18.002 14.348 14.315 19.092 10.126
6.701 9.424 11.278 5.826 7.386 8.673 8.975 5.916 10.645 4.755 4.953 7.023 6.508 5.926 4.773 16.461 15.897 10.242 15.331 10.356 18.173 4.894 4.927 10.023 14.3 10.892 7.173 12.103 16.684 18.256 16.736 25.13 19.214 19.064 18.5 12.582 19.663 26.998 29.74 11.035 14.06 9.247 13.761 15.326 18.294 17.559 11.648 12.675 15.713 23.766 17.895 19.371 32.263 13.16 11.923 18.71 13.112 17.589 17.195 15.88 16.065 12.429 12.069 16.203 8.212
7.628 11.075 13.169 6.593 8.844 10.566 10.834 6.999 13.107 5.569 6.14 9.145 8.429 7.683 6.209 21.385 18.057 10.955 16.567 11.005 19.778 5.017 5.514 12.441 17.49 12.523 8.108 14.363 19.203 19.792 17.47 25.82 19.154 19.11 18.794 12.836 21.132 28.41 29.929 10.702 14.806 9.882 15.898 17.701 20.624 19.079 12.384 13.94 17.657 26.408 19.025 20.657 34.401 13.443 12.757 21.39 14.758 20.459 19.754 18.074 18.377 14.266 14.314 19.86 9.671
7.423 10.203 11.989 6.51 8.293 9.745 10.042 6.819 11.817 5.579 5.954 8.459 7.952 7.335 6.048 18.54 16.665 10.812 15.614 10.931 18.412 5.439 5.703 11.649 16.244 12.305 8.299 13.684 18.152 19.076 17.238 24.63 19.087 18.975 18.633 13.2 20.353 26.845 28.473 11.365 14.704 10.226 15.402 17.134 19.832 18.679 12.721 13.97 17.241 24.848 18.761 20.036 31.417 13.736 12.766 19.891 14.395 18.96 18.423 16.991 17.131 13.586 13.427 17.791 9.471
5.734 7.883 9.34 5.093 6.444 7.542 7.762 5.254 9.032 4.262 4.477 6.252 5.808 5.288 4.302 12.956 12.047 8.025 11.773 8.445 14.426 4.354 4.501 9.005 12.467 9.499 6.384 10.363 13.74 14.652 13.484 19.643 15.718 15.905 15.826 11.281 17.309 23.006 24.874 10.033 12.834 8.824 13.036 14.311 16.433 15.464 10.509 11.459 14.089 20.456 15.65 16.876 27.096 11.988 11.108 17.27 12.423 16.272 15.731 14.444 14.515 11.418 11.163 14.665 7.695
7.184 10.4 12.47 6.166 8.213 9.955 10.362 6.663 12.807 5.379 5.839 8.915 8.404 7.771 6.286 23.785 20.109 12.122 18.282 11.9 21.69 5.37 5.563 12.928 19.126 13.803 8.824 15.827 21.783 22.708 19.959 29.732 21.571 21.167 20.48 13.664 22.535 30.632 32.075 11.18 14.906 9.704 15.663 17.661 20.825 19.162 12.165 13.371 16.866 25.574 18.128 19.415 32.198 12.153 11.085 18.431 12.543 17.468 16.78 15.171 15.203 11.646 11.616 16.351 7.855
5.524 7.395 8.876 4.853 6.101 7.073 7.35 4.899 8.414 3.925 4.043 5.515 5.133 4.643 3.744 11.144 10.343 6.799 9.917 7.107 12.353 3.741 3.731 7.393 10.427 8.115 5.388 8.76 11.905 13.065 12.218 18.249 15.032 15.512 15.606 11.084 16.979 23.042 26.276 10.96 13.885 9.532 14.107 15.534 17.964 16.631 10.947 11.59 13.989 19.787 14.864 15.86 25.805 11.669 10.746 16.841 12.182 16.249 15.847 14.493 14.75 12.027 11.735 15.364 7.898
