3.519 4.841 4.496 3.962 5.341 6.553 6.304 6.202 5.904 4.748 6.244 5.284 5.235 5.701 5.774 10.923 10.789 9.694 9.361 6.97 11.728 7.139 6.242 8.342 11.133 12.05 8.02 12.235 14.787 19.006 16.916 18.318 17.153 14.277 13.676 16.177 15.623 19.623 19.936 17.382 19.007 16.944 17.802 20.892 18.819 22.708 19.677 14.762 15.636 25.158 23.862 20.527 22.148 12.957 13.328 14.842 15.06 13.844 13.417 14.014 17.321 14.32 15.074 17.466 11.175
3.637 4.96 4.563 3.978 5.302 6.55 6.413 6.347 6.025 4.804 6.219 5.246 5.162 5.576 5.613 10.63 10.953 9.958 9.564 7.05 11.662 7.138 6.16 8.068 10.695 11.836 7.955 12.005 14.581 19.192 17.395 18.812 17.582 14.561 13.795 16.166 15.65 19.735 20.284 17.764 19.382 17.277 18.128 21.362 19.411 23.569 20.56 15.37 16.148 25.983 25.192 21.802 23.493 13.651 13.842 15.231 15.454 14.256 13.825 14.454 17.986 14.998 15.775 18.307 11.725
3.312 4.468 4.114 3.559 4.67 5.733 5.679 5.716 5.491 4.402 5.644 4.751 4.646 5.003 5.031 9.423 10 9.395 9.163 6.798 11.042 6.796 5.816 7.521 9.806 10.82 7.435 11.21 13.65 18.031 16.812 18.375 17.234 14.26 13.415 15.499 14.873 18.596 19.225 16.983 18.53 16.537 17.253 20.214 18.412 22.31 19.574 14.648 15.245 24.059 23.336 20.367 21.896 12.739 12.737 13.775 13.741 12.594 12.189 12.718 15.777 13.255 13.952 16.16 10.406
3.076 4.323 3.987 3.493 4.836 6.076 5.821 5.713 5.407 4.273 5.73 4.796 4.753 5.203 5.281 10.592 10.3 9.132 8.777 6.38 11.129 6.497 5.626 7.625 10.492 11.43 7.351 11.492 14.084 18.363 15.986 17.364 16.114 13.211 12.583 15.039 14.46 18.477 18.697 16.094 17.679 15.565 16.375 19.392 17.252 21.068 17.949 13.189 13.971 23.362 21.877 18.59 20.212 11.379 11.72 13.158 13.417 12.285 11.89 12.462 15.682 12.737 13.494 15.83 9.784
3.351 4.522 4.213 3.709 4.852 5.823 5.625 5.566 5.338 4.349 5.584 4.751 4.67 5.022 5.045 9.038 9.177 8.461 8.291 6.325 10.259 6.472 5.653 7.362 9.53 10.286 7.08 10.528 12.675 16.263 14.971 16.333 15.519 13.107 12.574 14.674 14.187 17.536 17.931 15.868 17.338 15.664 16.471 19.264 17.619 21.195 18.724 14.318 15.161 23.714 22.709 19.754 21.264 12.768 13.057 14.357 14.425 13.239 12.812 13.343 16.315 13.689 14.366 16.507 10.816
3.45 4.672 4.312 3.729 4.886 5.98 5.926 5.981 5.752 4.614 5.912 4.97 4.861 5.242 5.274 9.83 10.427 9.832 9.597 7.119 11.541 7.093 6.086 7.891 10.255 11.283 7.791 11.795 14.313 18.824 17.591 19.217 17.98 14.874 14.014 16.185 15.516 19.398 20.06 17.74 19.373 17.29 18.043 21.13 19.245 23.315 20.447 15.315 15.961 25.082 24.257 21.186 22.739 13.235 13.259 14.339 14.283 13.114 12.728 13.299 16.483 13.849 14.582 16.848 10.851
3.073 4.17 3.893 3.427 4.487 5.404 5.274 5.275 5.086 4.143 5.32 4.518 4.452 4.816 4.868 8.8 9.061 8.446 8.288 6.285 10.156 6.353 5.549 7.247 9.386 10.191 7.077 10.64 12.814 16.441 15.157 16.468 15.477 12.955 12.369 14.37 13.841 17.127 17.542 15.523 16.952 15.258 15.996 18.653 16.99 20.363 17.849 13.543 14.252 22.049 20.895 18.055 19.255 11.462 11.66 12.738 12.754 11.739 11.42 11.942 14.634 12.281 12.868 14.707 9.599
3.888 5.228 4.751 4.068 5.399 6.786 6.799 6.835 6.514 5.139 6.605 5.535 5.397 5.805 5.831 11.37 12.278 11.454 11.024 7.998 13.132 7.968 6.716 8.645 11.457 12.896 8.718 13.168 16.207 21.939 20.391 22.236 20.728 16.945 15.749 18.196 17.483 22.148 23.038 20.232 22.014 19.477 20.262 23.881 21.728 26.551 23.205 17.104 17.63 28.495 28.16 24.581 26.483 15.059 14.859 16.005 16.044 14.719 14.208 14.816 18.624 15.627 16.487 19.29 12.241
3.985 5.744 5.406 4.844 6.651 8.003 7.51 7.339 7.01 5.731 7.739 6.535 6.575 7.273 7.421 13.633 12.927 11.337 10.908 8.214 14.137 8.604 7.769 10.751 14.056 14.688 9.735 15.208 17.939 22.173 19.366 20.88 19.416 16.238 15.873 18.963 18.26 22.841 22.867 19.736 21.613 19.169 20.154 23.504 20.846 25.019 21.415 16.016 17.364 28.156 26.127 22.182 23.996 13.986 14.989 16.98 17.252 15.806 15.343 16.045 19.76 16.163 17.145 19.867 12.465
3.562 4.844 4.449 3.87 5.175 6.472 6.431 6.424 6.119 4.877 6.317 5.347 5.284 5.744 5.823 11.217 11.815 10.854 10.417 7.64 12.574 7.695 6.616 8.65 11.512 12.884 8.722 13.178 16.054 21.279 19.373 20.858 19.36 15.917 14.954 17.399 16.794 21.171 21.797 19.07 20.715 18.369 19.153 22.446 20.293 24.463 21.161 15.65 16.228 25.804 24.908 21.404 22.792 13.102 13.112 14.292 14.454 13.339 12.932 13.509 16.816 14.008 14.677 16.981 10.838
2.847 3.817 3.509 3.012 3.83 4.471 4.224 4.133 3.908 3.164 4.025 3.376 3.214 3.393 3.393 5.965 6.114 5.713 5.675 4.406 7.318 4.755 4.122 5.32 6.798 7.274 4.95 7.326 8.864 11.595 10.833 11.97 11.664 9.983 9.553 11.191 11.092 14.147 15.016 13.257 14.773 13.338 13.766 15.842 14.437 17.333 15.309 11.747 12.356 19.748 19.586 17.496 19.253 11.635 11.693 12.634 12.384 11.033 10.432 10.526 12.411 10.098 10.277 11.544 7.448
3.315 4.78 4.406 3.869 5.447 6.758 6.399 6.277 5.956 4.723 6.47 5.358 5.34 5.902 5.998 11.95 11.443 10.063 9.65 7 12.504 7.205 6.295 8.769 11.865 12.646 8.073 12.96 15.636 20.104 17.496 19.043 17.603 14.383 13.784 16.559 15.827 20.259 20.397 17.442 19.194 16.795 17.657 20.901 18.435 22.587 19.152 13.948 14.939 25.363 23.633 20.036 21.883 12.161 12.721 14.35 14.561 13.256 12.811 13.43 16.958 13.707 14.624 17.244 10.471
3.088 4.115 3.768 3.24 4.235 5.226 5.211 5.268 5.079 4.067 5.201 4.377 4.257 4.561 4.577 8.657 9.345 8.875 8.706 6.451 10.445 6.43 5.432 6.944 9.058 10.035 6.883 10.331 12.702 16.982 16.005 17.621 16.613 13.709 12.791 14.681 14.032 17.506 18.157 16.064 17.509 15.611 16.223 18.989 17.31 20.999 18.487 13.784 14.226 22.499 21.999 19.291 20.817 12.071 11.917 12.772 12.66 11.525 11.087 11.531 14.349 12.102 12.759 14.866 9.575
2.892 3.906 3.654 3.233 4.217 5.025 4.856 4.843 4.705 3.888 5.007 4.28 4.214 4.534 4.568 8.084 8.275 7.771 7.755 6.024 9.718 6.171 5.401 6.998 8.953 9.596 6.684 9.955 12.037 15.422 14.312 15.668 14.926 12.611 12.064 13.955 13.39 16.352 16.624 14.744 16.117 14.61 15.353 17.864 16.303 19.471 17.14 13.1 13.814 21.196 19.857 17.009 18.064 10.801 11 11.989 11.915 10.86 10.495 10.95 13.394 11.293 11.873 13.592 8.915
3.336 4.494 4.08 3.434 4.486 5.6 5.676 5.81 5.574 4.381 5.571 4.614 4.455 4.769 4.758 9.171 10.179 9.808 9.511 6.858 11.094 6.68 5.586 7.144 9.267 10.369 7.149 10.901 13.364 18.183 17.429 19.225 17.895 14.578 13.471 15.382 14.641 18.548 19.485 17.276 18.864 16.66 17.273 20.346 18.597 22.909 20.195 14.919 15.333 24.52 24.531 21.867 23.639 13.383 13.104 13.923 13.723 12.57 12.179 12.718 16.003 13.544 14.392 16.87 10.713
3.348 4.6 4.334 3.884 5.172 6.183 5.88 5.764 5.514 4.537 5.937 5.08 5.071 5.535 5.622 10 9.69 8.666 8.384 6.416 10.57 6.67 5.982 8.018 10.395 10.986 7.499 11.28 13.328 16.53 14.749 15.899 14.963 12.671 12.331 14.546 14.098 17.429 17.606 15.445 16.833 15.131 15.883 18.431 16.648 19.821 17.315 13.25 14.172 22.215 21.023 18.197 19.593 11.888 12.451 13.918 14.13 13.044 12.675 13.208 16.052 13.399 14.095 16.172 10.586
3.032 4.123 3.707 3.189 4.352 5.642 5.664 5.619 5.284 4.105 5.354 4.492 4.413 4.776 4.83 9.913 10.651 9.618 9.069 6.429 10.845 6.468 5.425 7.042 9.67 11.138 7.281 11.069 13.792 18.973 17.102 18.392 16.953 13.666 12.62 14.76 14.296 18.408 19.113 16.521 17.903 15.685 16.328 19.391 17.507 21.448 18.447 13.3 13.641 22.78 22.559 19.263 20.639 11.385 11.21 12.202 12.491 11.515 11.102 11.601 14.797 12.268 12.899 15.193 9.412
3.107 4.318 4.075 3.66 4.919 5.886 5.574 5.458 5.224 4.303 5.688 4.86 4.87 5.347 5.447 9.759 9.366 8.313 8.03 6.136 10.226 6.404 5.774 7.827 10.164 10.681 7.239 11.01 12.983 16.017 14.17 15.247 14.301 12.083 11.792 13.962 13.507 16.722 16.827 14.692 16.018 14.352 15.059 17.458 15.674 18.635 16.176 12.318 13.212 20.802 19.539 16.805 18.076 10.9 11.493 12.9 13.098 12.074 11.733 12.231 14.879 12.359 13.019 14.955 9.712
3.06 4.077 3.772 3.263 4.193 5.022 4.941 5.023 4.919 3.996 5.082 4.256 4.103 4.355 4.345 7.9 8.428 8.174 8.24 6.236 9.98 6.158 5.214 6.632 8.482 9.157 6.339 9.564 11.807 15.513 14.804 16.607 15.853 13.172 12.363 14.145 13.43 16.514 17.111 15.303 16.813 15.145 15.779 18.41 16.853 20.456 18.225 13.798 14.382 22.447 21.666 19.155 20.896 12.312 12.251 13.12 12.857 11.593 11.158 11.649 14.429 12.231 12.944 15.063 9.791
3.219 4.503 4.282 3.892 5.231 6.233 5.895 5.787 5.562 4.641 6.146 5.29 5.35 5.906 6.061 10.675 10.215 9.075 8.767 6.761 11.188 7.126 6.508 8.813 11.343 11.862 8.161 12.329 14.422 17.581 15.543 16.689 15.59 13.215 12.945 15.257 14.768 18.189 18.23 15.903 17.268 15.428 16.117 18.533 16.537 19.503 16.821 12.801 13.732 21.425 19.946 17.081 18.28 11.065 11.756 13.16 13.356 12.305 11.941 12.407 14.997 12.447 13.122 15.004 9.717
2.813 3.824 3.569 3.154 4.17 5.083 4.978 4.96 4.759 3.87 4.998 4.271 4.241 4.619 4.697 8.629 8.856 8.145 7.909 5.964 9.687 6.061 5.312 6.984 9.158 10.029 6.914 10.372 12.48 16.029 14.568 15.659 14.631 12.213 11.647 13.571 13.116 16.28 16.624 14.631 15.915 14.268 14.93 17.369 15.735 18.738 16.283 12.277 12.869 19.888 18.797 16.119 17.071 10.134 10.301 11.3 11.401 10.537 10.255 10.719 13.124 10.968 11.449 13.07 8.524
3.065 4.074 3.754 3.239 4.179 5.048 4.991 5.068 4.942 4.009 5.106 4.293 4.155 4.423 4.419 8.103 8.711 8.417 8.427 6.367 10.21 6.329 5.359 6.808 8.726 9.499 6.582 9.871 12.143 16.075 15.334 17.09 16.293 13.551 12.696 14.506 13.792 16.99 17.578 15.67 17.156 15.419 16.05 18.719 17.115 20.719 18.39 13.873 14.392 22.442 21.737 19.134 20.742 12.205 12.1 12.929 12.691 11.466 11.009 11.451 14.17 12.011 12.687 14.748 9.593
3.061 4.137 3.681 3.092 4.132 5.289 5.404 5.46 5.155 3.988 5.105 4.222 4.096 4.389 4.376 8.794 9.847 9.219 8.732 6.165 10.157 6.053 5.039 6.431 8.507 9.816 6.608 10.037 12.368 17.3 16.258 17.699 16.349 13.195 12.09 13.895 13.351 17.202 18.1 15.883 17.242 15.105 15.693 18.63 17.03 21.114 18.466 13.436 13.714 22.575 23.096 20.282 21.838 12.102 11.789 12.544 12.589 11.625 11.233 11.722 14.953 12.616 13.388 15.778 9.876
3.236 4.7 4.325 3.805 5.412 6.763 6.381 6.253 5.938 4.703 6.496 5.374 5.378 5.968 6.081 12.433 11.707 10.198 9.831 7.146 12.915 7.308 6.419 8.994 12.367 13.198 8.337 13.522 16.371 21.032 17.979 19.518 18.043 14.75 14.187 17.134 16.326 20.942 20.947 17.849 19.707 17.229 18.149 21.456 18.795 22.928 19.248 14.01 15.011 25.368 23.191 19.37 21.074 11.711 12.328 13.982 14.182 12.91 12.501 13.118 16.519 13.193 14.051 16.533 10.016
3.054 4.473 4.164 3.693 5.146 6.253 5.857 5.719 5.437 4.37 5.967 4.965 4.972 5.497 5.582 10.631 10.032 8.763 8.414 6.21 10.97 6.445 5.753 8.038 10.649 11.168 7.224 11.524 13.689 17.185 14.917 16.178 14.989 12.395 12.051 14.497 13.899 17.618 17.649 15.135 16.672 14.685 15.495 18.261 16.134 19.658 16.734 12.354 13.437 22.461 20.82 17.649 19.287 10.919 11.697 13.305 13.53 12.358 11.996 12.597 15.756 12.77 13.628 15.966 9.79
3.022 4.142 3.811 3.339 4.536 5.737 5.648 5.584 5.291 4.203 5.511 4.682 4.65 5.079 5.174 10.176 10.475 9.423 8.983 6.551 10.981 6.664 5.743 7.595 10.325 11.556 7.652 11.616 14.244 18.814 16.734 17.93 16.597 13.601 12.806 15.058 14.587 18.477 18.913 16.402 17.81 15.741 16.434 19.301 17.331 20.861 17.882 13.137 13.655 22.052 21.1 17.942 19.108 10.892 10.968 12.111 12.377 11.418 11.057 11.559 14.43 11.904 12.458 14.467 9.142
3.804 5.156 4.706 4.068 5.458 6.901 6.904 6.913 6.574 5.202 6.738 5.687 5.603 6.081 6.16 12.091 12.901 11.877 11.364 8.25 13.619 8.275 7.044 9.166 12.274 13.855 9.327 14.109 17.309 23.235 21.219 22.882 21.194 17.309 16.139 18.738 18.065 22.887 23.658 20.664 22.423 19.8 20.596 24.192 21.862 26.468 22.871 16.78 17.289 27.776 27.042 23.266 24.813 14.085 13.972 15.162 15.328 14.129 13.673 14.279 17.898 14.914 15.653 18.211 11.535
3.398 4.727 4.29 3.679 5.241 6.928 6.721 6.588 6.158 4.687 6.354 5.237 5.112 5.579 5.655 12.525 12.456 10.967 10.371 7.177 13.021 7.25 5.974 8.054 11.664 13.127 8.08 12.811 16.322 22.363 19.312 21.101 19.326 15.361 14.236 17.121 16.436 21.651 22.133 18.75 20.601 17.807 18.67 22.587 19.966 25.044 21.059 14.883 15.488 27.974 26.509 22.377 24.607 12.979 12.95 14.523 14.953 13.615 13.078 13.754 18.013 14.463 15.423 18.576 10.928
3.368 4.572 4.249 3.729 4.924 6.03 5.946 5.96 5.727 4.635 5.975 5.082 5.028 5.467 5.55 10.299 10.729 9.957 9.683 7.254 11.771 7.316 6.361 8.32 10.898 11.993 8.275 12.452 15.042 19.507 17.876 19.288 17.998 14.949 14.171 16.442 15.841 19.71 20.208 17.799 19.367 17.317 18.083 21.062 19.084 22.814 19.83 14.871 15.512 24.065 22.863 19.66 20.862 12.263 12.374 13.489 13.556 12.507 12.163 12.717 15.653 13.097 13.699 15.694 10.175
3.295 4.494 4.171 3.621 4.751 5.823 5.803 5.901 5.694 4.578 5.871 4.946 4.864 5.289 5.363 9.991 10.619 10.056 9.806 7.267 11.722 7.198 6.211 8.109 10.544 11.604 8.097 12.342 14.888 19.376 18.074 19.589 18.152 14.962 14.107 16.261 15.565 19.442 20.08 17.746 19.354 17.239 17.951 20.929 18.979 22.817 19.848 14.807 15.378 23.794 22.701 19.688 20.901 12.149 12.175 13.145 13.092 12.102 11.833 12.411 15.354 12.89 13.531 15.502 9.985
