0.481 0.871 0.732 0.705 1.369 2.87 1.797 1.63 2.022 0.512 0.405 0.158 2.335 2.128 2.016 2.717 3.662 4.329 3.893 3.67 3.809 3.014 2.585 2.431 2.969 2.629 2.289 2.628 2.776 3.616 4.253 5.443 4.489 4.734 4.598 3.881 3.537 4.393 4.361 3.418 3.639 3.278 3.239 3.674 5.347 4.921 3.397 3.15 4.133 3.843 3.74 4.204 6.189 4.17 4.258 3.759 3.609 4.73 5.007 3.8 4.443 3.888 3.874 3.561 2.61
0.462 0.911 0.756 0.738 1.515 3.157 1.774 1.647 2.104 0.492 0.397 0.15 2.821 2.245 2.092 2.881 3.832 4.384 3.806 3.595 3.771 2.946 2.577 2.474 3.101 2.687 2.346 2.767 2.918 3.843 4.441 5.629 4.457 4.786 4.64 3.897 3.602 4.599 4.484 3.461 3.79 3.394 3.385 3.883 5.702 5.004 3.381 3.224 4.358 3.943 3.836 4.351 6.456 4.069 4.285 3.774 3.655 4.891 5.048 3.721 4.488 3.851 3.876 3.557 2.584
0.587 1.026 0.857 0.819 1.511 3.046 1.967 1.821 2.236 0.615 0.503 0.208 2.406 2.219 2.152 2.882 3.835 4.512 4.106 3.913 4.065 3.261 2.827 2.661 3.197 2.841 2.492 2.827 2.964 3.797 4.423 5.595 4.678 4.953 4.828 4.127 3.79 4.64 4.598 3.664 3.898 3.532 3.496 3.936 5.612 5.206 3.703 3.477 4.485 4.185 4.092 4.577 6.605 4.559 4.694 4.188 4.041 5.213 5.504 4.266 4.976 4.389 4.381 4.049 3.029
0.464 1.056 0.864 0.855 1.653 3.023 1.706 1.611 2.058 0.491 0.483 0.2 3.241 2.288 2.056 2.771 3.556 3.966 3.444 3.266 3.438 2.742 2.453 2.408 2.997 2.607 2.32 2.755 2.885 3.699 4.181 5.152 4.107 4.408 4.3 3.661 3.449 4.382 4.255 3.332 3.695 3.345 3.364 3.834 5.399 4.697 3.229 3.182 4.268 3.838 3.741 4.218 6.002 3.842 4.087 3.646 3.572 4.692 4.764 3.543 4.277 3.708 3.753 3.473 2.584
0.598 1.112 0.929 0.896 1.624 3.049 1.917 1.796 2.215 0.612 0.535 0.23 2.663 2.211 2.095 2.772 3.596 4.138 3.741 3.581 3.737 3.018 2.654 2.53 3.04 2.689 2.374 2.706 2.817 3.559 4.066 5.043 4.189 4.451 4.349 3.741 3.477 4.268 4.2 3.362 3.617 3.292 3.28 3.695 5.178 4.737 3.398 3.264 4.237 3.929 3.854 4.315 6.127 4.208 4.396 3.959 3.862 4.977 5.199 4.042 4.765 4.217 4.242 3.943 2.987
0.647 1.371 1.131 1.105 2.027 3.624 2.152 2.029 2.543 0.653 0.631 0.272 3.586 2.647 2.406 3.174 4.045 4.55 4.035 3.854 4.045 3.254 2.894 2.804 3.415 2.99 2.649 3.07 3.186 4.014 4.519 5.531 4.501 4.806 4.696 4.033 3.789 4.722 4.608 3.658 4.007 3.648 3.664 4.151 5.791 5.167 3.655 3.596 4.759 4.354 4.269 4.801 6.787 4.524 4.799 4.334 4.266 5.554 5.722 4.379 5.256 4.627 4.686 4.363 3.3
0.626 1.031 0.853 0.804 1.438 3.026 2.066 1.92 2.318 0.671 0.552 0.236 2.089 2.226 2.263 3.042 4.1 4.892 4.488 4.263 4.393 3.533 3.049 2.848 3.388 3.051 2.683 3.006 3.167 4.07 4.807 6.132 5.205 5.484 5.341 4.579 4.182 5.046 5.04 4.056 4.265 3.869 3.814 4.265 6.06 5.726 4.117 3.812 4.795 4.507 4.398 4.878 7 4.933 5.019 4.465 4.274 5.425 5.763 4.512 5.172 4.562 4.517 4.165 3.134
0.508 1.058 0.87 0.853 1.68 3.258 1.86 1.744 2.22 0.534 0.471 0.188 3.151 2.364 2.178 2.962 3.868 4.387 3.835 3.641 3.825 3.026 2.673 2.586 3.212 2.792 2.459 2.894 3.034 3.928 4.488 5.606 4.483 4.811 4.683 3.97 3.703 4.694 4.572 3.568 3.922 3.536 3.541 4.043 5.802 5.105 3.507 3.401 4.563 4.13 4.029 4.555 6.609 4.241 4.489 3.989 3.89 5.144 5.283 3.941 4.75 4.11 4.148 3.825 2.822
0.634 1.318 1.097 1.088 2.201 4.332 2.424 2.261 2.883 0.691 0.601 0.239 4.303 3.242 2.986 4.076 5.308 5.942 5.104 4.79 5.01 3.957 3.52 3.439 4.323 3.764 3.334 3.98 4.21 5.496 6.283 7.841 6.202 6.632 6.43 5.428 5.062 6.455 6.278 4.882 5.379 4.839 4.838 5.516 7.891 6.829 4.625 4.451 5.952 5.338 5.179 5.84 8.435 5.321 5.608 4.947 4.796 6.33 6.436 4.738 5.673 4.874 4.923 4.545 3.35
0.493 0.842 0.707 0.674 1.215 2.419 1.625 1.505 1.834 0.525 0.433 0.184 1.916 1.827 1.786 2.385 3.183 3.778 3.482 3.32 3.436 2.778 2.404 2.257 2.685 2.405 2.117 2.389 2.51 3.199 3.744 4.743 4.033 4.252 4.153 3.564 3.266 3.954 3.934 3.16 3.338 3.031 2.991 3.346 4.713 4.424 3.181 2.968 3.768 3.528 3.442 3.826 5.453 3.85 3.928 3.507 3.367 4.281 4.525 3.54 4.075 3.61 3.586 3.314 2.495
0.627 1.061 0.883 0.83 1.482 2.957 1.99 1.837 2.238 0.633 0.512 0.213 2.203 2.094 2.031 2.7 3.609 4.31 3.998 3.828 3.972 3.201 2.747 2.55 3.004 2.668 2.321 2.584 2.682 3.389 3.946 4.99 4.24 4.461 4.351 3.722 3.393 4.092 4.061 3.246 3.413 3.088 3.038 3.4 4.826 4.572 3.298 3.086 3.949 3.724 3.653 4.086 5.905 4.202 4.312 3.873 3.742 4.808 5.148 4.062 4.728 4.225 4.222 3.917 2.948
0.534 1.044 0.87 0.849 1.617 3.108 1.859 1.741 2.18 0.564 0.493 0.204 2.883 2.293 2.153 2.894 3.769 4.299 3.81 3.623 3.788 3.028 2.673 2.574 3.155 2.773 2.453 2.853 2.993 3.842 4.401 5.486 4.467 4.769 4.648 3.968 3.695 4.615 4.522 3.576 3.889 3.523 3.519 3.99 5.655 5.057 3.54 3.404 4.479 4.096 3.999 4.49 6.431 4.254 4.459 3.977 3.866 5.035 5.199 3.945 4.681 4.084 4.106 3.797 2.835
0.544 0.915 0.765 0.725 1.248 2.421 1.646 1.553 1.878 0.571 0.495 0.225 1.826 1.788 1.787 2.375 3.132 3.681 3.394 3.257 3.374 2.752 2.411 2.277 2.687 2.417 2.143 2.399 2.508 3.163 3.667 4.591 3.917 4.146 4.058 3.52 3.255 3.911 3.887 3.163 3.349 3.061 3.034 3.381 4.692 4.409 3.235 3.059 3.841 3.604 3.529 3.905 5.477 3.903 4.016 3.618 3.496 4.397 4.627 3.667 4.219 3.752 3.734 3.466 2.656
0.715 1.204 0.994 0.939 1.82 4.052 2.503 2.286 2.831 0.719 0.544 0.205 2.731 2.695 2.613 3.538 4.807 5.701 5.113 4.86 5.066 3.975 3.388 3.143 3.812 3.34 2.869 3.239 3.384 4.407 5.174 6.637 5.41 5.741 5.561 4.679 4.244 5.266 5.205 4.057 4.302 3.853 3.797 4.318 6.413 5.928 4.112 3.814 5.044 4.725 4.629 5.241 7.907 5.285 5.466 4.846 4.68 6.228 6.673 5.094 6.051 5.31 5.321 4.898 3.581
0.539 1.075 0.908 0.896 1.632 2.933 1.801 1.693 2.098 0.578 0.544 0.244 2.942 2.296 2.137 2.814 3.588 4.037 3.59 3.413 3.561 2.896 2.59 2.521 3.066 2.724 2.444 2.842 2.983 3.768 4.275 5.245 4.321 4.59 4.487 3.871 3.636 4.495 4.414 3.543 3.851 3.518 3.521 3.959 5.447 4.875 3.471 3.36 4.348 3.984 3.888 4.329 6.009 4.065 4.244 3.807 3.709 4.736 4.851 3.723 4.362 3.838 3.86 3.59 2.733
0.659 1.057 0.869 0.803 1.362 2.73 1.979 1.867 2.256 0.69 0.568 0.248 1.939 2.001 2.041 2.766 3.773 4.62 4.397 4.247 4.396 3.583 3.08 2.845 3.294 2.959 2.596 2.862 2.978 3.752 4.428 5.667 4.964 5.243 5.141 4.441 4.048 4.793 4.779 3.882 4.047 3.673 3.597 3.979 5.557 5.375 3.973 3.698 4.587 4.331 4.237 4.689 6.655 4.89 4.983 4.474 4.281 5.354 5.721 4.584 5.236 4.683 4.633 4.284 3.253
0.451 0.789 0.66 0.631 1.261 2.805 1.735 1.564 1.945 0.479 0.36 0.133 2.115 2.018 1.93 2.628 3.596 4.284 3.833 3.606 3.743 2.931 2.494 2.328 2.86 2.523 2.178 2.499 2.645 3.488 4.138 5.356 4.379 4.625 4.48 3.756 3.4 4.247 4.219 3.278 3.482 3.119 3.075 3.502 5.202 4.789 3.267 2.999 3.964 3.691 3.59 4.051 6.088 4.045 4.125 3.621 3.466 4.595 4.894 3.685 4.325 3.765 3.747 3.431 2.485
0.555 1.087 0.929 0.913 1.626 2.887 1.819 1.698 2.088 0.589 0.556 0.255 2.827 2.287 2.118 2.753 3.506 3.967 3.562 3.39 3.533 2.888 2.573 2.495 3.011 2.69 2.412 2.782 2.916 3.658 4.155 5.09 4.237 4.48 4.387 3.796 3.56 4.371 4.313 3.479 3.757 3.444 3.444 3.864 5.293 4.798 3.443 3.321 4.278 3.957 3.867 4.297 5.944 4.099 4.252 3.829 3.734 4.748 4.899 3.795 4.42 3.92 3.938 3.669 2.806
0.422 0.916 0.756 0.747 1.549 3.102 1.692 1.576 2.032 0.456 0.396 0.151 3.109 2.282 2.077 2.861 3.759 4.229 3.619 3.398 3.568 2.79 2.466 2.403 3.043 2.627 2.311 2.772 2.927 3.85 4.415 5.548 4.343 4.663 4.517 3.786 3.523 4.538 4.403 3.384 3.745 3.353 3.355 3.849 5.592 4.816 3.214 3.099 4.214 3.766 3.654 4.145 6.084 3.768 3.989 3.506 3.403 4.554 4.639 3.375 4.089 3.495 3.534 3.249 2.361
0.562 1.073 0.917 0.9 1.58 2.788 1.785 1.672 2.046 0.595 0.558 0.259 2.693 2.208 2.061 2.672 3.398 3.852 3.478 3.319 3.456 2.837 2.53 2.448 2.938 2.631 2.363 2.711 2.839 3.547 4.027 4.926 4.129 4.364 4.278 3.715 3.484 4.254 4.201 3.407 3.669 3.37 3.368 3.769 5.135 4.681 3.39 3.269 4.182 3.877 3.793 4.206 5.788 4.036 4.183 3.776 3.682 4.655 4.807 3.753 4.355 3.873 3.888 3.626 2.789
0.584 1.191 1.011 1.002 1.925 3.655 2.178 2.01 2.513 0.638 0.576 0.243 3.627 2.881 2.657 3.536 4.58 5.173 4.53 4.251 4.422 3.543 3.138 3.05 3.773 3.338 2.976 3.504 3.708 4.771 5.475 6.811 5.517 5.838 5.671 4.821 4.484 5.62 5.522 4.354 4.729 4.284 4.27 4.827 6.78 6.006 4.139 3.94 5.168 4.709 4.573 5.113 7.252 4.775 4.947 4.378 4.237 5.494 5.636 4.228 4.96 4.327 4.353 4.031 3.008
0.73 1.529 1.238 1.199 2.342 4.517 2.558 2.411 3.077 0.73 0.642 0.251 4.178 3.063 2.799 3.802 4.954 5.627 4.937 4.713 4.967 3.913 3.438 3.3 4.067 3.5 3.051 3.55 3.675 4.719 5.35 6.651 5.298 5.696 5.539 4.688 4.367 5.524 5.353 4.16 4.577 4.115 4.122 4.716 6.81 6.015 4.154 4.072 5.515 5.005 4.907 5.583 8.188 5.263 5.636 5.05 4.965 6.636 6.87 5.164 6.325 5.503 5.587 5.172 3.821
0.737 1.351 1.138 1.097 1.887 3.341 2.173 2.041 2.483 0.736 0.669 0.307 2.95 2.447 2.303 2.979 3.794 4.332 3.953 3.795 3.949 3.234 2.859 2.729 3.227 2.872 2.549 2.871 2.97 3.675 4.152 5.066 4.268 4.509 4.414 3.833 3.577 4.324 4.26 3.456 3.699 3.389 3.378 3.772 5.157 4.76 3.492 3.377 4.315 4.029 3.959 4.403 6.107 4.321 4.505 4.1 4.015 5.092 5.318 4.214 4.926 4.412 4.442 4.157 3.212
0.811 1.684 1.391 1.353 2.456 4.378 2.627 2.472 3.083 0.804 0.769 0.333 4.209 3.141 2.861 3.755 4.774 5.375 4.781 4.569 4.784 3.85 3.413 3.293 3.986 3.489 3.083 3.548 3.67 4.602 5.17 6.312 5.151 5.486 5.355 4.599 4.311 5.344 5.215 4.146 4.523 4.118 4.129 4.669 6.499 5.828 4.145 4.071 5.369 4.929 4.837 5.434 7.675 5.158 5.466 4.947 4.872 6.332 6.547 5.041 6.042 5.337 5.406 5.041 3.825
0.584 1.141 0.961 0.95 1.719 3.059 1.873 1.777 2.202 0.631 0.595 0.273 3.086 2.383 2.234 2.956 3.75 4.184 3.711 3.532 3.682 3.009 2.714 2.657 3.228 2.87 2.587 3.012 3.163 3.984 4.496 5.479 4.518 4.808 4.707 4.082 3.852 4.749 4.653 3.756 4.095 3.751 3.761 4.219 5.751 5.12 3.675 3.579 4.599 4.195 4.091 4.541 6.239 4.222 4.421 3.983 3.882 4.92 5.004 3.854 4.505 3.959 3.982 3.711 2.852
0.65 1.132 0.963 0.93 1.596 2.923 1.955 1.853 2.245 0.7 0.629 0.298 2.516 2.273 2.224 2.925 3.778 4.348 3.979 3.812 3.948 3.246 2.886 2.767 3.283 2.961 2.657 3.009 3.157 3.955 4.532 5.588 4.759 5.039 4.94 4.31 4.025 4.844 4.798 3.929 4.193 3.854 3.837 4.267 5.8 5.361 3.948 3.771 4.72 4.39 4.284 4.716 6.46 4.585 4.726 4.269 4.133 5.148 5.331 4.215 4.83 4.287 4.271 3.976 3.08
0.844 1.667 1.361 1.314 2.479 4.712 2.767 2.615 3.291 0.84 0.733 0.299 4.183 3.188 2.962 3.98 5.155 5.861 5.198 4.978 5.229 4.161 3.66 3.498 4.251 3.684 3.221 3.701 3.819 4.848 5.48 6.77 5.467 5.852 5.695 4.852 4.516 5.63 5.469 4.3 4.688 4.231 4.227 4.801 6.84 6.116 4.307 4.207 5.603 5.125 5.035 5.697 8.25 5.442 5.801 5.225 5.136 6.776 7.042 5.384 6.528 5.728 5.809 5.398 4.043
0.779 1.234 0.998 0.915 1.607 3.45 2.441 2.258 2.716 0.778 0.613 0.251 2.151 2.339 2.397 3.246 4.45 5.449 5.1 4.871 5.028 4.029 3.413 3.117 3.633 3.239 2.802 3.076 3.19 4.06 4.816 6.209 5.326 5.588 5.433 4.629 4.174 4.982 4.972 3.978 4.129 3.714 3.625 4.037 5.805 5.624 4.071 3.743 4.711 4.476 4.397 4.913 7.201 5.198 5.291 4.716 4.513 5.777 6.271 4.98 5.747 5.13 5.097 4.707 3.521
0.538 0.892 0.746 0.706 1.24 2.496 1.725 1.615 1.951 0.583 0.489 0.215 1.866 1.892 1.909 2.562 3.426 4.074 3.761 3.583 3.688 2.989 2.594 2.435 2.882 2.601 2.302 2.585 2.721 3.468 4.073 5.162 4.422 4.661 4.549 3.92 3.595 4.314 4.299 3.483 3.668 3.339 3.294 3.666 5.121 4.83 3.509 3.268 4.079 3.817 3.718 4.105 5.788 4.123 4.196 3.746 3.586 4.501 4.744 3.735 4.261 3.768 3.727 3.444 2.615
0.731 1.163 0.948 0.871 1.496 3.084 2.221 2.078 2.509 0.746 0.599 0.253 2.067 2.169 2.213 3.001 4.112 5.053 4.795 4.619 4.782 3.872 3.303 3.029 3.507 3.134 2.727 2.994 3.103 3.918 4.632 5.95 5.177 5.453 5.329 4.575 4.146 4.919 4.904 3.956 4.111 3.714 3.627 4.022 5.693 5.528 4.058 3.759 4.698 4.454 4.371 4.866 7.023 5.144 5.246 4.704 4.505 5.7 6.151 4.925 5.663 5.074 5.037 4.661 3.517
