4.266 11.808 4.854 3.998 7.721 8.713 7.927 7.731 8.465 2.068 5.29 10.006 10.782 6.057 4.618 19.72 20.697 17.943 15.872 14.962 21.675 11.555 13.72 14.638 20.308 14.408 11.264 14.594 14.727 22.647 31.66 33.453 20.843 24.791 23.377 21.067 21.678 31.463 31.311 17.623 21.546 20.083 21.304 25.002 35.791 24.765 9.642 12.635 29.492 19.016 19.254 18.923 41.114 14.369 18.272 14.514 12.958 21.847 16.49 9.93 18.229 19.388 14.388 15.114 11.297
3.614 10.771 3.994 3.449 7.262 7.865 6.912 6.733 7.441 1.686 5.224 9.952 10.066 5.398 4.266 19.73 18.266 14.918 13.064 12.46 18.523 9.479 12.006 13.045 18.18 12.37 9.887 13.619 13.716 21.176 28.267 28.327 16.917 20.982 19.823 17.899 18.723 27.551 26.386 14.298 18.52 17.302 18.534 21.729 30.489 19.834 7.397 10.725 26.731 15.856 16.272 16.077 35.164 11.049 15.107 11.942 10.912 19.23 13.735 8.072 15.96 16.524 11.933 12.814 9.472
3.988 11.002 4.527 3.756 7.269 8.135 7.374 7.196 7.885 1.933 5.031 9.406 10.008 5.621 4.318 18.238 18.865 16.333 14.509 13.748 19.928 10.673 12.729 13.582 18.731 13.279 10.437 13.576 13.674 20.874 28.899 30.448 19.054 22.787 21.557 19.471 20.079 29.069 28.859 16.301 20.04 18.716 19.864 23.276 33.173 22.996 9 11.939 27.842 17.898 18.147 17.862 38.546 13.536 17.308 13.779 12.339 20.751 15.619 9.424 17.348 18.404 13.666 14.37 10.754
3.855 10.506 4.289 3.689 7.264 7.935 7.088 6.92 7.594 1.892 5.337 9.77 10.073 5.675 4.525 18.593 18.127 15.268 13.499 12.877 18.598 10.068 12.341 13.325 18.17 12.836 10.357 13.829 13.98 20.964 27.917 28.533 17.77 21.495 20.433 18.543 19.266 27.603 26.878 15.223 19.101 17.945 19.07 22.127 30.56 20.783 8.203 11.412 26.417 16.636 16.914 16.686 34.668 12.069 15.819 12.686 11.558 19.387 14.365 8.707 16.178 16.931 12.555 13.304 10.028
3.854 11.39 4.346 3.579 7.176 8.134 7.344 7.142 7.841 1.813 4.708 9.288 9.948 5.393 4.048 18.782 18.993 16.12 14.212 13.416 19.925 10.148 12.287 13.145 18.633 12.846 9.941 13.033 13.132 20.773 29.273 30.451 18.414 22.351 21.01 18.939 19.623 29.203 28.775 15.726 19.611 18.248 19.566 23.287 34.09 22.854 8.641 11.463 28.539 17.719 18.158 17.863 40.804 13.087 17.126 13.502 12.099 21.23 15.665 9.285 17.752 18.797 13.686 14.48 10.663
4.015 11.388 4.477 3.837 7.68 8.346 7.419 7.232 7.939 1.872 5.452 9.911 10.059 5.515 4.345 18.328 17.717 14.928 13.265 12.715 18.644 9.843 12.133 13.027 17.855 12.433 9.933 13.279 13.298 20.086 26.952 27.716 17.122 21.07 20.068 18.248 19.073 27.771 27.157 15.168 19.371 18.218 19.524 22.956 32.531 22.128 8.541 12.244 29.422 18.255 18.743 18.578 40.222 13.482 18.08 14.454 13.196 22.685 16.687 10.018 19.315 20.221 14.82 15.752 11.745
4.065 11.606 4.458 3.888 8.103 8.77 7.686 7.477 8.257 1.956 6.054 11.54 11.715 6.398 5.12 22.771 20.961 16.93 14.679 13.966 20.563 10.832 13.762 15.099 20.849 14.337 11.61 16.056 16.295 24.746 32.396 32.004 19.177 23.501 22.272 20.136 21.037 30.527 29.073 15.95 20.477 19.205 20.455 23.667 32.236 20.903 7.925 11.43 27.799 16.756 17.108 16.907 35.495 11.564 15.696 12.518 11.519 19.943 14.326 8.472 16.3 16.958 12.419 13.357 9.994
3.536 10.02 4.013 3.315 6.47 7.265 6.587 6.426 7.044 1.689 4.359 8.241 8.776 4.864 3.694 16.093 16.571 14.338 12.75 12.084 17.695 9.298 11.12 11.834 16.465 11.559 9.015 11.709 11.753 18.163 25.412 26.81 16.626 20.03 18.915 17.084 17.654 25.858 25.69 14.366 17.762 16.56 17.652 20.849 30.197 20.799 8.06 10.696 25.54 16.247 16.575 16.331 36.223 12.336 15.917 12.619 11.29 19.274 14.43 8.666 16.197 17.185 12.678 13.354 9.926
2.951 8.956 3.254 2.826 6.006 6.454 5.651 5.511 6.099 1.364 4.298 8.111 8.1 4.303 3.415 15.994 14.631 11.889 10.469 10.046 15.01 7.601 9.696 10.513 14.659 9.904 7.915 10.946 10.972 16.986 22.65 22.667 13.514 16.959 16.039 14.501 15.214 22.47 21.467 11.586 15.189 14.185 15.234 17.92 25.273 16.403 6.12 9.033 22.636 13.233 13.63 13.502 29.78 9.206 12.764 10.092 9.237 16.375 11.609 6.824 13.698 14.076 10.09 10.868 8.016
3.24 10.311 3.602 3.084 6.732 7.285 6.357 6.183 6.858 1.428 4.663 9.06 9.08 4.683 3.632 18.091 16.65 13.524 11.837 11.299 17.178 8.435 10.791 11.685 16.515 10.972 8.632 12.009 12.002 18.906 25.636 25.814 15.068 19.031 17.926 16.119 16.923 25.48 24.408 12.823 16.926 15.746 16.975 20.17 29.129 18.669 6.639 9.887 26.051 15.003 15.497 15.326 35.39 10.433 14.616 11.4 10.375 18.932 13.285 7.614 15.787 16.35 11.579 12.482 9.054
3.832 11.233 4.203 3.756 7.849 8.274 7.177 7.004 7.739 1.766 5.928 10.529 10.234 5.466 4.501 19.501 17.824 14.348 12.643 12.242 18.09 9.388 12.079 13.13 17.939 12.24 9.981 13.876 13.876 20.894 27.199 27.04 16.316 20.663 19.743 17.976 18.967 27.576 26.278 14.386 19.159 18.057 19.378 22.629 31.276 20.507 7.803 12.233 29.345 17.277 17.721 17.609 37.285 11.857 16.734 13.412 12.425 21.572 15.339 9.122 18.305 18.687 13.39 14.423 10.757
4.12 11.352 4.644 3.878 7.575 8.468 7.649 7.453 8.167 2.008 5.321 10.055 10.691 6.006 4.647 19.761 20.112 17.173 15.13 14.292 20.673 11.066 13.318 14.314 19.799 14.015 11.071 14.542 14.727 22.511 30.875 32.084 19.913 23.773 22.459 20.284 20.938 30.252 29.806 16.781 20.687 19.341 20.532 23.977 33.763 23.113 9.026 12.036 28.07 17.921 18.143 17.846 38.059 13.252 17.014 13.577 12.218 20.602 15.439 9.312 17.142 18.107 13.429 14.163 10.629
3.261 10.122 3.666 3.043 6.582 7.333 6.45 6.239 6.905 1.479 4.504 9.237 9.616 5.021 3.795 19.114 18.223 14.79 12.691 11.909 17.996 8.977 11.263 12.296 17.541 11.787 9.164 12.635 12.807 20.314 27.874 28.094 16.314 19.959 18.735 16.76 17.448 26.241 25.314 13.315 17 15.814 16.957 20.063 28.81 18.471 6.53 9.114 24.154 14.355 14.633 14.4 33.074 10.058 13.495 10.528 9.503 17.281 12.346 7.032 14.078 14.884 10.681 11.438 8.332
3.72 10.39 4.092 3.54 7.259 7.916 6.978 6.784 7.475 1.811 5.403 10.315 10.591 5.852 4.661 20.301 19.045 15.498 13.439 12.757 18.655 9.954 12.513 13.721 18.911 13.132 10.608 14.526 14.782 22.373 29.378 29.182 17.645 21.409 20.302 18.369 19.135 27.62 26.457 14.661 18.594 17.456 18.553 21.422 29.101 19.085 7.329 10.344 24.765 15.208 15.469 15.277 31.757 10.633 14.211 11.384 10.447 17.89 13.004 7.742 14.608 15.262 11.256 12.064 9.073
3.672 10.418 4.021 3.549 7.305 7.839 6.878 6.712 7.405 1.767 5.512 10.179 10.23 5.621 4.56 19.651 18.1 14.75 12.911 12.352 18.102 9.569 12.137 13.243 18.147 12.53 10.224 14.084 14.23 21.445 28.016 27.846 16.855 20.795 19.746 17.896 18.732 27.066 25.818 14.27 18.43 17.305 18.453 21.379 29.207 19.112 7.327 10.756 25.736 15.502 15.871 15.685 32.774 10.71 14.62 11.666 10.756 18.484 13.289 7.924 15.304 15.836 11.576 12.421 9.298
3.017 8.522 3.448 2.796 5.545 6.335 5.737 5.566 6.105 1.44 3.782 7.5 8.193 4.531 3.401 15.265 16.065 13.665 11.844 11.025 16.077 8.48 10.106 10.893 15.312 10.777 8.346 10.946 11.129 17.322 24.3 25.447 15.492 18.232 17.111 15.314 15.722 23.037 22.885 12.62 15.353 14.275 15.128 17.759 25.422 17.27 6.476 8.387 20.259 13.012 13.112 12.87 28.428 9.74 12.312 9.711 8.64 14.869 11.178 6.585 12.197 13.105 9.692 10.205 7.58
3.757 11.282 4.118 3.569 7.636 8.258 7.217 7.017 7.766 1.774 5.497 10.677 10.749 5.737 4.551 21.544 19.477 15.588 13.581 12.974 19.338 9.845 12.63 13.825 19.367 13.093 10.477 14.585 14.754 22.903 30.279 29.832 17.662 21.969 20.764 18.775 19.672 28.953 27.464 14.82 19.308 18.067 19.376 22.659 31.428 20.154 7.551 10.956 27.461 16.074 16.469 16.307 35.348 10.975 15.106 12.021 11.039 19.551 13.86 8.155 16.14 16.579 11.931 12.889 9.571
3.429 9.603 3.819 3.219 6.487 7.219 6.448 6.259 6.873 1.661 4.627 8.977 9.457 5.242 4.078 17.932 17.555 14.552 12.637 11.908 17.359 9.203 11.327 12.337 17.183 12.015 9.535 12.8 13.044 20.024 26.999 27.334 16.608 19.913 18.809 16.99 17.612 25.561 24.831 13.778 17.187 16.099 17.133 19.949 27.686 18.436 7.076 9.609 22.984 14.375 14.567 14.346 30.483 10.279 13.423 10.732 9.745 16.703 12.331 7.361 13.743 14.442 10.649 11.324 8.496
3.583 10.984 3.963 3.391 7.205 7.836 6.893 6.715 7.427 1.67 4.981 9.675 9.783 5.183 4.047 19.449 17.958 14.607 12.865 12.32 18.468 9.275 11.754 12.723 17.905 12.071 9.547 13.107 13.161 20.637 27.849 27.959 16.634 20.803 19.629 17.737 18.572 27.591 26.438 14.238 18.527 17.278 18.584 21.956 31.27 20.305 7.598 10.885 27.613 16.177 16.65 16.485 36.887 11.35 15.568 12.308 11.216 19.993 14.22 8.364 16.708 17.209 12.324 13.257 9.767
3.83 11.436 4.259 3.507 7.329 8.382 7.465 7.185 7.893 1.793 4.89 10.271 11.048 5.899 4.428 21.533 21.042 17.021 14.546 13.587 20.305 10.269 12.751 13.992 20.15 13.73 10.624 14.326 14.707 23.498 32.381 32.368 18.938 22.802 21.433 19.317 20.07 29.979 29.022 15.521 19.438 18.177 19.547 23.123 32.944 21.219 7.79 10.38 26.754 16.344 16.603 16.314 36.774 11.398 15.011 11.932 10.811 19.393 14.122 8.228 15.822 16.681 12.063 12.874 9.518
3.404 9.597 3.806 3.191 6.304 7.062 6.366 6.194 6.786 1.649 4.348 8.343 8.852 4.916 3.795 16.61 16.577 13.992 12.311 11.64 16.965 8.91 10.833 11.669 16.314 11.429 9.006 11.874 12.04 18.66 25.639 26.353 16.161 19.466 18.37 16.635 17.242 25.126 24.606 13.727 17.084 15.987 17.08 20.067 28.424 19.181 7.473 10.029 23.802 14.958 15.217 14.97 32.326 10.857 14.114 11.28 10.199 17.43 12.954 7.816 14.577 15.282 11.234 11.884 8.897
3.767 10.624 4.25 3.57 7.1 7.846 7.028 6.849 7.52 1.787 4.988 9.317 9.695 5.352 4.15 17.811 17.771 15.103 13.355 12.696 18.568 9.843 11.947 12.821 17.675 12.379 9.792 12.986 13.069 19.903 27.132 28.182 17.408 21.079 19.994 18.079 18.761 27.322 26.892 15.001 18.778 17.588 18.75 22.01 31.294 21.371 8.196 11.273 27.055 17.039 17.349 17.117 37.175 12.67 16.527 13.13 11.847 20.263 15.033 8.971 16.973 17.948 13.216 13.963 10.394
3.147 9.139 3.472 3.008 6.147 6.623 5.852 5.716 6.298 1.505 4.367 8.04 8.052 4.379 3.492 15.399 14.354 11.812 10.523 10.165 14.987 7.794 9.783 10.545 14.556 10.015 8.027 10.871 10.89 16.657 22.19 22.411 13.725 17.116 16.28 14.828 15.541 22.661 21.847 12.139 15.717 14.757 15.838 18.595 26.116 17.447 6.843 9.854 23.666 14.248 14.634 14.533 31.238 10.224 13.883 11.142 10.212 17.617 12.759 7.708 14.951 15.361 11.146 11.931 8.93
3.731 10.724 4.166 3.387 6.814 7.962 7.196 6.909 7.537 1.759 4.539 9.444 10.535 5.74 4.275 19.81 20.491 16.761 14.2 13.127 19.388 10.006 12.158 13.331 19.258 13.377 10.287 13.543 13.971 22.32 31.248 31.581 18.606 21.916 20.593 18.586 19.233 28.573 28.068 15.184 18.58 17.383 18.663 22.091 31.555 20.645 7.659 9.9 24.692 15.705 15.879 15.543 34.744 11.146 14.288 11.401 10.299 18.206 13.586 7.985 14.882 15.837 11.563 12.232 9.101
3.941 10.886 4.352 3.743 7.451 8.16 7.282 7.095 7.785 1.94 5.403 10.089 10.409 5.83 4.639 19.676 18.801 15.636 13.78 13.138 19.023 10.164 12.581 13.648 18.809 13.203 10.619 14.248 14.462 21.973 29.232 29.488 18.198 22.081 20.948 19.053 19.833 28.514 27.566 15.54 19.592 18.422 19.65 22.841 31.442 21.116 8.379 11.618 27.017 16.807 17.088 16.862 34.997 11.947 15.745 12.7 11.617 19.617 14.465 8.807 16.39 16.978 12.522 13.32 10.069
3.372 9.936 3.707 3.166 6.66 7.324 6.453 6.256 6.899 1.608 4.703 9.318 9.577 5.162 4.04 18.918 17.513 14.11 12.248 11.63 17.244 8.85 11.21 12.282 17.288 11.79 9.366 12.87 13.101 20.412 27.213 26.922 16.006 19.639 18.553 16.793 17.539 25.775 24.615 13.371 17.137 16.062 17.226 20.159 28.001 18.097 6.837 9.595 23.901 14.295 14.583 14.408 31.148 9.852 13.293 10.629 9.733 17.137 12.317 7.286 14.113 14.595 10.572 11.364 8.474
3.763 10.658 4.281 3.462 6.605 7.739 7.155 6.943 7.556 1.784 4.35 8.468 9.685 5.398 4.009 17.659 19.688 16.922 14.608 13.473 19.624 10.18 11.952 12.762 18.293 12.956 9.929 12.62 12.803 20.437 29.841 31.594 19.067 22.315 20.818 18.692 19.198 28.421 28.594 15.726 18.951 17.555 18.743 22.343 32.943 22.391 8.454 10.74 25.443 16.654 16.937 16.527 37.501 12.425 15.667 12.312 10.941 18.9 14.425 8.6 15.82 17.015 12.519 13.085 9.68
4.131 10.975 4.585 3.951 7.725 8.454 7.55 7.368 8.083 2.066 5.786 10.634 11.031 6.287 5.041 20.31 19.883 16.671 14.665 13.956 20.012 11.017 13.486 14.636 19.868 14.14 11.473 15.328 15.569 23.161 30.588 31.085 19.421 23.276 22.138 20.075 20.805 29.542 28.709 16.379 20.386 19.17 20.276 23.333 31.683 21.547 8.585 11.825 26.881 17.112 17.319 17.078 34.637 12.372 16.092 12.965 11.833 19.618 14.609 8.885 16.206 17.015 12.721 13.487 10.24
3.558 10.349 3.976 3.289 6.632 7.56 6.805 6.588 7.219 1.692 4.448 8.95 9.66 5.265 3.986 18.425 18.464 15.337 13.302 12.466 18.381 9.434 11.517 12.486 17.792 12.308 9.574 12.676 12.932 20.476 28.468 29.013 17.369 20.862 19.604 17.692 18.335 27.119 26.506 14.465 17.981 16.795 18.012 21.306 30.517 20.166 7.619 10.091 24.918 15.508 15.779 15.49 34.474 11.081 14.433 11.472 10.355 18.152 13.405 7.954 15.041 15.855 11.552 12.245 9.091
3.856 10.892 4.253 3.599 7.289 8.148 7.267 7.034 7.711 1.87 5.122 10.091 10.628 5.857 4.562 20.324 19.58 16.001 13.868 13.091 19.139 10.04 12.467 13.642 19.178 13.333 10.567 14.213 14.554 22.581 30.351 30.303 18.274 22.023 20.828 18.907 19.674 28.65 27.666 15.298 19.204 18.056 19.337 22.6 31.316 20.63 7.974 10.85 26.116 16.194 16.426 16.18 34.335 11.332 14.895 12.009 10.977 18.942 13.932 8.365 15.661 16.301 11.941 12.724 9.576
