1.282 2.525 3.613 0.928 3.922 3.271 4.979 5.801 6.8 1.03 3.316 12.529 5.128 1.375 0.866 4.562 7.93 5.863 3.926 3.133 8.904 1.397 1.502 1.637 4.415 4.771 2.898 2.875 5.318 9.629 10.732 20.808 8.062 11.317 11.12 9.888 17.036 32.53 20.721 9.062 9.657 8.308 12.128 21.836 30.203 19.317 7.84 11.784 21.245 16.313 11.617 13.545 29.579 13.315 14.511 11.647 7.612 25.143 14.647 8.834 16.011 10.295 7.515 9.061 6.388
1.008 2.279 3.293 0.802 4.006 3.018 4.411 4.878 5.505 0.822 3.27 11.088 4.343 1.138 0.794 5.781 8.535 5.765 3.883 3.326 10.025 1.45 1.771 2.209 7.057 6.792 3.951 4.158 8.091 13.166 13.087 22.804 8.632 12.705 12.58 11.205 19.151 32.51 19.907 8.619 10.101 9.15 13.981 23.356 28.635 17.457 7.079 11.79 21.157 15.216 10.808 13.198 27.595 11.78 13.182 10.752 7.19 24.785 13.053 7.768 14.986 9.338 7.008 9.024 6.4
1.007 2 2.932 0.729 3.228 2.655 4.098 4.747 5.563 0.822 2.672 10.707 4.168 1.095 0.669 3.833 6.829 4.915 3.269 2.599 7.78 1.159 1.217 1.312 3.861 4.235 2.522 2.481 4.721 8.71 9.501 18.487 6.961 9.846 9.662 8.56 15.006 28.578 17.782 7.671 8.168 7.012 10.445 19.071 25.968 16.294 6.512 9.824 18.178 13.648 9.632 11.3 25.323 10.979 11.995 9.565 6.174 21.47 12.007 7.147 13.195 8.345 6.035 7.311 5.113
0.855 1.854 2.834 0.632 3.34 2.537 4.011 4.541 5.253 0.708 2.598 11.116 3.841 0.939 0.557 4.31 7.392 4.906 3.206 2.584 8.704 1.09 1.142 1.288 4.731 4.923 2.769 2.756 5.657 10.378 10.626 20.506 7.056 10.516 10.258 9.012 16.472 30.672 17.804 7.333 8.167 7.067 11.168 20.632 26.795 15.769 6.047 9.729 18.914 13.326 9.218 11.212 26.225 10.266 11.532 9.108 5.763 22.792 11.334 6.543 13.07 7.8 5.6 7.07 4.834
1.264 2.468 3.397 0.935 3.591 2.991 4.372 5.178 6.158 1.039 3.281 10.528 5.014 1.427 0.953 4.639 6.929 5.426 3.847 3.21 8.436 1.481 1.639 1.851 4.636 4.637 2.859 2.896 5.255 9.046 10.375 20.393 8.901 12.475 12.355 10.974 17.958 32.949 22.974 10.444 11.254 9.793 13.573 22.222 30.631 20.995 8.972 13.478 22.578 17.297 12.548 14.547 29.059 14.11 15.314 12.562 8.439 24.803 15.007 9.329 16.493 10.888 8.089 9.682 6.953
1.41 2.815 3.999 1.055 4.367 3.557 5.235 5.927 6.807 1.08 3.519 12.322 5.049 1.397 0.917 4.87 7.854 5.615 3.793 3.09 8.55 1.371 1.515 1.696 4.574 4.749 2.854 2.84 5.174 8.875 9.426 17.386 6.837 9.712 9.61 8.604 14.611 26.526 16.959 7.641 8.403 7.425 10.915 18.951 25.103 16.169 6.802 10.49 18.792 14.297 10.328 12.193 25.854 11.722 12.947 10.594 7.104 22.974 13.225 8.137 14.839 9.652 7.197 8.806 6.328
1.045 2.061 2.961 0.762 3.243 2.716 4.153 4.836 5.659 0.859 2.772 10.613 4.333 1.165 0.735 3.941 7.022 5.224 3.519 2.824 8.141 1.278 1.379 1.511 4.164 4.574 2.796 2.79 5.215 9.529 10.612 20.498 7.915 11.096 10.889 9.675 16.642 31.442 19.864 8.658 9.209 7.925 11.582 20.786 28.414 18.016 7.293 10.917 19.571 14.921 10.587 12.309 26.706 11.957 12.984 10.399 6.791 22.357 12.936 7.785 14.055 9.006 6.565 7.907 5.577
1.201 2.451 3.502 0.907 3.951 3.145 4.62 5.237 6.042 0.959 3.241 11.255 4.731 1.289 0.832 4.939 7.671 5.491 3.715 3.057 8.695 1.385 1.53 1.764 5.174 5.24 3.127 3.151 5.898 9.928 10.394 18.867 7.587 10.75 10.649 9.52 16.12 28.722 18.677 8.333 9.192 8.135 12.034 20.497 26.672 17.242 7.163 11.127 19.852 14.928 10.717 12.702 26.715 12.128 13.298 10.829 7.207 23.698 13.391 8.123 14.941 9.607 7.13 8.807 6.285
1.371 2.684 3.726 1.004 3.97 3.289 4.823 5.598 6.542 1.061 3.368 11.306 5.042 1.402 0.918 4.539 7.078 5.331 3.63 2.948 7.812 1.321 1.448 1.614 4.079 4.135 2.525 2.521 4.524 7.736 8.622 16.427 6.798 9.487 9.353 8.341 13.929 25.952 17.432 7.84 8.452 7.366 10.47 17.902 24.747 16.494 6.942 10.486 18.187 14.129 10.239 11.941 24.797 11.787 12.85 10.488 7.013 21.621 13.014 8.031 14.35 9.42 6.995 8.442 6.05
1.055 2.069 2.89 0.785 3.131 2.617 3.871 4.503 5.263 0.862 2.743 9.385 4.186 1.176 0.776 3.906 6.349 4.864 3.361 2.764 7.499 1.279 1.416 1.593 4.139 4.334 2.692 2.724 4.975 8.68 9.72 18.471 7.632 10.649 10.516 9.395 15.665 28.733 19.051 8.571 9.229 8.059 11.477 19.529 26.464 17.424 7.335 11.017 18.932 14.561 10.497 12.175 24.956 11.785 12.767 10.399 6.961 21.261 12.691 7.816 13.851 9.069 6.729 8.101 5.815
1.325 2.571 3.525 0.997 3.696 3.02 4.261 4.982 5.975 1.06 3.342 10.159 4.835 1.415 0.969 4.706 6.664 4.861 3.469 2.973 7.735 1.409 1.568 1.775 4.329 4.225 2.555 2.519 4.378 7.313 8.319 16.263 7.668 10.945 11.109 9.956 15.91 28.221 20.523 9.689 10.665 9.444 13.022 20.321 26.902 19.259 8.567 13.087 21.928 16.632 12.049 14.016 27.543 13.572 14.774 12.363 8.477 24.274 14.646 9.171 16.151 10.912 8.228 9.87 7.149
1.64 3.258 4.53 1.255 4.93 4.041 5.772 6.492 7.387 1.24 3.994 12.807 5.601 1.606 1.096 5.508 8.439 6.158 4.214 3.486 9.151 1.576 1.788 2.052 5.251 5.316 3.251 3.27 5.817 9.606 10.224 18.352 7.54 10.616 10.557 9.512 15.767 27.962 18.406 8.477 9.405 8.429 12.206 20.515 26.977 17.763 7.676 11.856 20.599 15.915 11.636 13.692 27.781 13.169 14.485 12.012 8.234 25.046 14.921 9.342 16.709 11.097 8.407 10.296 7.529
0.842 1.864 2.769 0.646 3.338 2.525 3.851 4.328 4.962 0.702 2.687 10.257 3.806 0.967 0.613 4.679 7.424 5.027 3.34 2.768 8.837 1.196 1.341 1.6 5.527 5.522 3.164 3.24 6.499 11.225 11.373 20.895 7.573 11.148 10.926 9.648 17.015 30.279 18.122 7.626 8.645 7.623 11.822 20.739 26.23 15.762 6.176 10.043 18.67 13.315 9.318 11.321 24.991 10.264 11.456 9.165 5.939 21.898 11.239 6.575 12.85 7.827 5.731 7.301 5.077
0.956 2.246 3.238 0.761 3.921 2.933 4.24 4.661 5.235 0.742 3.134 10.423 4.096 1.033 0.736 5.432 7.848 5.228 3.466 2.965 8.914 1.25 1.591 2.018 6.339 5.995 3.431 3.627 7.044 11.3 11.15 19.306 7.24 10.795 10.732 9.561 16.419 27.956 17.181 7.332 8.773 8.006 12.336 20.604 25.33 15.412 6.148 10.598 19.209 13.797 9.764 12.034 25.307 10.728 12.102 9.89 6.61 23.184 12.191 7.188 14.168 8.791 6.597 8.605 6.077
1.041 2.119 3.074 0.799 3.546 2.878 4.303 4.919 5.698 0.901 3.053 11.106 4.647 1.267 0.815 5.039 8.303 6.05 4.123 3.407 9.974 1.588 1.745 2.017 6.136 6.424 3.873 3.923 7.483 12.938 13.672 24.916 9.883 13.831 13.595 12.072 20.369 36.005 22.915 10.059 10.919 9.585 14.13 24.113 31.032 19.647 8.031 12.218 21.572 16.06 11.405 13.395 28.057 12.603 13.655 11.017 7.273 23.823 13.386 8.037 14.581 9.315 6.862 8.429 6.007
0.905 1.819 2.666 0.672 2.986 2.448 3.755 4.308 5.004 0.752 2.486 9.772 3.807 1.016 0.638 3.745 6.647 4.775 3.214 2.599 7.797 1.172 1.26 1.392 4.162 4.554 2.73 2.72 5.2 9.466 10.175 19.35 7.299 10.373 10.189 9.05 15.723 29.048 17.936 7.789 8.4 7.292 10.883 19.494 25.832 16.081 6.493 9.866 18.009 13.411 9.485 11.148 24.425 10.588 11.59 9.291 6.059 20.682 11.482 6.877 12.651 8.008 5.841 7.116 5.018
1.112 2.2 3.041 0.852 3.316 2.779 4.072 4.752 5.526 0.936 2.996 9.575 4.502 1.298 0.887 4.394 6.802 5.41 3.841 3.234 8.569 1.512 1.721 1.992 5.101 5.209 3.282 3.394 6.226 10.634 11.943 22.419 9.457 13.184 12.984 11.571 18.873 33.493 22.437 10.179 11.058 9.733 13.662 22.47 30.077 19.953 8.533 12.865 21.386 16.361 11.874 13.739 26.953 13.021 14.099 11.583 7.873 22.989 13.858 8.66 15.227 10.054 7.541 9.098 6.608
1.049 2.389 3.508 0.811 4.26 3.159 4.749 5.287 6.013 0.851 3.39 12.371 4.598 1.154 0.759 5.891 8.968 5.951 3.948 3.324 10.543 1.407 1.641 2 6.841 6.635 3.774 3.921 7.853 13.237 13.206 23.889 8.661 12.951 12.751 11.29 19.87 34.853 20.884 8.805 10.264 9.158 14.252 24.636 30.776 18.45 7.29 12.214 22.597 16.02 11.238 13.804 30.148 12.36 13.925 11.232 7.352 27.02 13.77 8.067 16.007 9.727 7.188 9.271 6.453
1.275 2.731 3.821 1.036 4.437 3.487 4.846 5.301 5.906 0.988 3.599 10.788 4.698 1.342 0.992 5.805 8.218 5.757 3.963 3.422 9.124 1.563 1.958 2.443 6.681 6.429 3.906 4.092 7.387 11.357 11.341 18.712 7.795 11.111 11.142 10.08 16.415 26.922 17.577 8.132 9.508 8.806 12.988 20.751 25.355 16.351 7.084 11.538 19.878 14.944 10.955 13.192 25.89 12.079 13.417 11.221 7.812 24.01 13.711 8.51 15.605 10.274 7.921 10.043 7.386
1.254 2.461 3.364 0.984 3.632 2.983 4.144 4.717 5.458 0.998 3.155 9.207 4.403 1.325 0.938 4.528 6.42 4.792 3.447 2.979 7.618 1.436 1.654 1.935 4.784 4.721 2.926 2.965 5.209 8.497 9.352 17.222 7.906 11.174 11.318 10.251 16.394 28.124 19.773 9.408 10.495 9.494 13.313 20.884 26.948 18.694 8.413 12.933 21.511 16.475 12.097 14.091 26.834 13.29 14.464 12.164 8.5 23.935 14.537 9.246 16.141 10.959 8.404 10.21 7.556
1.195 2.248 3.034 0.856 3.107 2.55 3.601 4.305 5.362 0.983 3.033 9.433 4.664 1.361 0.906 4.289 6.218 4.593 3.248 2.765 7.258 1.381 1.498 1.654 3.945 3.842 2.321 2.255 3.862 6.488 7.716 15.896 8.077 11.634 12.011 10.838 17.21 30.555 22.87 10.944 11.843 10.342 13.981 21.423 27.915 20.267 9.107 13.667 22.799 17.317 12.337 14.003 27.226 13.636 14.626 12.111 8.205 23.177 14.088 8.709 15.018 10.12 7.546 8.906 6.36
1.187 2.304 3.237 0.87 3.49 2.927 4.363 5.119 6.047 0.988 3.104 10.95 4.893 1.359 0.874 4.449 7.358 5.623 3.87 3.157 8.685 1.474 1.593 1.759 4.653 4.934 3.046 3.047 5.591 9.906 11.149 21.461 8.948 12.401 12.242 10.903 18.234 33.799 22.605 10.119 10.759 9.305 13.218 22.602 30.796 20.39 8.521 12.649 21.871 16.779 12.024 13.892 28.842 13.583 14.626 11.844 7.844 24.271 14.446 8.817 15.601 10.176 7.479 8.947 6.372
1.133 2.269 3.165 0.901 3.539 2.904 4.114 4.563 5.13 0.894 2.912 9.184 4.041 1.188 0.835 4.36 6.777 4.935 3.446 2.925 7.826 1.368 1.596 1.885 5.059 5.212 3.226 3.308 5.996 9.856 10.251 17.829 7.363 10.441 10.43 9.462 15.564 26.382 17.208 8.021 9.042 8.244 12.034 19.751 24.836 16.201 7.122 11.051 18.895 14.436 10.586 12.464 24.472 11.648 12.775 10.669 7.42 21.968 12.984 8.193 14.487 9.666 7.403 9.11 6.751
1.08 2.084 2.87 0.803 3.056 2.544 3.665 4.258 5.012 0.872 2.711 8.78 4.135 1.19 0.793 3.856 5.94 4.532 3.166 2.629 6.897 1.247 1.372 1.54 3.885 3.975 2.463 2.467 4.399 7.476 8.383 15.866 7.038 9.787 9.8 8.819 14.442 26.084 18.159 8.417 9.09 7.993 11.207 18.392 24.61 16.804 7.293 10.911 18.471 14.275 10.359 11.965 23.86 11.649 12.56 10.335 6.995 20.555 12.475 7.753 13.542 9.008 6.727 8.054 5.818
0.873 2.058 2.995 0.687 3.642 2.7 3.972 4.387 4.956 0.683 2.892 10.015 3.814 0.95 0.655 5.039 7.375 4.893 3.233 2.741 8.466 1.141 1.42 1.789 5.829 5.537 3.143 3.303 6.509 10.626 10.514 18.565 6.808 10.211 10.106 8.968 15.618 27.015 16.37 6.898 8.197 7.408 11.517 19.561 24.242 14.612 5.738 9.879 18.159 12.939 9.106 11.242 24.154 10.017 11.333 9.187 6.061 21.972 11.331 6.635 13.229 8.099 6.028 7.867 5.502
1.119 2.144 2.943 0.806 3.068 2.577 3.81 4.602 5.597 0.952 2.946 9.702 4.713 1.335 0.87 4.165 6.368 5.035 3.578 2.97 7.854 1.395 1.507 1.662 4.119 4.174 2.581 2.587 4.677 8.23 9.701 19.617 8.83 12.28 12.17 10.77 17.534 32.566 23.132 10.522 11.131 9.531 13.01 21.194 29.411 20.451 8.717 12.849 21.409 16.366 11.756 13.472 27.044 13.213 14.198 11.56 7.674 22.467 13.666 8.421 14.732 9.71 7.132 8.421 5.975
0.72 1.819 2.716 0.566 3.448 2.465 3.713 4.093 4.622 0.58 2.726 10.102 3.604 0.813 0.551 5.161 7.7 4.879 3.123 2.652 8.993 1.055 1.318 1.691 6.225 5.821 3.157 3.35 6.999 11.74 11.408 20.565 6.964 10.772 10.586 9.278 16.726 29.256 16.844 6.671 8.114 7.29 11.722 20.401 25.007 14.285 5.306 9.534 18.109 12.407 8.485 10.69 23.958 9.25 10.559 8.436 5.43 21.576 10.44 5.861 12.319 7.215 5.284 7.069 4.813
1.283 2.5 3.39 1.012 3.688 3.022 4.118 4.622 5.354 1.02 3.22 9.2 4.379 1.338 0.96 4.599 6.538 4.77 3.381 2.947 7.552 1.507 1.757 2.074 5.079 4.994 3.112 3.14 5.376 8.509 9.411 17.184 8.331 11.937 12.328 11.323 17.933 29.755 21.025 10.233 11.52 10.542 14.799 22.757 28.172 19.616 9.056 14.015 23.331 17.882 13.082 15.104 28.13 14.022 15.174 12.802 9.043 25.083 15.261 9.743 16.826 11.51 8.916 10.879 8.122
1.231 2.346 3.158 0.915 3.297 2.702 3.724 4.261 5.04 0.947 2.919 8.694 4.32 1.292 0.886 4.133 5.907 4.392 3.084 2.604 6.519 1.277 1.425 1.616 3.865 3.782 2.323 2.288 3.874 6.191 6.936 13.13 6.563 9.36 9.742 8.989 14.421 25.167 18.558 9.049 9.977 8.955 12.398 19.296 24.794 17.555 8.002 12.121 20.28 15.809 11.557 13.269 25.258 12.759 13.757 11.504 7.957 22.215 13.695 8.634 14.834 10.071 7.641 9.147 6.688
1.115 2.187 3.02 0.836 3.18 2.652 3.89 4.693 5.668 0.965 3.065 9.601 4.674 1.347 0.91 4.464 6.461 5.101 3.747 3.201 8.474 1.49 1.657 1.881 4.719 4.69 2.874 2.918 5.359 9.37 10.855 21.8 9.7 13.641 13.483 11.852 19.051 34.326 24.191 10.995 11.841 10.258 13.996 22.22 30.458 21.198 9.093 13.639 22.404 16.813 12.137 14.042 27.536 13.371 14.516 11.95 8.035 23.145 13.919 8.669 15.337 10.156 7.537 8.98 6.439
