2.75 5.179 6.714 3.274 8.464 7.88 9.427 10.368 10.496 3.362 3.462 19.09 10.965 2.563 2.186 7.997 14.467 15.14 10.645 9.03 9.39 3.851 2.775 3.3 6.784 9.177 4.71 3.759 5.856 12.026 11.031 21.895 10.266 14.303 10.844 7.329 11.065 25.757 15.151 11.132 8.742 7.517 10.93 16.763 22.72 16.81 5.663 7.413 18.027 12.062 10.029 12.979 31.732 15.099 14.473 13.512 11.501 19.4 16.602 10.772 15.462 10.511 9.338 10.654 9.27
4.891 9.067 11.622 5.715 14.355 13.34 15.761 17.192 17.298 5.649 5.815 30.365 17.79 4.198 3.6 12.701 22.415 23.234 16.282 13.725 14.165 5.896 4.273 5.039 10.058 13.335 6.859 5.462 8.368 16.694 15.189 29.278 13.893 19.038 14.465 9.817 14.617 33.057 19.654 14.397 11.335 9.774 14.049 21.219 28.418 21.098 7.243 9.478 22.525 15.182 12.605 16.191 38.599 18.719 17.863 16.717 14.293 23.794 20.445 13.369 19.04 13.067 11.633 13.233 11.537
2.525 5.339 7.099 3.064 9.291 8.331 10.073 11.035 11.016 2.984 3.167 22.358 11.612 2.165 1.841 8.502 16.295 16.645 10.897 9.029 9.52 3.442 2.414 3.002 7.055 9.887 4.536 3.549 6.018 13.754 12.188 26.258 10.803 15.938 11.506 7.378 12.053 31.18 16.586 11.604 8.876 7.534 11.715 18.962 26.204 18.143 5.22 7.275 20.296 12.465 10.073 13.612 37.09 15.448 14.709 13.576 11.275 20.598 16.887 10.207 15.599 9.895 8.696 10.185 8.651
2.968 5.358 7.099 3.482 8.981 8.653 10.618 11.906 12.202 3.864 3.695 21.513 12.709 3.01 2.332 8.241 16.184 17.937 12.869 10.784 11.026 4.428 2.994 3.375 6.994 10.017 5.249 4.066 6.246 13.61 13.153 27.9 13.312 18.369 13.843 9.137 13.46 33.102 19.93 14.498 10.991 9.106 12.989 20.471 28.986 21.829 7.223 8.737 21.322 14.6 11.999 15.317 39.493 19.127 17.983 16.382 13.628 22.873 19.779 12.684 17.755 11.969 10.334 11.541 9.951
4.402 7.699 9.95 5.039 12.252 11.72 14.203 15.791 16.135 5.408 5.301 27.536 16.294 4.138 3.372 10.763 20.042 21.679 15.639 13.292 13.582 5.709 3.999 4.448 8.444 11.525 6.142 4.804 7.054 14.373 13.675 27.966 13.494 18.606 14.183 9.613 13.882 32.462 19.606 14.612 11.36 9.585 13.377 20.454 28.392 21.574 7.622 9.37 21.691 15.062 12.575 15.904 39.23 19.321 18.583 17.257 14.651 24.102 21.006 13.9 19.359 13.372 11.731 13.045 11.335
3.6 6.611 8.573 4.171 10.741 10.006 12.06 13.294 13.45 4.304 4.277 23.989 13.519 3.209 2.619 9.294 17.234 18.208 12.82 10.831 11.145 4.529 3.163 3.614 7.352 10.1 5.187 4.071 6.234 13.08 12.111 24.767 11.52 16.069 12.088 8.096 12.062 28.664 16.727 12.288 9.535 8.064 11.59 17.93 24.656 18.273 6.18 7.804 18.984 12.699 10.542 13.574 34.036 16.056 15.389 14.268 12.045 20.313 17.37 11.251 16.027 10.828 9.516 10.739 9.288
2.675 4.99 6.624 3.165 8.568 7.995 9.795 10.854 10.983 3.417 3.367 20.796 11.289 2.582 2.073 7.8 15.603 16.64 11.56 9.819 10.232 4.081 2.814 3.198 6.861 9.974 5.073 3.981 6.239 14.095 13.211 28.562 12.733 18.179 13.517 8.97 13.597 34.046 19.153 13.959 10.755 9.021 13.141 20.906 29.156 21.126 6.953 8.639 21.731 14.261 11.779 15.274 39.878 17.889 17.066 15.685 13.088 22.418 18.887 12.009 17.18 11.369 9.897 11.152 9.586
3.298 5.843 7.511 3.829 9.294 8.776 10.492 11.526 11.674 3.973 3.994 20.271 11.95 3.044 2.562 8.406 15.388 16.336 11.726 10.051 10.399 4.46 3.221 3.694 7.196 9.836 5.271 4.22 6.335 12.9 12.124 24.215 11.678 16.169 12.413 8.548 12.539 28.737 17.273 12.93 10.23 8.798 12.441 18.89 25.641 19.303 6.913 8.697 20.083 13.858 11.629 14.757 35.115 17.242 16.557 15.457 13.213 21.592 18.677 12.407 17.291 11.992 10.627 11.909 10.418
3.338 5.974 7.694 3.875 9.568 9.017 10.815 11.921 12.098 4.053 4.053 21.198 12.376 3.11 2.586 8.711 15.926 16.962 12.182 10.393 10.735 4.543 3.248 3.733 7.388 10.093 5.366 4.278 6.482 13.289 12.485 25.068 12.103 16.728 12.808 8.751 12.875 29.732 17.865 13.305 10.452 8.934 12.672 19.297 26.286 19.778 6.966 8.747 20.449 14.002 11.699 14.887 35.898 17.55 16.802 15.62 13.282 21.844 18.845 12.417 17.362 11.951 10.55 11.837 10.312
2.636 5.316 6.945 3.18 8.861 8.08 9.622 10.491 10.493 3.075 3.294 20.09 11.136 2.284 2.01 8.304 15.191 15.582 10.516 8.78 9.215 3.563 2.594 3.231 7.077 9.632 4.666 3.725 6.109 13.038 11.703 23.74 10.465 14.945 11.092 7.332 11.591 28.014 15.757 11.249 8.763 7.562 11.422 17.855 24.171 17.242 5.325 7.383 19.114 12.263 10.022 13.256 33.568 15.028 14.288 13.28 11.2 19.592 16.393 10.245 15.195 10.008 8.886 10.322 8.894
3.39 6.025 7.972 3.881 10.019 9.651 11.966 13.497 13.88 4.376 4.119 24.264 13.978 3.328 2.541 8.569 17.038 18.889 13.487 11.291 11.445 4.538 3.004 3.239 6.434 9.173 4.745 3.602 5.364 11.726 11.321 24.683 11.541 16.068 11.997 7.859 11.44 28.669 16.969 12.386 9.338 7.647 10.776 17.091 24.611 18.558 6.173 7.368 17.992 12.281 10.113 12.915 34.467 16.432 15.657 14.318 11.911 20.189 17.51 11.269 15.87 10.664 9.17 10.165 8.711
5.648 9.703 12.437 6.394 15.056 14.591 17.612 19.576 19.992 6.781 6.642 32.594 20.061 5.176 4.25 12.994 23.799 26.08 18.921 16.009 16.233 6.901 4.865 5.403 9.907 13.29 7.202 5.648 8.177 16.193 15.642 31.744 15.632 21.306 16.326 11.087 15.768 36.247 22.418 16.721 12.979 10.944 15.056 22.761 31.729 24.395 8.706 10.669 23.969 16.953 14.153 17.741 43.023 21.764 20.86 19.333 16.425 26.592 23.411 15.588 21.452 14.967 13.117 14.501 12.617
3.026 6.071 8.041 3.621 10.443 9.489 11.51 12.663 12.712 3.665 3.75 24.905 13.161 2.687 2.214 9.415 18.123 18.782 12.616 10.55 11.044 4.165 2.887 3.45 7.813 11.018 5.27 4.121 6.749 15.212 13.728 29.369 12.559 18.208 13.322 8.667 13.701 34.794 19.004 13.539 10.394 8.776 13.281 21.302 29.518 20.891 6.39 8.464 22.665 14.296 11.677 15.532 41.523 17.921 17.101 15.782 13.151 23.415 19.446 12.032 17.914 11.584 10.153 11.716 10.006
2.857 5.046 6.563 3.326 8.201 7.844 9.509 10.531 10.707 3.578 3.535 18.744 10.995 2.779 2.285 7.523 14.403 15.646 11.271 9.635 9.948 4.202 2.978 3.371 6.637 9.36 5.037 4.008 6.043 12.765 12.293 25.562 12.236 17.032 13.009 8.863 12.969 30.65 18.354 13.677 10.676 9.062 12.777 19.676 27.189 20.437 7.185 8.863 20.584 14.214 11.856 15.003 36.641 17.788 16.979 15.682 13.26 21.7 18.737 12.318 17.064 11.721 10.269 11.424 9.933
2.695 4.962 6.539 3.187 8.39 7.889 9.623 10.668 10.82 3.446 3.407 20.046 11.172 2.653 2.148 7.827 15.288 16.412 11.582 9.849 10.236 4.163 2.905 3.328 7 10.029 5.204 4.114 6.409 14.098 13.313 28.209 12.965 18.268 13.718 9.176 13.759 33.604 19.384 14.216 10.985 9.251 13.344 20.931 29 21.292 7.139 8.862 21.704 14.469 11.973 15.396 39.128 18.098 17.218 15.816 13.236 22.294 18.922 12.145 17.168 11.498 10.031 11.272 9.727
3.351 5.913 7.865 3.844 9.918 9.676 12.08 13.717 14.175 4.469 4.164 24.695 14.48 3.451 2.605 8.712 17.676 19.965 14.364 12.02 12.179 4.827 3.172 3.398 6.759 9.79 5.113 3.879 5.786 12.859 12.659 28.146 13.311 18.527 13.876 9.073 13.167 33.433 20.032 14.605 10.959 8.928 12.537 20.004 29.144 22.125 7.339 8.656 21.053 14.482 11.896 15.151 40.803 19.645 18.615 16.942 14.032 23.697 20.628 13.246 18.53 12.446 10.641 11.738 10.04
2.665 5.16 6.705 3.21 8.494 7.824 9.299 10.135 10.162 3.14 3.326 18.93 10.617 2.388 2.104 8.125 14.709 15.194 10.52 8.899 9.329 3.77 2.778 3.446 7.311 9.93 5.044 4.076 6.532 13.554 12.356 24.525 11.21 15.78 11.883 7.997 12.337 28.908 16.642 12.136 9.527 8.245 12.196 18.755 25.16 18.23 5.914 7.973 19.771 13.023 10.772 14.019 34.209 15.772 15.056 13.97 11.832 20.118 16.969 10.823 15.659 10.518 9.368 10.785 9.377
3.05 5.246 6.771 3.476 8.287 8.107 9.895 11.093 11.393 3.842 3.738 18.828 11.65 2.991 2.433 7.488 14.112 15.821 11.581 9.835 10.017 4.241 2.97 3.286 6.096 8.381 4.581 3.607 5.285 10.827 10.722 22.633 11.221 15.469 11.898 8.077 11.552 27.218 16.934 12.649 9.797 8.236 11.361 17.37 24.558 18.957 6.723 8.181 18.468 13.062 10.889 13.663 33.613 16.984 16.224 14.97 12.653 20.487 18.011 11.934 16.376 11.366 9.904 10.906 9.455
2.922 5.476 7.398 3.441 9.646 9.04 11.262 12.595 12.795 3.813 3.637 24.524 12.94 2.856 2.183 8.391 17.622 19.011 13.078 11 11.367 4.342 2.865 3.158 6.913 10.343 5.142 3.922 6.127 14.463 13.66 30.904 13.355 19.286 14.109 9.146 13.918 36.807 20.267 14.638 11.045 9.068 13.295 21.794 31.316 22.563 7.149 8.684 22.787 14.823 12.163 15.89 44.215 19.24 18.397 16.791 13.858 24.378 20.518 12.844 18.594 12.095 10.399 11.694 9.967
2.25 4.408 6.012 2.714 7.954 7.398 9.204 10.279 10.412 2.951 2.846 20.618 10.726 2.239 1.697 7.228 15.128 16.244 11.029 9.17 9.506 3.502 2.301 2.649 6.192 9.261 4.478 3.403 5.533 13.265 12.374 27.981 11.843 17.137 12.393 7.894 12.32 33.135 17.998 12.767 9.514 7.793 11.724 19.415 27.837 19.756 5.921 7.334 20.102 12.825 10.407 13.745 38.806 16.532 15.632 14.147 11.577 20.762 17.308 10.591 15.553 9.951 8.541 9.736 8.277
2.756 4.93 6.443 3.221 8.108 7.755 9.44 10.52 10.753 3.526 3.449 18.973 11.158 2.756 2.216 7.584 14.454 15.799 11.406 9.679 9.965 4.133 2.88 3.271 6.604 9.285 4.939 3.895 5.94 12.613 12.112 25.178 12.149 16.806 12.796 8.615 12.65 30.144 18.177 13.421 10.363 8.715 12.348 19.098 26.535 20.007 6.871 8.427 19.968 13.696 11.353 14.426 35.868 17.485 16.588 15.239 12.8 21.154 18.255 11.878 16.535 11.266 9.82 10.953 9.484
2.43 4.698 6.095 2.955 7.746 7.141 8.445 9.174 9.183 2.888 3.102 17.226 9.734 2.231 2.011 7.724 13.878 14.278 9.913 8.427 8.889 3.667 2.758 3.466 7.333 9.936 5.114 4.188 6.73 13.838 12.627 24.711 11.379 15.944 12.067 8.186 12.612 29.075 16.788 12.271 9.693 8.444 12.455 18.983 25.165 18.176 5.964 8.071 19.732 13.022 10.783 13.983 33.394 15.45 14.702 13.628 11.56 19.454 16.363 10.458 15.03 10.144 9.068 10.446 9.111
2.369 4.883 6.423 2.928 8.352 7.576 9.014 9.796 9.762 2.826 3.107 19.496 10.583 2.147 1.948 8.434 15.568 15.846 10.615 8.91 9.477 3.672 2.736 3.52 7.939 10.913 5.287 4.288 7.203 15.595 13.96 28.404 12.273 17.654 13.044 8.614 13.814 33.494 18.443 13.105 10.221 8.856 13.509 21.119 28.252 19.754 5.978 8.402 21.961 13.873 11.299 14.988 37.755 16.418 15.533 14.337 12.027 21.07 17.37 10.713 15.91 10.383 9.238 10.794 9.301
2.44 4.573 6.446 2.87 8.556 8.149 10.455 11.861 12.105 3.348 2.995 23.989 12.031 2.482 1.732 6.894 16.327 17.936 12.031 9.938 10.141 3.603 2.195 2.277 5.198 8.385 4.022 2.907 4.492 11.663 11.246 27.667 11.195 16.444 11.677 7.253 11.084 32.697 17.184 12.153 8.81 6.948 10.299 17.97 27.27 19.292 5.711 6.577 18.653 12.021 9.715 12.814 40.157 16.4 15.64 14.058 11.362 20.954 17.611 10.692 15.713 9.927 8.32 9.302 7.828
3.191 5.841 7.574 3.707 9.511 8.867 10.693 11.798 11.952 3.867 3.859 21.445 12.117 2.9 2.385 8.394 15.591 16.471 11.616 9.863 10.19 4.183 2.941 3.358 6.793 9.339 4.818 3.798 5.805 12.179 11.285 23.106 10.763 15.061 11.368 7.658 11.411 27.056 15.793 11.644 9.085 7.713 11.071 17.102 23.482 17.413 5.953 7.522 18.198 12.19 10.145 13.058 32.605 15.394 14.786 13.749 11.641 19.583 16.753 10.896 15.504 10.506 9.251 10.433 9.034
2.404 4.99 6.582 2.978 8.6 7.778 9.281 10.093 10.056 2.877 3.161 20.294 10.853 2.181 1.973 8.684 16.143 16.408 10.951 9.197 9.794 3.757 2.787 3.592 8.187 11.304 5.441 4.404 7.434 16.247 14.514 29.8 12.725 18.405 13.536 8.898 14.333 35.09 19.117 13.563 10.549 9.116 13.96 21.925 29.394 20.443 6.12 8.605 22.726 14.259 11.604 15.435 39.277 16.854 15.968 14.716 12.311 21.694 17.815 10.934 16.3 10.577 9.401 10.999 9.461
4.173 7.34 9.357 4.838 11.463 10.822 12.825 14.042 14.219 4.949 5.016 24.251 14.594 3.803 3.243 10.398 18.423 19.42 14.018 12.019 12.411 5.419 3.961 4.571 8.732 11.659 6.299 5.061 7.519 14.785 13.784 26.615 13.097 17.9 13.836 9.605 13.979 31.102 18.994 14.272 11.371 9.848 13.844 20.714 27.794 21.095 7.707 9.761 22.141 15.42 12.985 16.415 38.053 19.124 18.384 17.255 14.858 24.055 20.936 14.058 19.528 13.705 12.225 13.723 12.066
2.325 4.487 5.867 2.817 7.527 6.949 8.301 9.071 9.105 2.831 2.962 17.242 9.587 2.18 1.888 7.387 13.648 14.183 9.839 8.341 8.766 3.556 2.6 3.201 6.907 9.543 4.872 3.939 6.341 13.429 12.316 24.789 11.287 15.873 11.924 8.003 12.321 29.18 16.691 12.145 9.491 8.163 12.052 18.631 25.056 18.076 5.879 7.759 19.296 12.652 10.448 13.579 33.387 15.263 14.489 13.362 11.251 19.095 16.036 10.188 14.649 9.795 8.681 9.963 8.647
2.547 4.395 5.73 2.919 7.109 6.992 8.62 9.741 10.061 3.359 3.222 17.003 10.467 2.655 2.111 6.646 12.926 14.681 10.806 9.179 9.37 3.924 2.703 2.966 5.646 7.978 4.35 3.407 5.045 10.72 10.73 23.187 11.527 15.923 12.218 8.232 11.799 28.328 17.588 13.051 10.02 8.342 11.521 17.767 25.247 19.447 6.804 8.151 18.61 13.064 10.814 13.556 33.887 17.024 16.123 14.761 12.359 20.051 17.521 11.489 15.71 10.788 9.312 10.208 8.796
2.946 5.76 7.697 3.474 10.027 9.164 11.302 12.577 12.736 3.709 3.643 24.808 12.953 2.685 2.105 8.579 17.103 17.943 12.081 10.118 10.495 3.931 2.614 2.934 6.483 9.282 4.424 3.368 5.321 12.211 11.062 24.367 10.306 14.989 10.874 7.015 10.88 28.311 15.322 10.948 8.325 6.899 10.287 16.715 23.67 16.86 5.24 6.654 17.936 11.337 9.293 12.338 34.29 14.694 14.158 13.087 10.885 19.551 16.329 10.166 15.149 9.776 8.501 9.707 8.252
