1.89 1.522 2.161 1.529 1.756 2.387 3.485 2.562 3.591 1.436 2.244 5.535 3.745 2.1 2.039 5.245 8.264 7.583 5.246 5.308 9.596 3.833 3.72 4.598 8.107 7.418 5.23 6.176 8.856 10.944 12.851 27.045 12.933 11.634 13.735 11.827 17.701 26.309 20.739 11.704 11.514 9.415 13.546 16.344 25.203 19.332 9.212 11.888 21.256 15.541 15.079 13.298 23.567 13.821 12.132 12.104 10.892 21.379 14.573 10.616 12.703 9.19 8.643 11.043 6.811
1.726 1.4 2.042 1.44 1.684 2.274 3.226 2.345 3.288 1.314 2.209 5.234 3.485 1.936 1.997 5.163 7.63 6.741 4.584 4.747 8.639 3.432 3.544 4.578 7.909 7 4.945 6.062 8.651 10.367 11.866 23.775 11.113 10.166 12.339 10.656 16.043 23.245 17.974 10.051 10.295 8.566 12.649 15.02 22.491 16.833 7.872 10.832 19.513 13.918 13.541 12.022 21.367 12.285 10.916 11.074 10.068 19.818 13.113 9.47 11.645 8.461 8.163 10.629 6.441
2.042 1.608 2.303 1.588 1.81 2.509 3.817 2.736 3.901 1.463 2.206 5.86 3.838 2.073 1.908 5.1 8.609 7.896 5.356 5.338 9.991 3.752 3.48 4.184 7.721 7.158 4.911 5.658 8.255 10.528 12.65 28.83 13.066 11.642 13.674 11.642 17.944 28.005 21.827 11.963 11.467 9.117 13.303 16.619 27.303 20.797 9.564 12.137 22.89 16.633 16.223 14.157 26.423 14.996 13.045 12.901 11.491 24.018 16.13 11.626 13.984 9.897 9.164 11.828 7.116
1.939 1.53 2.111 1.502 1.685 2.317 3.587 2.685 3.728 1.467 2.103 5.418 3.938 2.173 1.966 4.812 8.738 8.489 5.829 5.643 10.078 4.059 3.69 4.257 7.535 7.423 5.244 5.909 8.366 10.854 13.334 30.131 14.551 12.7 14.331 12.242 18.241 28.598 23.028 12.723 11.864 9.399 13.168 16.414 26.823 21.095 9.845 11.969 21.233 16.176 15.584 13.505 24.081 14.391 12.35 12.005 10.674 21.218 15.083 10.91 12.67 9.057 8.26 10.345 6.444
2.145 1.756 2.551 1.827 2.146 2.892 4.057 2.975 4.144 1.71 2.907 6.822 4.607 2.589 2.718 6.983 10.208 8.966 6.096 6.322 11.387 4.645 4.852 6.32 10.839 9.593 6.822 8.405 11.972 14.263 16.198 31.514 14.939 13.594 16.491 14.33 21.3 30.31 23.401 13.208 13.609 11.459 16.733 19.642 28.631 21.346 10.121 13.858 24.446 17.494 16.885 15.029 26.094 15.216 13.512 13.736 12.536 24.017 15.99 11.539 14.056 10.323 10.004 12.968 7.98
1.933 1.566 2.293 1.604 1.877 2.539 3.598 2.59 3.62 1.422 2.418 5.743 3.788 2.065 2.143 5.605 8.266 7.255 4.877 5.062 9.286 3.636 3.776 4.908 8.516 7.482 5.232 6.453 9.254 11.077 12.653 25.449 11.826 10.806 13.229 11.434 17.325 25.18 19.414 10.757 11.135 9.313 13.888 16.515 24.797 18.519 8.576 11.998 21.808 15.492 15.035 13.358 23.947 13.709 12.175 12.431 11.322 22.469 14.836 10.67 13.243 9.604 9.286 12.153 7.309
1.905 1.531 2.23 1.562 1.83 2.518 3.673 2.655 3.783 1.48 2.444 6.173 4.061 2.244 2.24 6.027 9.298 8.274 5.602 5.722 10.554 4.075 4.061 5.164 9.259 8.287 5.777 6.968 10.107 12.374 14.37 30.003 13.746 12.352 14.777 12.639 19.157 28.255 21.705 12.005 11.98 9.78 14.345 17.208 26.326 19.603 9.086 12.034 21.892 15.571 15.08 13.278 23.903 13.602 11.958 12.005 10.8 21.646 14.28 10.248 12.409 8.887 8.446 10.994 6.647
1.935 1.588 2.305 1.662 1.953 2.62 3.656 2.7 3.754 1.573 2.673 6.182 4.213 2.395 2.526 6.39 9.267 8.144 5.567 5.783 10.337 4.278 4.495 5.858 9.944 8.816 6.324 7.793 11.028 13.085 14.821 28.461 13.565 12.395 15.013 13.062 19.317 27.312 21.114 11.989 12.361 10.419 15.162 17.739 25.663 19.13 9.114 12.498 21.901 15.7 15.183 13.53 23.315 13.642 12.148 12.337 11.281 21.44 14.273 10.32 12.559 9.266 9.009 11.661 7.203
1.996 1.592 2.243 1.584 1.801 2.465 3.685 2.725 3.825 1.511 2.278 5.767 3.967 2.2 2.064 5.291 8.741 8.205 5.667 5.636 10.214 4.061 3.809 4.594 8.178 7.635 5.354 6.2 8.907 11.213 13.385 29.212 14.043 12.453 14.48 12.402 18.589 28.293 22.528 12.591 12.086 9.724 13.873 16.969 26.888 20.877 9.851 12.393 22.331 16.52 16.002 14.017 25.097 14.77 12.831 12.664 11.316 22.508 15.535 11.269 13.356 9.593 8.897 11.31 6.962
1.787 1.446 2.127 1.502 1.774 2.425 3.48 2.529 3.597 1.432 2.442 5.991 3.969 2.206 2.27 6.037 9.027 7.93 5.35 5.512 10.115 3.963 4.072 5.279 9.29 8.223 5.779 7.084 10.199 12.286 14.085 28.439 13.02 11.776 14.205 12.182 18.376 26.629 20.345 11.264 11.417 9.402 13.847 16.416 24.548 18.108 8.368 11.354 20.503 14.487 14.037 12.402 22.099 12.567 11.109 11.207 10.139 20.089 13.134 9.392 11.445 8.258 7.954 10.407 6.285
1.954 1.611 2.288 1.661 1.925 2.558 3.553 2.646 3.628 1.548 2.531 5.742 3.957 2.281 2.367 5.821 8.477 7.572 5.272 5.458 9.608 4.077 4.214 5.402 9.074 8.136 5.883 7.159 10.064 11.985 13.641 26.178 12.916 11.827 14.227 12.469 18.261 25.853 20.359 11.806 12.091 10.25 14.711 17.255 25.004 19.069 9.362 12.562 21.688 15.865 15.366 13.749 23.372 14.019 12.493 12.668 11.598 21.638 14.782 10.854 13.09 9.743 9.405 12.006 7.557
1.73 1.408 1.984 1.42 1.638 2.219 3.189 2.338 3.255 1.333 2.099 5.132 3.464 1.982 1.964 5.008 7.781 7.045 4.895 5.001 8.938 3.627 3.583 4.467 7.856 7.193 5.12 6.073 8.69 10.688 12.441 25.341 12.142 11 13.028 11.314 16.778 24.412 19.109 10.931 10.914 9.089 13.03 15.586 23.35 17.768 8.616 11.147 19.492 14.279 13.792 12.218 21.134 12.514 11.051 11.102 10.063 19.196 13.14 9.636 11.48 8.396 7.951 10.113 6.357
2.131 1.742 2.559 1.832 2.166 2.929 4.104 3.004 4.2 1.722 2.998 7.061 4.767 2.655 2.822 7.329 10.653 9.277 6.236 6.473 11.723 4.742 5.019 6.62 11.372 10.002 7.085 8.803 12.565 14.908 16.85 32.549 15.21 13.815 16.839 14.598 21.783 30.888 23.645 13.189 13.678 11.524 16.971 19.871 28.8 21.223 9.889 13.767 24.434 17.335 16.7 14.835 25.854 14.925 13.251 13.498 12.336 23.776 15.647 11.186 13.702 10.046 9.797 12.801 7.809
1.772 1.399 1.902 1.356 1.506 2.05 3.202 2.464 3.389 1.351 1.893 4.684 3.584 1.985 1.778 4.158 7.663 7.819 5.421 5.191 9.062 3.741 3.365 3.797 6.476 6.471 4.644 5.213 7.263 9.411 11.75 27.015 13.675 11.843 13.138 11.132 16.366 25.892 21.469 11.9 10.966 8.594 11.785 14.601 24.144 19.604 9.217 11.068 19.129 14.829 14.314 12.388 21.81 13.355 11.412 10.992 9.709 19.007 13.903 10.106 11.645 8.315 7.518 9.274 5.792
1.864 1.454 1.993 1.408 1.562 2.136 3.38 2.555 3.523 1.359 1.898 4.815 3.604 1.938 1.702 4.043 7.68 7.689 5.242 4.997 8.938 3.593 3.199 3.574 6.227 6.261 4.413 4.907 6.868 9.023 11.336 26.782 13.124 11.328 12.616 10.725 16.085 26.111 21.468 11.698 10.712 8.314 11.56 14.629 24.969 20.174 9.285 11.166 19.936 15.565 15.053 12.981 23.489 14.198 12.074 11.596 10.232 20.691 15.052 10.835 12.533 8.908 8.053 10.026 6.189
1.999 1.651 2.351 1.717 2 2.665 3.698 2.763 3.801 1.637 2.705 6.173 4.265 2.473 2.586 6.392 9.287 8.257 5.74 5.943 10.448 4.452 4.623 5.956 10.023 8.985 6.512 7.944 11.178 13.293 15.088 28.683 14.1 12.868 15.448 13.533 19.745 27.748 21.74 12.609 12.905 10.947 15.651 18.267 26.187 19.834 9.74 13.013 22.308 16.277 15.718 14.054 23.71 14.222 12.664 12.827 11.745 21.751 14.812 10.845 13.008 9.695 9.377 11.975 7.567
2.43 1.956 2.635 1.899 2.097 2.796 4.205 3.291 4.491 1.874 2.626 6.113 4.673 2.675 2.46 5.601 9.663 9.965 7.166 7.002 11.97 5.125 4.678 5.347 8.817 8.595 6.257 7.096 9.824 12.453 15.301 33.9 18.158 16.048 18.055 15.422 22.166 33.871 28.536 16.396 15.423 12.358 16.762 20.236 32.05 26.439 12.976 15.794 26.62 20.517 19.811 17.364 29.638 18.52 16.013 15.594 13.866 25.992 19.129 14.159 16.424 11.95 10.89 13.287 8.407
2.1 1.729 2.369 1.736 1.976 2.628 3.703 2.778 3.762 1.616 2.457 5.712 4.014 2.36 2.341 5.635 8.73 8.068 5.729 5.84 10.107 4.326 4.274 5.275 9.01 8.411 6.114 7.191 10.124 12.426 14.453 28.479 14.339 13.065 15.343 13.504 19.6 28.082 22.465 13.205 13.197 11.199 15.803 18.806 27.5 21.417 10.776 13.759 23.15 17.461 16.818 14.982 24.854 15.36 13.6 13.663 12.494 22.671 16.109 12.017 14.122 10.569 10.015 12.491 8.128
2.196 1.829 2.576 1.916 2.219 2.912 3.988 3.043 4.141 1.872 3.024 6.598 4.699 2.816 2.947 6.915 9.897 8.897 6.313 6.537 11.205 5.017 5.232 6.679 10.911 9.877 7.344 8.897 12.281 14.491 16.391 30.231 15.328 14.123 16.816 14.817 21.269 29.503 23.413 13.911 14.186 12.072 17 19.725 27.88 21.349 10.754 14.251 23.935 17.699 17.19 15.434 25.477 15.573 13.956 14.08 12.947 23.399 16.115 11.929 14.221 10.749 10.436 13.2 8.48
2.326 1.889 2.685 1.912 2.213 3.001 4.312 3.158 4.416 1.795 2.87 6.994 4.697 2.666 2.657 6.838 10.503 9.475 6.556 6.71 12.07 4.861 4.832 6.064 10.641 9.651 6.845 8.178 11.714 14.328 16.638 33.981 16.202 14.675 17.46 15.113 22.505 32.791 25.616 14.573 14.585 12.097 17.426 20.8 31.273 23.736 11.42 14.917 26.308 19.126 18.508 16.396 28.625 16.813 14.848 14.926 13.507 26.043 17.667 12.902 15.464 11.267 10.694 13.674 8.504
1.898 1.543 2.071 1.501 1.663 2.191 3.211 2.491 3.336 1.408 2.004 4.467 3.419 1.98 1.867 4.17 6.983 7.117 5.105 5.047 8.539 3.705 3.49 4.059 6.593 6.422 4.743 5.456 7.493 9.367 11.415 24.39 12.932 11.631 13.233 11.443 16.485 24.773 20.73 12.043 11.607 9.537 13.109 15.821 24.561 20.059 9.986 12.431 20.673 15.975 15.482 13.657 22.869 14.377 12.582 12.396 11.166 20.506 15.073 11.279 13.18 9.725 9.003 10.999 7.066
2.202 1.789 2.61 1.838 2.156 2.927 4.163 3.011 4.231 1.687 2.855 6.877 4.541 2.512 2.598 6.836 10.15 8.918 6.031 6.252 11.44 4.51 4.649 6.015 10.505 9.273 6.511 7.997 11.493 13.81 15.81 31.817 14.789 13.457 16.356 14.12 21.274 30.793 23.679 13.215 13.558 11.297 16.651 19.732 29.464 21.942 10.275 14.069 25.298 17.97 17.396 15.44 27.419 15.743 13.951 14.172 12.867 25.287 16.705 12.031 14.75 10.699 10.304 13.414 8.137
2.238 1.776 2.461 1.753 1.976 2.715 4.153 3.104 4.325 1.717 2.495 6.411 4.593 2.556 2.343 5.814 10.232 9.848 6.795 6.631 11.844 4.779 4.383 5.132 9.105 8.83 6.241 7.086 10.084 12.958 15.753 34.996 16.945 14.847 16.878 14.434 21.451 33.142 26.586 14.792 13.914 11.104 15.592 19.263 30.944 24.207 11.385 13.935 24.691 18.62 17.938 15.603 27.691 16.506 14.225 13.899 12.385 24.458 17.242 12.501 14.569 10.444 9.571 12.022 7.497
1.832 1.478 2.177 1.514 1.777 2.416 3.45 2.474 3.491 1.353 2.309 5.574 3.643 1.982 2.046 5.425 8.052 7.059 4.738 4.918 9.091 3.502 3.623 4.705 8.238 7.231 5.04 6.212 8.941 10.739 12.307 25.092 11.475 10.49 12.827 11.028 16.807 24.569 18.839 10.372 10.681 8.857 13.255 15.809 23.95 17.785 8.161 11.394 20.885 14.735 14.334 12.7 22.987 13.006 11.543 11.75 10.663 21.427 14.014 10.052 12.485 8.989 8.675 11.389 6.796
2.145 1.743 2.467 1.783 2.055 2.769 3.98 2.994 4.163 1.74 2.751 6.546 4.581 2.619 2.596 6.49 9.966 9.177 6.398 6.472 11.462 4.783 4.719 5.897 10.131 9.272 6.648 7.907 11.199 13.642 15.841 31.896 15.753 14.122 16.596 14.356 21.087 30.662 24.379 13.924 13.712 11.286 16.031 19.056 28.504 21.97 10.6 13.647 23.81 17.562 16.981 15.019 25.908 15.508 13.617 13.561 12.25 23.334 16.073 11.705 13.878 10.169 9.627 12.248 7.657
2.056 1.653 2.388 1.685 1.967 2.709 3.969 2.889 4.107 1.624 2.637 6.699 4.462 2.486 2.454 6.546 10.237 9.194 6.256 6.343 11.607 4.538 4.468 5.631 10.105 9.147 6.402 7.65 11.078 13.643 15.905 33.205 15.378 13.736 16.28 13.939 20.99 30.975 23.919 13.289 13.132 10.708 15.552 18.681 28.541 21.36 9.966 12.971 23.39 16.786 16.221 14.266 25.475 14.637 12.833 12.834 11.537 22.927 15.281 10.988 13.173 9.455 8.945 11.583 7.074
1.984 1.548 2.142 1.51 1.683 2.319 3.655 2.719 3.783 1.448 2.044 5.34 3.862 2.078 1.834 4.497 8.445 8.23 5.597 5.371 9.745 3.849 3.435 3.892 6.95 6.909 4.821 5.371 7.61 10.006 12.446 29.209 13.92 12.073 13.59 11.583 17.489 28.222 22.793 12.414 11.427 8.914 12.54 15.913 26.96 21.364 9.8 11.848 21.532 16.555 15.995 13.805 25.205 14.974 12.767 12.328 10.908 22.294 15.899 11.419 13.28 9.432 8.553 10.742 6.611
2.037 1.687 2.38 1.745 2.016 2.659 3.663 2.758 3.755 1.643 2.658 5.889 4.123 2.416 2.512 6.015 8.683 7.795 5.484 5.678 9.859 4.297 4.453 5.689 9.41 8.48 6.211 7.534 10.491 12.438 14.12 26.61 13.369 12.292 14.731 12.964 18.81 26.419 20.951 12.308 12.594 10.716 15.257 17.832 25.597 19.643 9.782 13.069 22.296 16.44 15.955 14.313 24.016 14.574 13.027 13.195 12.115 22.27 15.33 11.323 13.606 10.209 9.876 12.543 7.975
1.894 1.537 2.224 1.568 1.84 2.521 3.621 2.605 3.684 1.469 2.44 6.09 3.982 2.223 2.259 6.041 9.182 8.074 5.473 5.654 10.355 4.051 4.096 5.235 9.347 8.335 5.841 7.083 10.26 12.493 14.402 29.377 13.557 12.252 14.754 12.722 19.151 27.796 21.277 11.915 12.093 10.04 14.668 17.455 26.129 19.402 9.154 12.194 21.81 15.536 14.984 13.272 23.486 13.494 11.923 12.07 10.921 21.398 14.193 10.246 12.403 8.966 8.569 11.104 6.809
1.776 1.46 2.102 1.519 1.777 2.382 3.326 2.461 3.41 1.435 2.407 5.576 3.804 2.171 2.273 5.735 8.36 7.384 5.074 5.259 9.368 3.898 4.06 5.26 8.94 7.959 5.711 7.004 9.918 11.805 13.406 25.819 12.437 11.338 13.686 11.933 17.589 24.893 19.346 11.058 11.354 9.585 13.861 16.229 23.493 17.638 8.497 11.505 20.042 14.463 13.97 12.461 21.367 12.612 11.216 11.38 10.399 19.634 13.196 9.587 11.599 8.573 8.301 10.689 6.654
