0.158 0.173 0.369 0.121 0.445 0.593 0.889 0.79 1.064 0.131 0.472 2.677 0.818 0.238 0.175 1.068 3.507 3.033 2.261 2.205 5.54 1.743 1.833 1.359 1.757 2.426 1.326 2.07 3.706 5.816 4.79 17.076 8.169 4.908 4.675 4.782 6.597 19.967 15.063 5.247 3.858 3.033 4.204 7.307 18.413 8.541 5.92 7.633 6.261 7.679 3.565 3.173 15.649 8.909 6.549 4.691 2.784 9.552 11.781 4.636 10.265 7.444 4.014 7.49 3.114
0.149 0.176 0.399 0.122 0.496 0.62 0.885 0.76 1.018 0.115 0.521 2.791 0.818 0.234 0.194 1.393 4.028 3.235 2.328 2.294 5.818 1.756 1.968 1.498 2.031 2.819 1.502 2.497 4.428 6.624 5.235 18.147 8.165 4.832 4.803 5.043 7.085 20.737 14.748 4.859 3.724 3.058 4.527 7.929 18.868 8.132 5.577 7.451 6.044 7.522 3.374 3.137 16.149 8.519 6.139 4.396 2.615 9.778 11.332 4.157 9.647 6.767 3.582 7.131 2.813
0.193 0.24 0.515 0.166 0.634 0.752 1.016 0.875 1.145 0.142 0.677 2.987 0.972 0.304 0.291 1.813 4.503 3.627 2.659 2.664 6.329 2.099 2.437 1.948 2.648 3.579 2.006 3.338 5.581 7.897 6.305 19.532 9.259 5.717 5.903 6.294 8.666 22.716 16.39 5.703 4.684 4.076 6.024 9.932 21.223 9.506 6.734 9.039 7.447 9.169 4.323 4.21 18.782 10.183 7.446 5.511 3.468 11.985 13.318 5.072 11.377 8.144 4.488 8.724 3.613
0.145 0.154 0.335 0.106 0.401 0.56 0.876 0.785 1.076 0.125 0.427 2.711 0.792 0.218 0.147 0.903 3.304 2.896 2.138 2.055 5.383 1.621 1.645 1.178 1.497 2.09 1.115 1.72 3.178 5.207 4.302 16.558 7.795 4.567 4.229 4.267 5.947 19.527 14.858 5.009 3.52 2.658 3.643 6.557 17.996 8.255 5.605 7.199 5.875 7.267 3.284 2.833 15.21 8.714 6.335 4.428 2.536 9.06 11.721 4.515 10.235 7.424 3.901 7.342 2.975
0.151 0.168 0.366 0.119 0.449 0.592 0.874 0.77 1.032 0.125 0.479 2.717 0.836 0.243 0.184 1.192 3.815 3.248 2.391 2.32 5.802 1.823 1.936 1.448 1.896 2.627 1.434 2.272 4.063 6.295 5.134 17.954 8.486 5.042 4.811 4.939 6.833 20.41 15.179 5.214 3.83 3.032 4.267 7.437 18.393 8.41 5.759 7.411 6.048 7.406 3.417 3.061 15.198 8.558 6.236 4.442 2.629 9.156 11.137 4.318 9.505 6.842 3.668 6.913 2.854
0.188 0.198 0.394 0.136 0.461 0.658 1.048 0.97 1.315 0.17 0.526 3.148 1.032 0.301 0.208 1.029 3.94 3.777 2.89 2.765 6.864 2.252 2.223 1.6 1.955 2.657 1.487 2.195 3.927 6.523 5.643 20.834 10.65 6.384 5.814 5.741 7.696 24.065 19.412 6.951 4.93 3.729 4.806 8.096 21.591 10.758 7.446 9.241 7.579 9.092 4.317 3.717 17.268 10.757 7.975 5.674 3.35 10.506 13.783 5.696 12.046 8.993 4.878 8.578 3.709
0.177 0.191 0.412 0.133 0.495 0.671 1.026 0.915 1.243 0.148 0.524 3.117 0.928 0.263 0.186 1.14 3.915 3.396 2.521 2.447 6.277 1.929 2.001 1.46 1.876 2.603 1.405 2.184 3.966 6.341 5.223 19.322 9.154 5.445 5.133 5.225 7.251 22.789 17.232 5.91 4.267 3.298 4.559 8.059 21.11 9.718 6.685 8.631 7.066 8.714 3.992 3.507 18.038 10.257 7.509 5.325 3.11 10.915 13.735 5.344 12.019 8.708 4.641 8.719 3.574
0.192 0.228 0.496 0.161 0.614 0.753 1.045 0.904 1.19 0.149 0.657 3.191 1.009 0.31 0.272 1.781 4.833 3.932 2.881 2.852 6.887 2.233 2.521 1.974 2.659 3.635 2.017 3.307 5.678 8.278 6.636 21.343 10.015 6.091 6.11 6.429 8.87 24.237 17.497 6.08 4.786 4.022 5.854 9.865 22.059 9.902 6.916 9.105 7.458 9.144 4.287 4.047 18.771 10.225 7.477 5.463 3.364 11.645 13.249 5.091 11.234 8.023 4.393 8.443 3.502
0.179 0.204 0.417 0.144 0.496 0.628 0.895 0.804 1.061 0.143 0.531 2.49 0.861 0.267 0.218 1.207 3.332 2.923 2.222 2.19 5.157 1.793 1.928 1.493 1.937 2.611 1.494 2.34 3.959 5.866 4.886 15.576 7.995 4.97 4.865 5.05 6.851 18.688 14.562 5.366 4.12 3.399 4.747 7.842 17.83 8.732 6.191 7.99 6.667 8.108 3.944 3.636 15.828 9.374 6.978 5.125 3.178 10.221 12.201 5.029 10.704 7.974 4.458 8.118 3.542
0.198 0.239 0.53 0.168 0.661 0.804 1.11 0.952 1.257 0.15 0.707 3.453 1.07 0.323 0.29 1.97 5.278 4.222 3.057 3.027 7.4 2.347 2.682 2.099 2.856 3.915 2.145 3.572 6.151 8.925 7.077 22.983 10.553 6.362 6.431 6.799 9.447 25.998 18.488 6.267 4.96 4.195 6.207 10.533 23.569 10.322 7.163 9.535 7.778 9.596 4.426 4.212 20.088 10.723 7.779 5.654 3.461 12.385 13.976 5.226 11.782 8.336 4.514 8.866 3.598
0.164 0.177 0.366 0.125 0.439 0.6 0.911 0.829 1.113 0.144 0.489 2.772 0.927 0.272 0.197 1.118 3.784 3.457 2.605 2.5 6.113 2.03 2.063 1.523 1.924 2.633 1.471 2.244 3.984 6.315 5.326 18.571 9.399 5.611 5.206 5.234 7.085 21.144 16.67 5.937 4.262 3.302 4.43 7.525 18.893 9.233 6.338 7.936 6.508 7.835 3.711 3.253 15.203 9.202 6.76 4.815 2.858 9.252 11.677 4.754 10.025 7.427 4.031 7.238 3.109
0.209 0.237 0.496 0.165 0.596 0.76 1.099 0.974 1.294 0.167 0.63 3.182 1.012 0.308 0.244 1.454 4.277 3.653 2.749 2.719 6.605 2.163 2.345 1.792 2.343 3.197 1.782 2.814 4.883 7.374 6.061 20.287 9.896 6.091 5.965 6.186 8.471 23.995 18.078 6.484 4.97 4.052 5.68 9.587 22.536 10.59 7.488 9.738 8.048 9.841 4.679 4.287 19.729 11.204 8.316 6.088 3.728 12.423 14.765 5.92 12.942 9.429 5.202 9.663 4.103
0.179 0.194 0.416 0.138 0.509 0.698 1.058 0.941 1.262 0.155 0.552 3.356 1.041 0.301 0.217 1.348 4.743 4.159 3.067 2.934 7.342 2.315 2.383 1.755 2.254 3.133 1.719 2.661 4.822 7.694 6.365 22.696 10.85 6.38 5.928 5.989 8.23 25.241 19.071 6.569 4.697 3.626 4.959 8.671 22.236 10.347 7.02 8.841 7.191 8.725 4.041 3.542 17.579 10.201 7.43 5.247 3.074 10.424 13.074 5.137 11.057 8.009 4.282 7.897 3.304
0.205 0.222 0.441 0.153 0.51 0.683 1.033 0.952 1.281 0.172 0.56 2.88 0.97 0.292 0.213 1.067 3.39 3.126 2.415 2.363 5.729 1.947 1.994 1.481 1.85 2.489 1.404 2.112 3.664 5.755 4.91 17.059 8.894 5.508 5.222 5.299 7.142 20.934 16.868 6.251 4.634 3.659 4.879 8.115 20.052 10.078 7.159 9.124 7.613 9.237 4.48 3.983 17.794 10.894 8.178 5.965 3.632 11.437 14.396 6.051 12.922 9.749 5.427 9.677 4.245
0.18 0.217 0.46 0.153 0.563 0.68 0.931 0.811 1.061 0.137 0.6 2.7 0.892 0.282 0.257 1.557 3.989 3.285 2.44 2.433 5.743 1.937 2.201 1.747 2.345 3.169 1.794 2.927 4.911 7.035 5.689 17.667 8.555 5.307 5.386 5.696 7.803 20.606 15.147 5.398 4.338 3.713 5.392 8.895 19.286 8.875 6.294 8.318 6.878 8.422 4.025 3.85 16.971 9.424 6.946 5.134 3.221 10.833 12.256 4.806 10.531 7.619 4.232 8.034 3.396
0.167 0.18 0.354 0.125 0.409 0.552 0.837 0.782 1.052 0.145 0.465 2.366 0.847 0.255 0.186 0.918 2.914 2.769 2.152 2.093 4.998 1.757 1.774 1.318 1.632 2.183 1.244 1.857 3.202 5.023 4.332 14.767 7.982 4.921 4.617 4.648 6.196 17.852 14.755 5.522 4.049 3.18 4.183 6.853 16.7 8.628 6.089 7.653 6.378 7.656 3.743 3.305 14.306 9.026 6.754 4.91 2.988 9.152 11.583 4.941 10.282 7.839 4.372 7.647 3.401
0.154 0.18 0.414 0.128 0.523 0.66 0.934 0.796 1.062 0.122 0.558 3.097 0.91 0.263 0.218 1.62 4.795 3.81 2.71 2.638 6.653 2.012 2.246 1.716 2.331 3.252 1.741 2.885 5.149 7.712 6.075 20.776 9.218 5.392 5.304 5.554 7.803 22.774 15.961 5.241 3.967 3.245 4.799 8.445 20.002 8.55 5.778 7.599 6.137 7.589 3.417 3.163 16.308 8.614 6.179 4.393 2.604 9.677 11.197 4.098 9.261 6.481 3.437 6.831 2.718
0.157 0.191 0.412 0.133 0.507 0.611 0.837 0.723 0.95 0.118 0.541 2.484 0.798 0.247 0.226 1.435 3.707 3.007 2.209 2.204 5.277 1.733 1.985 1.57 2.123 2.883 1.608 2.655 4.492 6.45 5.165 16.31 7.726 4.745 4.835 5.123 7.059 18.88 13.675 4.769 3.839 3.284 4.815 8.018 17.527 7.887 5.562 7.405 6.091 7.488 3.525 3.379 15.347 8.349 6.114 4.504 2.806 9.697 10.907 4.185 9.329 6.679 3.672 7.091 2.941
0.141 0.154 0.318 0.108 0.376 0.503 0.754 0.69 0.927 0.12 0.414 2.182 0.751 0.219 0.162 0.896 2.798 2.554 1.934 1.87 4.546 1.544 1.578 1.175 1.49 2.024 1.134 1.742 3.044 4.728 3.984 13.638 7.074 4.266 4.014 4.077 5.536 16.231 13.027 4.686 3.401 2.673 3.639 6.152 15.136 7.505 5.193 6.592 5.461 6.629 3.159 2.8 12.946 7.894 5.81 4.163 2.49 8.121 10.21 4.184 8.92 6.693 3.655 6.598 2.842
0.203 0.23 0.477 0.165 0.582 0.748 1.07 0.943 1.237 0.166 0.623 3.204 1.042 0.327 0.263 1.571 4.76 4.076 3.059 3.002 7.139 2.382 2.577 1.99 2.603 3.559 2.018 3.16 5.477 8.266 6.816 22.073 10.779 6.61 6.417 6.627 8.998 24.84 18.557 6.729 5.149 4.209 5.837 9.745 22.382 10.585 7.437 9.473 7.804 9.401 4.54 4.155 18.354 10.553 7.831 5.743 3.549 11.375 13.422 5.455 11.436 8.326 4.635 8.445 3.674
0.176 0.202 0.418 0.145 0.503 0.636 0.901 0.806 1.061 0.142 0.544 2.573 0.897 0.279 0.232 1.319 3.639 3.175 2.396 2.35 5.523 1.924 2.072 1.611 2.102 2.84 1.628 2.563 4.34 6.404 5.313 16.769 8.546 5.266 5.143 5.339 7.248 19.662 15.203 5.548 4.242 3.505 4.919 8.138 18.359 8.918 6.262 8.043 6.687 8.11 3.933 3.63 15.82 9.346 6.911 5.046 3.121 10.072 11.968 4.887 10.32 7.661 4.265 7.778 3.386
0.201 0.222 0.441 0.157 0.523 0.691 1.017 0.924 1.221 0.171 0.577 2.939 1.019 0.319 0.246 1.296 4.084 3.731 2.872 2.806 6.606 2.294 2.391 1.82 2.307 3.116 1.793 2.72 4.68 7.209 6.121 20.064 10.392 6.432 6.121 6.226 8.32 23.124 18.215 6.804 5.112 4.107 5.495 8.989 21.022 10.509 7.434 9.333 7.739 9.237 4.538 4.08 17.27 10.514 7.867 5.769 3.567 10.872 13.258 5.598 11.493 8.579 4.814 8.461 3.778
0.207 0.237 0.48 0.175 0.583 0.734 1.017 0.912 1.185 0.173 0.653 2.972 1.107 0.364 0.314 1.723 4.657 4.095 3.102 3.029 6.855 2.511 2.706 2.145 2.785 3.734 2.206 3.433 5.717 8.308 6.947 20.672 10.776 6.694 6.518 6.743 9.015 23.236 18.029 6.782 5.226 4.362 6.028 9.715 20.89 10.376 7.293 9.166 7.622 9.083 4.535 4.207 17.041 10.328 7.673 5.642 3.557 10.827 12.68 5.317 10.656 7.986 4.542 8.062 3.642
0.163 0.172 0.34 0.118 0.394 0.554 0.874 0.813 1.102 0.145 0.448 2.558 0.847 0.25 0.174 0.843 3.08 2.948 2.274 2.194 5.42 1.8 1.789 1.296 1.584 2.14 1.201 1.772 3.139 5.156 4.465 16.332 8.449 5.129 4.721 4.69 6.283 19.355 15.71 5.706 4.1 3.135 4.054 6.775 17.758 8.927 6.245 7.81 6.447 7.756 3.715 3.223 14.707 9.171 6.84 4.908 2.927 9.119 11.874 4.955 10.508 7.897 4.324 7.603 3.311
0.182 0.22 0.449 0.157 0.543 0.651 0.877 0.77 0.997 0.139 0.583 2.435 0.859 0.287 0.269 1.483 3.627 3.042 2.297 2.296 5.23 1.873 2.125 1.718 2.284 3.05 1.787 2.867 4.69 6.607 5.42 15.953 8.043 5.103 5.199 5.507 7.451 18.794 14.104 5.242 4.273 3.714 5.324 8.558 17.838 8.521 6.128 8.016 6.701 8.135 4.021 3.876 15.847 9.1 6.784 5.076 3.262 10.364 11.686 4.758 10.071 7.423 4.224 7.792 3.424
0.197 0.22 0.486 0.159 0.608 0.804 1.172 1.018 1.352 0.165 0.652 3.836 1.169 0.343 0.263 1.796 5.86 4.89 3.536 3.394 8.43 2.632 2.809 2.117 2.795 3.901 2.133 3.393 6.106 9.439 7.632 26.204 12.108 7.095 6.737 6.918 9.59 28.434 20.663 7.018 5.137 4.074 5.766 10.111 24.741 11.108 7.5 9.542 7.735 9.42 4.344 3.899 19.457 10.863 7.868 5.58 3.299 11.502 13.866 5.319 11.476 8.185 4.386 8.317 3.445
0.184 0.222 0.454 0.155 0.542 0.65 0.884 0.777 1.011 0.134 0.565 2.365 0.82 0.264 0.244 1.33 3.241 2.727 2.058 2.06 4.745 1.675 1.895 1.521 2.02 2.698 1.564 2.514 4.119 5.825 4.776 14.337 7.261 4.604 4.709 5.005 6.809 17.478 13.26 4.877 3.981 3.465 5.005 8.103 17.179 8.212 5.925 7.856 6.595 8.082 3.956 3.821 15.979 9.182 6.843 5.124 3.279 10.654 12.154 4.914 10.681 7.895 4.46 8.335 3.619
0.179 0.216 0.447 0.157 0.544 0.654 0.878 0.769 0.996 0.138 0.588 2.493 0.888 0.296 0.281 1.563 3.839 3.213 2.406 2.391 5.453 1.955 2.212 1.793 2.388 3.194 1.876 3.014 4.935 6.94 5.679 16.642 8.336 5.238 5.32 5.639 7.644 19.295 14.417 5.291 4.283 3.731 5.376 8.667 18.031 8.546 6.078 7.926 6.616 8.028 3.956 3.813 15.663 9.013 6.669 4.949 3.17 10.131 11.446 4.607 9.705 7.156 4.052 7.496 3.285
0.257 0.309 0.613 0.221 0.733 0.869 1.16 1.025 1.315 0.194 0.78 3.073 1.118 0.384 0.364 1.888 4.465 3.78 2.893 2.915 6.487 2.408 2.736 2.238 2.957 3.915 2.334 3.704 5.966 8.323 6.893 19.667 10.23 6.623 6.803 7.224 9.686 23.678 18.058 6.952 5.771 5.071 7.183 11.332 23.025 11.319 8.288 10.823 9.131 11.031 5.591 5.42 21.035 12.307 9.278 7.064 4.632 14.131 15.858 6.665 13.853 10.344 6.005 10.865 4.912
0.193 0.221 0.455 0.162 0.554 0.699 0.974 0.868 1.132 0.159 0.613 2.884 1.028 0.332 0.284 1.619 4.46 3.87 2.915 2.849 6.558 2.328 2.522 1.985 2.592 3.496 2.034 3.192 5.374 7.866 6.529 19.933 10.136 6.259 6.1 6.317 8.504 22.395 17.113 6.332 4.87 4.047 5.633 9.194 20.14 9.8 6.871 8.693 7.2 8.627 4.246 3.933 16.503 9.788 7.254 5.317 3.324 10.39 12.158 5.016 10.245 7.594 4.279 7.705 3.419
