4.487 6.083 7.019 5.737 6.722 8.812 8.307 6.933 7.854 5.547 7.075 7.042 6.901 7.034 6.77 13.399 12.676 10.25 10.649 8.304 14.939 7.166 6.709 9.719 12.486 12.927 8.686 12.947 15.396 15.415 14.787 16.954 16.71 14.14 12.799 11.964 14.297 17.803 18.277 11.86 12.773 12 14.442 14.75 16.446 19.107 12.503 12.055 12.91 20.764 17.954 16.945 20.64 10.504 11.039 13.671 13.739 12.784 12.078 11.389 14.192 10.915 13.459 15.706 10.004
4.64 6.172 7.067 5.872 6.819 8.79 8.328 7.055 7.942 5.75 7.217 7.198 7.087 7.235 7.003 13.255 12.583 10.368 10.791 8.568 14.857 7.469 7.04 9.941 12.583 13.035 9.044 13.144 15.47 15.522 14.987 17.092 16.869 14.447 13.167 12.333 14.556 17.886 18.35 12.247 13.118 12.349 14.661 14.945 16.542 19.03 12.769 12.326 13.106 20.437 17.788 16.88 20.326 10.752 11.244 13.683 13.739 12.842 12.164 11.489 14.093 11.023 13.418 15.495 10.135
4.906 6.19 6.932 5.792 6.438 8.08 7.861 6.923 7.703 5.633 6.616 6.437 6.13 5.995 5.609 10.074 10.307 8.945 9.407 7.792 13.022 7.245 6.532 8.587 10.731 11.541 8.379 11.658 14.111 14.614 14.364 16.364 16.516 14.566 13.353 12.578 14.741 18.608 19.765 14.174 14.81 13.593 15.358 15.437 17.155 19.625 13.631 12.966 13.575 20.568 19.08 18.844 23.507 13.545 13.598 15.953 15.828 14.72 14.001 12.993 15.182 11.778 13.374 14.836 9.91
5.316 7.194 8.29 6.76 7.918 10.397 9.802 8.177 9.265 6.528 8.31 8.254 8.072 8.212 7.885 15.685 14.832 11.984 12.464 9.715 17.524 8.375 7.816 11.294 14.518 15.04 10.08 15.045 17.915 17.953 17.227 19.779 19.525 16.531 14.968 13.99 16.708 20.817 21.387 13.876 14.942 14.027 16.888 17.259 19.283 22.471 14.719 14.205 15.216 24.56 21.256 20.099 24.571 12.521 13.148 16.283 16.36 15.229 14.399 13.588 16.959 13.032 16.08 18.795 11.978
5.108 6.619 7.542 6.206 7.176 9.444 9.1 7.7 8.637 6.099 7.509 7.425 7.245 7.322 6.991 13.889 13.59 11.352 11.838 9.228 16.316 8.002 7.197 9.941 12.837 13.621 9.331 13.548 16.292 16.704 16.28 18.784 18.759 16.022 14.375 13.198 15.449 19.268 20.145 13.338 13.99 12.932 15.356 15.793 17.808 21.075 14.156 13.453 14.141 22.788 20.275 19.576 24.148 12.61 12.725 15.322 15.418 14.441 13.648 12.826 15.889 12.365 15.084 17.757 11.594
5.438 7.008 7.965 6.67 7.682 9.925 9.538 8.133 9.072 6.591 8.093 8.09 7.974 8.124 7.851 14.947 14.487 12.102 12.601 10.025 17.114 8.757 8.079 11.127 14.291 15.096 10.559 15.088 17.955 18.249 17.678 20.104 19.992 17.187 15.587 14.532 16.962 20.838 21.567 14.619 15.435 14.498 17.134 17.601 19.579 22.596 15.451 14.757 15.502 23.777 20.981 19.921 23.726 12.877 13.075 15.651 15.742 14.769 13.999 13.229 16.035 12.653 15.111 17.426 11.697
4.225 5.376 6.072 5.086 5.793 7.421 7.174 6.147 6.813 4.964 5.993 5.944 5.81 5.863 5.619 10.429 10.275 8.688 9.029 7.204 12.1 6.312 5.758 7.755 9.835 10.429 7.368 10.346 12.304 12.62 12.32 14.032 14.053 12.184 11.062 10.289 11.934 14.637 15.275 10.478 11.005 10.33 12.153 12.543 14.039 16.393 11.413 10.955 11.544 17.76 15.973 15.395 18.57 10.246 10.394 12.396 12.513 11.798 11.226 10.649 12.932 10.306 12.283 14.199 9.642
4.004 5.535 6.41 5.156 6.113 8.157 7.638 6.309 7.22 4.986 6.455 6.394 6.246 6.367 6.101 12.706 11.866 9.442 9.87 7.598 14.222 6.483 6.052 8.928 11.617 12.016 7.864 12.072 14.463 14.432 13.785 15.94 15.685 13.146 11.863 11.06 13.33 16.764 17.164 10.865 11.789 11.008 13.382 13.645 15.315 17.946 11.45 11.056 11.866 19.639 16.707 15.702 19.369 9.521 10.067 12.59 12.593 11.656 10.986 10.332 13.049 9.842 12.31 14.481 8.987
5.032 6.516 7.403 6.169 7.105 9.168 8.781 7.48 8.364 6.058 7.457 7.418 7.279 7.392 7.118 13.529 13.044 10.89 11.362 9.038 15.513 7.893 7.289 10.064 12.819 13.458 9.394 13.48 15.99 16.231 15.757 17.989 17.912 15.425 14.018 13.076 15.286 18.777 19.425 13.143 13.919 13.064 15.444 15.837 17.64 20.452 13.983 13.421 14.163 21.932 19.369 18.51 22.291 12.066 12.342 14.829 14.899 13.975 13.257 12.535 15.273 12.031 14.461 16.716 11.161
5.768 7.682 8.793 7.232 8.406 10.946 10.386 8.747 9.85 6.994 8.755 8.67 8.475 8.593 8.236 15.986 15.211 12.505 13.028 10.206 18.027 8.799 8.156 11.507 14.68 15.29 10.443 15.285 18.118 18.275 17.67 20.282 20.095 17.145 15.528 14.44 17.077 21.176 21.868 14.424 15.41 14.413 17.22 17.636 19.74 23.071 15.382 14.839 15.811 25.302 22.161 21.238 26.071 13.551 14.104 17.267 17.402 16.305 15.472 14.627 18.173 14.122 17.341 20.258 13.128
5.32 7.037 8.058 6.632 7.76 10.245 9.751 8.212 9.278 6.558 8.217 8.181 8.048 8.21 7.903 15.963 15.169 12.438 13.05 10.203 18.264 8.771 8.079 11.397 14.88 15.673 10.641 15.731 18.841 19.033 18.35 21.088 20.878 17.722 16.002 14.844 17.514 21.788 22.46 14.758 15.716 14.629 17.489 17.912 20.058 23.354 15.426 14.743 15.517 24.735 21.354 20.225 24.53 12.668 12.993 15.766 15.798 14.739 13.928 13.103 16.176 12.453 15.207 17.742 11.474
3.993 5.608 6.511 5.225 6.215 8.297 7.747 6.389 7.333 5.027 6.552 6.483 6.336 6.461 6.189 12.898 11.975 9.536 10.002 7.654 14.453 6.471 6.079 9.035 11.744 12.13 7.908 12.217 14.605 14.562 13.93 16.165 15.877 13.27 11.949 11.101 13.432 16.935 17.333 10.868 11.845 11.034 13.459 13.716 15.417 18.1 11.432 11.071 11.916 19.878 16.835 15.881 19.727 9.5 10.13 12.733 12.75 11.799 11.118 10.445 13.262 9.957 12.544 14.775 9.061
4.769 6.338 7.246 5.948 6.93 9.051 8.576 7.216 8.15 5.798 7.279 7.216 7.058 7.171 6.884 13.548 12.842 10.489 10.966 8.632 15.331 7.471 6.938 9.824 12.585 13.095 8.906 13.141 15.624 15.721 15.156 17.399 17.259 14.728 13.382 12.507 14.792 18.31 18.834 12.432 13.32 12.488 14.921 15.255 17.039 19.838 13.223 12.759 13.575 21.584 18.769 17.835 21.734 11.38 11.832 14.455 14.49 13.526 12.815 12.11 14.977 11.599 14.177 16.504 10.719
4.315 5.477 6.153 5.14 5.859 7.564 7.437 6.419 7.101 5.146 6.166 6.102 5.984 6.076 5.852 11.001 11.308 9.712 10.048 7.949 13.254 6.953 6.285 8.356 10.564 11.494 8.236 11.543 13.784 14.382 14.132 16.04 16.049 13.869 12.454 11.441 13.15 16.159 17.079 11.727 12.192 11.319 13.223 13.69 15.422 18.13 12.596 11.938 12.396 18.87 17.082 16.368 19.501 10.623 10.56 12.349 12.381 11.677 11.082 10.461 12.654 10.061 11.915 13.742 9.335
4.835 6.182 7.03 5.825 6.721 8.94 8.731 7.39 8.233 5.801 7.052 7.016 6.889 6.983 6.683 13.516 13.572 11.368 11.79 9.134 16.091 7.907 7.033 9.525 12.595 13.714 9.406 13.491 16.478 17.078 16.612 19.082 19.049 16.2 14.416 13.142 15.312 19.253 20.298 13.416 13.903 12.79 15.177 15.744 17.851 21.181 14.163 13.296 13.8 22.18 19.78 18.955 23.098 11.941 11.838 14.096 14.267 13.387 12.622 11.825 14.579 11.346 13.703 16.165 10.582
4.219 5.289 5.932 4.99 5.613 7.039 6.772 5.881 6.679 4.953 5.801 5.623 5.299 5.136 4.769 8.319 8.481 7.406 7.737 6.229 10.608 5.882 5.238 6.87 8.544 9.062 6.604 9.32 11.417 12.379 12.388 14.138 14.306 12.309 10.99 10.104 11.862 14.837 16.26 11.737 12.675 11.975 13.829 13.949 15.219 17.552 12.341 11.495 11.721 17.584 16.23 15.955 19.932 11.65 11.984 14.24 14.345 13.453 12.664 11.827 14.334 11.346 13.022 14.392 9.506
3.981 5.053 5.681 4.739 5.385 6.926 6.81 5.906 6.545 4.758 5.685 5.614 5.488 5.569 5.368 9.997 10.292 8.929 9.274 7.355 12.171 6.42 5.812 7.719 9.665 10.46 7.569 10.619 12.634 13.169 13.01 14.777 14.779 12.804 11.524 10.589 12.126 14.823 15.66 10.832 11.284 10.487 12.198 12.603 14.192 16.703 11.681 11.101 11.531 17.417 15.758 15.139 18.019 9.865 9.813 11.439 11.405 10.749 10.219 9.657 11.659 9.289 10.986 12.63 8.605
4.559 5.827 6.642 5.46 6.306 8.483 8.286 6.968 7.774 5.388 6.538 6.469 6.313 6.358 6.031 12.522 12.568 10.48 10.879 8.327 14.992 7.16 6.276 8.485 11.336 12.389 8.368 12.088 14.889 15.479 15.076 17.457 17.462 14.796 13.107 11.869 13.872 17.641 18.693 12.187 12.587 11.496 13.713 14.283 16.354 19.705 13.047 12.229 12.715 21.105 18.911 18.301 22.76 11.537 11.41 13.665 13.902 13.065 12.316 11.521 14.387 11.133 13.592 16.239 10.484
5.73 7.379 8.369 7.082 8.1 10.231 9.776 8.407 9.35 6.967 8.536 8.532 8.414 8.573 8.324 14.901 14.335 12.047 12.485 10.117 16.705 8.962 8.439 11.534 14.367 14.915 10.711 15.016 17.516 17.655 17.148 19.375 19.205 16.696 15.328 14.425 16.779 20.324 20.906 14.474 15.354 14.537 17.006 17.364 19.096 21.786 15.174 14.65 15.492 23.312 20.681 19.756 23.467 13.126 13.587 16.246 16.359 15.4 14.654 13.904 16.759 13.426 16.036 18.338 12.464
4.252 5.523 6.276 5.253 6.03 7.692 7.339 6.266 6.989 5.116 6.292 6.258 6.138 6.228 6.004 11.033 10.593 8.841 9.176 7.348 12.392 6.441 6.008 8.271 10.378 10.791 7.612 10.803 12.679 12.799 12.419 14.111 14.011 12.115 11.067 10.368 12.115 14.794 15.261 10.408 11.057 10.425 12.283 12.571 13.934 16.075 11.07 10.693 11.347 17.465 15.49 14.857 17.91 9.806 10.157 12.25 12.352 11.625 11.067 10.503 12.808 10.17 12.26 14.148 9.489
4.733 6.32 7.291 5.93 6.966 9.318 8.882 7.408 8.392 5.799 7.326 7.261 7.104 7.219 6.903 14.308 13.734 11.223 11.697 8.959 16.503 7.673 6.946 9.949 13.049 13.78 9.179 13.744 16.592 16.861 16.295 18.889 18.706 15.742 14.045 12.868 15.307 19.341 20.12 12.893 13.648 12.583 15.166 15.574 17.608 20.871 13.52 12.828 13.565 22.525 19.625 18.762 23.289 11.555 11.787 14.462 14.567 13.579 12.788 11.971 15.06 11.489 14.269 16.907 10.65
4.676 5.779 6.495 5.434 6.329 7.962 7.737 6.653 7.442 5.381 6.608 6.5 6.185 6.441 6.177 11.375 11.406 9.735 10.138 8.123 13.604 7.223 6.488 8.726 10.838 11.832 8.325 11.639 14.025 14.479 14.173 16.262 16.527 14.453 13.179 12.214 14.059 17.132 17.8 11.957 12.315 11.886 13.765 13.963 15.629 17.976 12.742 12.198 12.668 19.212 17.306 16.725 20.052 11.042 10.902 12.882 12.797 11.982 11.641 10.828 12.989 10.28 12.087 13.794 9.251
5.149 6.727 7.663 6.42 7.391 9.434 8.982 7.663 8.568 6.285 7.778 7.759 7.634 7.774 7.525 13.853 13.258 11.034 11.457 9.184 15.537 8.066 7.576 10.508 13.197 13.695 9.657 13.77 16.149 16.257 15.749 17.884 17.711 15.289 13.979 13.119 15.366 18.758 19.293 13.119 13.973 13.19 15.55 15.881 17.547 20.146 13.795 13.32 14.134 21.693 19.113 18.229 21.854 11.901 12.368 14.929 15.025 14.104 13.399 12.694 15.453 12.239 14.757 16.981 11.334
6.166 8.06 8.983 7.305 8.034 10.191 9.779 8.287 9.653 6.657 8.305 8.207 7.745 7.714 7.241 13.718 13.794 11.464 12.009 9.534 16.271 8.377 7.388 10.252 13.071 13.433 9.349 13.251 15.85 15.86 16.11 18.5 18.672 16.343 14.782 13.405 15.484 19.37 20.336 14.042 14.594 13.602 16.052 16.558 18.591 21.233 14.397 14.656 15.258 23.426 21.499 20.343 25.758 14.403 14.447 17.036 17.035 16.281 15.206 14.091 17.571 14.124 16.359 18.704 12.529
4.392 5.554 6.26 5.268 5.983 7.648 7.469 6.46 7.156 5.26 6.311 6.271 6.153 6.242 6.028 11.103 11.234 9.67 10.071 8.083 13.339 7.11 6.473 8.632 10.882 11.651 8.392 11.712 13.956 14.434 14.175 16.084 16.099 13.972 12.641 11.708 13.451 16.375 17.129 11.878 12.41 11.632 13.577 13.999 15.634 18.195 12.763 12.17 12.704 19.091 17.113 16.329 19.327 10.696 10.697 12.542 12.534 11.763 11.155 10.55 12.689 10.131 11.943 13.682 9.354
4.694 6.095 6.911 5.727 6.581 8.505 8.132 6.906 7.714 5.528 6.762 6.677 6.504 6.549 6.243 11.907 11.427 9.504 9.932 7.843 13.539 6.764 6.202 8.485 10.819 11.358 7.851 11.26 13.359 13.563 13.167 15.08 15.036 12.947 11.768 10.951 12.808 15.793 16.376 11.028 11.711 10.96 13.008 13.39 15.039 17.634 12.041 11.644 12.347 19.471 17.277 16.7 20.469 11.022 11.364 13.742 13.888 13.094 12.485 11.86 14.608 11.504 13.946 16.252 10.824
4.076 5.177 5.799 4.824 5.511 7.177 7.071 6.05 6.686 4.776 5.726 5.644 5.516 5.568 5.315 10.194 10.528 8.938 9.212 7.212 12.25 6.296 5.632 7.454 9.525 10.437 7.34 10.315 12.425 13.03 12.77 14.577 14.65 12.608 11.262 10.293 11.879 14.775 15.726 10.634 11.006 10.144 11.917 12.39 14.067 16.735 11.524 10.896 11.318 17.728 16.265 15.7 19.046 10.209 10.147 11.93 12.068 11.414 10.823 10.196 12.46 9.87 11.804 13.799 9.274
6.117 7.838 8.893 7.484 8.58 10.97 10.534 9.016 10.028 7.369 9.02 9.02 8.885 9.046 8.754 16.243 15.725 13.171 13.688 10.986 18.464 9.659 8.96 12.311 15.629 16.406 11.586 16.425 19.418 19.689 19.088 21.64 21.541 18.616 16.963 15.894 18.52 22.609 23.36 16.007 16.919 15.976 18.812 19.304 21.383 24.563 17.008 16.3 17.173 26.004 23.082 21.947 26.025 14.412 14.677 17.545 17.656 16.594 15.759 14.931 17.996 14.331 17.025 19.534 13.275
4.736 6.239 6.933 5.567 6.035 7.685 7.4 6.254 7.46 5.022 6.35 6.322 5.915 5.882 5.486 10.625 10.893 9.09 9.56 7.556 13.052 6.648 5.745 7.936 10.331 10.686 7.364 10.491 12.644 12.642 12.974 14.979 15.165 13.251 11.918 10.688 12.278 15.456 16.283 11.183 11.522 10.627 12.477 12.799 14.304 16.209 10.758 10.972 11.374 17.439 16.012 15.02 19.173 10.618 10.495 12.209 12.066 11.494 10.6 9.631 11.993 9.656 11.056 12.583 8.296
4.522 6.078 7.057 5.656 6.725 9.278 8.801 7.264 8.303 5.559 7.047 6.959 6.797 6.894 6.538 14.748 13.878 11.183 11.809 8.867 17.209 7.428 6.61 9.512 12.974 13.859 8.961 13.777 16.914 17.176 16.537 19.4 19.149 15.926 14.136 12.838 15.369 19.772 20.53 12.816 13.589 12.36 15.091 15.559 17.855 21.486 13.48 12.758 13.413 23.321 19.766 18.895 23.886 11.346 11.522 14.222 14.31 13.3 12.496 11.644 14.903 11.078 13.983 16.794 10.262
