4.862 6.556 9.418 6.559 10.909 16.1 12.384 9.289 9.367 7.232 11.782 10.477 8.14 9.02 8.558 29.983 26.126 16.398 20.719 16.414 29.445 10.342 8.664 15.97 20.705 26.471 15.739 21.468 28.99 30.115 26.361 29.883 37.45 23.03 16.108 18.104 27.355 31.371 28.538 14.134 14.318 14.569 19.258 17.159 27.55 37.459 16.009 12.523 15.729 25.857 20.596 27.831 19.978 10.854 9.187 13.303 13.009 9.99 9.253 11.458 14.615 10.409 11.994 16.208 8.906
4.701 6.458 9.283 6.569 10.901 16.124 12.587 9.564 9.695 7.539 12.108 10.685 8.382 9.355 8.921 30.321 26.304 16.384 20.232 15.708 27.085 9.457 8.077 14.642 18.892 24.346 14.722 20.2 27.036 27.81 24.011 26.638 32.485 19.692 13.852 15.616 23.434 27.064 24.864 12.58 12.968 13.4 17.82 16.163 26.326 36.021 15.446 12.353 15.587 25.053 19.748 26.309 18.845 10.353 8.931 12.923 12.722 9.923 9.429 11.854 15.354 11.154 13.058 17.623 9.888
5.238 7.258 10.8 7.497 12.988 19.42 14.517 10.713 10.835 8.339 14.129 12.465 9.666 10.911 10.421 38.658 31.158 18.663 23.41 18.08 32.964 10.902 9.246 17.918 23.738 30.363 17.472 24.371 32.905 33.382 28.496 32.115 39.691 23.419 16.293 18.724 29.248 33.637 30.176 14.593 15.021 15.591 21.225 18.941 31.248 41.821 16.818 13.079 16.675 28.149 21.918 29.818 20.788 11.051 9.425 14.122 14.073 10.836 10.222 13.004 17.039 11.997 14.12 19.399 10.377
4.928 6.653 9.487 6.637 10.955 16.307 12.806 9.712 9.809 7.576 12.178 10.759 8.376 9.267 8.762 30.437 27.271 17.313 21.683 17.009 29.856 10.401 8.722 15.68 20.168 25.95 15.622 21.387 28.923 30.208 26.407 29.661 36.785 22.411 15.625 17.429 26.047 30 27.528 13.8 14.02 14.304 18.869 16.952 27.559 38.274 16.552 13.118 16.464 26.74 21.18 28.481 20.465 11.121 9.433 13.523 13.195 10.137 9.467 11.748 15.127 10.885 12.653 17.135 9.564
3.63 4.996 7.491 5.076 9.013 13.928 10.363 7.567 7.609 5.72 9.853 8.599 6.552 7.357 6.937 28.252 22.842 13.579 17.362 13.224 25.095 7.85 6.471 12.611 16.862 22.07 12.385 17.523 24.156 24.81 21.195 24.17 30.565 17.631 11.982 13.618 21.59 25.098 22.549 10.541 10.682 10.924 15.006 13.313 22.871 32.025 12.488 9.591 12.268 21.511 16.68 23.514 16.249 8.379 6.958 10.44 10.321 7.801 7.264 9.289 12.397 8.59 10.169 14.26 7.412
3.913 5.309 7.559 5.285 8.712 12.999 10.281 7.858 7.981 6.173 9.877 8.663 6.733 7.451 7.045 24.446 22.073 14.047 17.606 13.683 23.745 8.188 6.89 12.313 15.674 20.225 12.273 16.944 22.97 23.991 20.938 23.424 28.86 17.464 12.168 13.544 20.093 23.141 21.393 10.784 11.024 11.262 14.817 13.312 21.78 30.682 13.292 10.611 13.353 21.513 16.901 22.693 16.298 8.881 7.567 10.823 10.504 8.064 7.552 9.394 12.133 8.788 10.29 13.998 7.847
3.799 5.301 7.982 5.488 9.717 14.75 10.877 7.958 8.039 6.127 10.548 9.257 7.136 8.078 7.694 30.067 23.538 13.807 17.438 13.318 24.777 7.894 6.669 13.158 17.656 22.826 12.856 18.144 24.687 24.93 21.082 23.799 29.534 17.07 11.786 13.623 21.664 25.006 22.306 10.586 10.915 11.35 15.674 13.983 23.589 31.761 12.37 9.578 12.28 21.144 16.304 22.455 15.436 8.082 6.859 10.398 10.39 7.975 7.533 9.678 12.843 8.952 10.6 14.72 7.735
4.155 5.864 8.841 5.993 10.683 16.175 11.834 8.677 8.82 6.695 11.612 10.067 7.712 8.736 8.27 32.832 25.414 14.946 19.292 14.742 27.914 8.704 7.382 14.649 19.427 25.021 13.943 19.9 27.174 27.501 23.348 26.609 33.363 19.194 13.269 15.381 24.442 28.031 24.941 11.751 12.186 12.641 17.455 15.446 26.331 35.858 13.853 10.858 14.117 24.635 18.872 26.395 18.122 9.462 8.046 12.254 12.131 9.224 8.685 11.158 14.787 10.196 12.12 16.869 8.745
4.376 6.083 9.19 6.303 11.148 16.912 12.516 9.131 9.218 7.024 12.142 10.664 8.192 9.273 8.838 34.403 27.503 16.243 20.481 15.655 29.18 9.324 7.802 15.434 20.611 26.555 15.016 21.145 28.817 29.275 24.907 28.218 35.159 20.405 13.987 16.06 25.446 29.416 26.323 12.421 12.714 13.158 18.092 16.062 27.01 36.658 14.335 10.977 14.057 24.32 18.831 26.03 17.945 9.333 7.861 11.924 11.898 9.076 8.529 10.947 14.516 10.111 11.978 16.676 8.717
3.399 4.702 6.919 4.737 8.217 12.546 9.352 6.913 6.973 5.287 8.885 7.764 5.961 6.656 6.26 24.422 19.638 11.755 15.159 11.662 21.896 6.977 5.886 11.159 14.844 19.371 10.935 15.406 21.101 21.638 18.526 21.107 26.645 15.549 10.789 12.301 19.278 22.322 20.058 9.588 9.823 10.082 13.737 12.28 20.878 29.038 11.499 9.111 11.701 20.215 15.79 22.126 15.457 8.189 6.937 10.279 10.17 7.777 7.29 9.232 12.173 8.512 10.009 13.817 7.324
3.715 5.054 7.435 5.084 8.873 13.869 10.491 7.72 7.723 5.803 9.749 8.565 6.558 7.302 6.864 27.781 23.071 13.837 17.586 13.414 25.148 7.993 6.586 12.38 16.602 22.041 12.511 17.543 24.219 25.049 21.439 24.326 30.739 17.836 12.154 13.655 21.424 25.115 22.721 10.753 10.826 10.993 14.955 13.397 23.02 32.672 12.915 10 12.63 21.802 17.08 23.992 16.713 8.711 7.228 10.595 10.447 7.945 7.394 9.362 12.463 8.746 10.292 14.363 7.61
5.019 6.764 9.582 6.671 10.967 16.443 13.126 10.081 10.252 7.915 12.616 11.021 8.527 9.4 8.86 30.959 28.579 18.387 23.119 17.916 30.951 10.612 8.868 15.738 19.928 25.796 15.766 21.876 29.844 31.342 27.432 30.706 37.84 22.855 15.847 17.529 25.849 29.772 27.7 13.99 14.262 14.505 18.98 16.979 27.812 39.693 17.319 13.796 17.29 27.715 21.655 29.077 20.921 11.37 9.637 13.706 13.217 10.083 9.392 11.647 15.06 10.934 12.832 17.549 9.86
3.989 5.696 8.503 5.828 10.168 14.938 10.965 8.134 8.341 6.444 11.02 9.563 7.401 8.409 8.003 29.461 22.812 13.584 17.483 13.552 25.059 8.121 7.064 13.899 18.076 22.78 12.918 18.295 24.62 24.79 21.145 24.016 29.819 17.501 12.338 14.42 22.532 25.538 22.714 10.978 11.56 12.103 16.535 14.642 24.284 32.33 12.853 10.276 13.451 22.934 17.653 24.257 16.86 9.029 7.859 11.948 11.816 9.069 8.606 10.99 14.308 9.95 11.781 16.12 8.516
4.472 6.185 9.385 6.427 11.42 17.447 12.91 9.371 9.429 7.159 12.43 10.936 8.376 9.476 9.031 35.664 28.696 16.873 21.204 16.161 30.239 9.613 7.968 15.83 21.268 27.524 15.523 21.845 29.879 30.42 25.864 29.309 36.6 21.191 14.421 16.505 26.262 30.498 27.317 12.798 13.018 13.444 18.529 16.448 27.77 37.884 14.739 11.17 14.262 24.821 19.248 26.673 18.364 9.477 7.925 12.044 12.047 9.171 8.599 11.061 14.735 10.25 12.145 16.982 8.833
3.758 5.126 7.691 5.315 9.417 14.657 10.948 7.939 7.899 5.954 10.178 9.038 6.959 7.826 7.445 29.931 24.247 14.121 17.482 13.25 24.626 7.867 6.495 12.67 17.422 23.077 13.049 18.214 24.958 25.384 21.389 23.996 29.85 17.206 11.703 13.347 21.408 25.214 22.657 10.663 10.764 11.077 15.314 13.777 23.419 31.982 12.401 9.376 11.764 20.265 15.794 21.803 15.006 7.76 6.456 9.689 9.759 7.514 7.071 9.087 12.199 8.562 10.089 14.095 7.436
5.119 7.082 10.359 7.231 12.395 18.837 14.28 10.615 10.686 8.185 13.524 11.958 9.307 10.431 9.907 36.855 30.367 18.201 22.743 17.515 31.628 10.505 8.904 16.586 22.065 28.902 16.693 23.143 31.366 32.1 27.366 30.616 37.926 22.404 15.576 17.668 27.385 31.925 28.859 14.056 14.406 14.861 20.17 18.281 30.625 41.991 16.995 13.421 17.011 28.421 22.394 30.514 21.453 11.502 9.801 14.359 14.268 11.077 10.493 13.299 17.474 12.443 14.601 19.964 10.846
3.737 5.096 7.402 5.134 8.772 13.553 10.45 7.78 7.796 5.918 9.706 8.565 6.633 7.39 6.985 26.61 22.855 13.857 17.275 13.214 23.888 7.894 6.577 12.078 16.002 21.255 12.394 17.174 23.453 24.29 20.825 23.329 29.065 17.131 11.767 13.16 20.26 23.828 21.764 10.544 10.665 10.859 14.602 13.199 22.311 31.476 12.794 9.992 12.525 20.874 16.47 22.651 15.956 8.466 7.106 10.281 10.113 7.779 7.304 9.217 12.161 8.683 10.198 14.059 7.637
4.112 5.53 7.959 5.509 9.275 14.173 11.042 8.273 8.305 6.325 10.318 9.103 7.03 7.779 7.328 27.332 24.201 15.063 18.933 14.669 26.433 8.897 7.354 13.372 17.469 22.858 13.481 18.59 25.418 26.574 23.088 26.053 32.656 19.545 13.435 14.937 22.683 26.401 24.173 11.818 11.885 12.037 15.999 14.339 23.856 33.77 14.148 11.048 13.829 22.964 18.175 24.929 17.766 9.469 7.914 11.372 11.103 8.467 7.862 9.801 12.788 9.122 10.644 14.623 8.005
4.318 5.845 8.265 5.787 9.476 13.962 11.174 8.736 9.065 7.102 11.344 9.763 7.486 8.219 7.754 26.333 24.277 15.883 20.305 15.637 26.224 8.901 7.527 13.399 16.647 20.925 12.953 18.438 25.388 26.315 23.003 25.785 31.28 18.79 13.155 14.658 21.288 23.937 22.471 11.618 12.095 12.458 16.241 14.355 23.181 33.437 14.902 12.132 15.457 24.482 18.634 24.62 17.876 9.866 8.5 12.169 11.67 8.856 8.231 10.168 13.103 9.615 11.41 15.713 8.921
4.229 5.842 8.431 5.927 9.921 14.906 11.614 8.782 8.882 6.849 11.025 9.698 7.593 8.498 8.091 28.48 24.651 15.141 18.692 14.378 25.059 8.624 7.351 13.326 17.217 22.572 13.519 18.624 24.972 25.738 22.141 24.547 30.062 18.085 12.646 14.204 21.376 24.96 22.972 11.463 11.779 12.106 16.109 14.64 24.292 33.759 14.157 11.287 14.235 22.977 18.182 24.499 17.488 9.541 8.195 11.813 11.585 9.025 8.584 10.828 14.108 10.223 12.012 16.29 9.05
3.687 5.305 8.174 5.551 10.051 15.089 10.841 7.859 8.015 6.122 10.866 9.439 7.24 8.303 7.937 31.39 23.527 13.525 17.279 13.108 24.874 7.655 6.579 13.598 18.154 23.134 12.76 18.319 24.865 24.773 20.797 23.623 29.252 16.603 11.491 13.56 21.901 25.041 22.074 10.273 10.787 11.345 15.859 13.98 23.683 31.323 11.742 9.083 11.911 20.919 15.846 21.974 14.814 7.669 6.596 10.326 10.342 7.891 7.492 9.749 12.957 8.887 10.638 14.851 7.58
3.762 4.909 6.695 4.609 7.116 9.912 7.753 5.95 5.975 4.625 7.132 6.178 4.675 4.928 4.451 13.617 12.562 8.591 11.162 9.362 17.216 6.606 5.577 9.799 12.574 16.602 10.719 14.673 20.001 21.27 18.578 20.585 26.125 17.082 12.402 14.06 21.183 25.311 24.069 12.393 12.359 12.34 15.598 13.636 20.801 27.732 12.296 9.709 12.005 19.283 15.805 21.863 16.708 9.402 7.998 11.333 11.063 8.567 7.921 9.583 11.976 8.583 9.586 12.308 6.754
4.029 5.394 7.934 5.43 9.432 14.708 11.252 8.268 8.244 6.195 10.413 9.19 7.025 7.807 7.353 29.424 25.309 15.369 19.34 14.82 27.497 8.924 7.229 13.572 18.132 23.938 13.767 19.147 26.442 27.554 23.764 26.961 34.085 20.035 13.538 15.07 23.459 27.499 25.012 11.865 11.804 11.918 16.103 14.363 24.382 34.651 14.005 10.651 13.313 22.821 17.979 25.077 17.625 9.143 7.495 10.939 10.766 8.144 7.524 9.495 12.62 8.879 10.421 14.572 7.755
3.724 5.07 7.202 5.091 8.351 12.225 9.769 7.652 7.953 6.244 9.952 8.542 6.565 7.235 6.864 23.081 20.989 13.655 17.345 13.279 21.998 7.561 6.451 11.528 14.322 17.904 11.169 15.963 21.78 22.283 19.453 21.729 26.11 15.745 11.101 12.425 18.003 20.21 19.082 9.931 10.387 10.734 13.99 12.379 19.961 28.761 12.791 10.447 13.324 20.92 15.904 20.977 15.319 8.51 7.378 10.581 10.171 7.761 7.253 8.999 11.641 8.597 10.221 14.032 7.979
4.679 6.392 9.24 6.401 10.877 17.032 13.453 10.096 10.098 7.612 12.245 10.721 8.317 9.287 8.792 33.423 30.07 18.283 22.401 16.83 29.775 9.905 8.24 14.875 19.451 26.533 15.854 22.012 29.906 31.157 26.71 29.572 36.53 21.543 14.699 16.236 24.632 29.515 27.533 13.379 13.485 13.595 18.028 16.354 28.022 40.619 16.542 12.854 15.9 25.764 20.354 28.1 19.885 10.534 8.809 12.548 12.18 9.373 8.847 11.221 14.916 10.792 12.778 17.685 9.662
4.477 6.358 9.473 6.492 11.323 16.712 12.269 9.096 9.311 7.171 12.229 10.612 8.2 9.291 8.82 32.756 25.441 15.065 19.439 15.072 27.932 9.034 7.826 15.318 20.023 25.35 14.328 20.295 27.393 27.631 23.548 26.744 33.308 19.565 13.779 16.078 25.152 28.566 25.416 12.29 12.911 13.502 18.474 16.4 27.307 36.513 14.547 11.65 15.227 25.999 20.068 27.595 19.246 10.317 8.961 13.572 13.44 10.327 9.794 12.495 16.298 11.337 13.395 18.329 9.705
4.64 6.217 8.835 6.13 10.174 15.528 12.386 9.421 9.495 7.251 11.594 10.164 7.854 8.661 8.156 29.595 27.413 17.417 21.753 16.746 29.304 9.963 8.237 14.658 18.842 24.817 15.046 20.814 28.472 29.949 26.123 29.243 36.268 21.786 14.966 16.478 24.551 28.635 26.652 13.263 13.367 13.489 17.696 15.859 26.287 37.792 16.204 12.715 15.784 25.484 20.02 27.17 19.495 10.466 8.761 12.423 12 9.143 8.499 10.569 13.781 9.974 11.693 16.071 8.946
3.879 5.574 8.28 5.691 9.829 14.24 10.453 7.788 8.022 6.242 10.607 9.193 7.135 8.115 7.733 27.485 21.335 12.739 16.401 12.807 23.474 7.731 6.806 13.351 17.198 21.445 12.234 17.277 23.12 23.241 19.869 22.553 27.939 16.557 11.779 13.835 21.468 24.206 21.519 10.511 11.156 11.734 15.954 14.124 23.159 30.587 12.313 9.95 13.1 22.15 17.095 23.345 16.339 8.851 7.796 11.858 11.716 9.021 8.592 10.946 14.141 9.857 11.652 15.823 8.418
4.357 5.928 8.682 6.047 10.43 16.142 12.363 9.13 9.106 6.904 11.418 10.131 7.858 8.784 8.34 32.006 27.096 16.205 19.975 15.225 27.514 9.084 7.547 14.081 18.981 25.267 14.68 20.305 27.689 28.468 24.226 27.021 33.498 19.662 13.468 15.146 23.634 27.899 25.404 12.254 12.374 12.651 17.166 15.55 26.229 36.402 14.645 11.285 14.065 23.493 18.484 25.292 17.712 9.341 7.817 11.413 11.348 8.774 8.27 10.512 13.966 9.963 11.702 16.165 8.75
4.237 6.138 9.416 6.389 11.563 17.235 12.326 8.987 9.218 7.063 12.485 10.795 8.303 9.536 9.102 35.605 26.304 15.004 19.338 14.77 27.889 8.628 7.499 15.45 20.545 26.038 14.315 20.62 27.933 27.695 23.179 26.288 32.508 18.532 12.949 15.406 24.809 28.142 24.688 11.616 12.334 13.045 18.254 16.112 27.237 35.678 13.478 10.604 13.988 24.376 18.394 25.333 17.156 8.977 7.808 12.206 12.184 9.33 8.902 11.575 15.325 10.491 12.553 17.441 8.962
