4.049 8.293 7.592 4.314 9 8.94 11.885 11.52 14.428 5.106 6.576 18.838 11.649 8.276 5.107 12.739 15.896 15.129 12.854 10.425 13.944 6.461 6.291 7.243 9.569 10.23 6.218 7.677 8.897 13.57 13.554 22.061 12.395 15.322 15.825 14.342 14.033 21.741 20.293 10.439 12.41 10.515 12.656 23.535 30.587 23.039 9.774 10.695 26.908 18.71 16.417 18.387 25.377 15.243 16.979 13.8 10.417 19.993 17.034 10.99 15.705 12.616 13.362 11.484 11.017
3.985 8.458 7.676 4.175 9.188 9.082 12.299 11.799 14.942 4.913 6.294 19.779 11.602 8.013 4.728 12.641 15.902 14.939 12.462 9.894 13.463 5.867 5.606 6.488 8.784 9.408 5.479 6.78 7.917 12.457 12.323 20.64 11.007 13.716 14.101 12.613 12.259 19.588 18.022 8.819 10.5 8.739 10.663 20.887 27.414 20.067 8.049 8.69 23.804 15.92 13.826 15.589 22.044 12.693 14.22 11.34 8.352 16.97 14.226 8.877 12.992 10.247 10.9 9.244 8.818
4.839 9.774 8.928 4.966 10.41 10.439 14.03 13.661 17.198 5.935 7.438 21.955 13.69 9.537 5.695 14.309 18.246 17.501 14.748 11.76 15.673 7.112 6.744 7.689 10.224 11.016 6.605 8.073 9.377 14.555 14.704 24.394 13.628 16.663 17.169 15.473 15.034 23.546 22.136 11.156 13.013 10.888 13.072 24.939 33.327 25.163 10.343 10.98 28.251 19.815 17.219 19.174 26.737 15.927 17.532 14.084 10.438 20.265 17.4 11.058 15.742 12.589 13.276 11.33 10.785
2.68 6.373 5.698 3.129 7.172 6.818 8.841 8.33 10.295 3.383 4.887 14.243 8.373 5.795 3.598 10.068 11.94 10.955 9.126 7.398 10.256 4.559 4.805 5.92 7.96 8.319 4.902 6.498 7.648 11.515 11.079 17.616 9.502 12.061 12.494 11.247 11.087 17.35 15.804 7.775 9.92 8.509 10.567 19.339 23.819 17.227 6.833 8.21 21.596 14.231 12.243 13.89 19.07 11.017 12.584 10.188 7.727 15.693 12.789 7.962 11.996 9.443 10.154 8.701 8.474
3.386 8.095 7.135 3.886 9.139 8.621 11.352 10.676 13.318 4.349 6.236 18.91 10.725 7.409 4.606 13.261 15.681 14.285 11.901 9.678 13.573 5.933 6.213 7.627 10.386 10.906 6.37 8.487 10.035 15.454 14.832 24.105 12.736 16.387 16.952 15.208 15.002 23.821 21.466 10.482 13.428 11.383 14.195 26.591 32.66 23.196 9.262 11.03 29.728 18.984 16.309 18.631 25.759 14.611 16.797 13.497 10.158 20.996 16.821 10.416 15.836 12.287 13.23 11.268 10.949
2.929 6.901 6.168 3.178 7.783 7.557 10.436 9.86 12.684 3.777 5.071 17.97 9.797 6.551 3.731 11.452 14.355 13.219 10.833 8.493 12.092 4.887 4.77 5.787 8.215 8.829 4.892 6.331 7.612 12.52 12.205 21.226 10.601 13.661 14.122 12.532 12.239 20.507 18.503 8.492 10.516 8.682 10.966 22.699 29.531 20.64 7.653 8.476 25.961 16.275 13.899 15.917 23.072 12.504 14.288 11.166 8.042 17.783 14.354 8.539 13.119 10.045 10.805 9.03 8.629
3.047 6.576 5.973 3.223 7.235 7.178 9.739 9.39 11.911 3.883 5.011 15.907 9.507 6.5 3.802 10.424 13.232 12.542 10.462 8.283 11.345 4.935 4.75 5.603 7.694 8.306 4.836 6.086 7.207 11.458 11.438 19.284 10.38 12.913 13.351 11.979 11.675 18.777 17.444 8.471 10.117 8.447 10.377 20.4 26.972 19.84 7.775 8.38 23.088 15.584 13.402 15.056 21.277 12.251 13.633 10.835 7.935 16.235 13.625 8.416 12.34 9.71 10.319 8.74 8.342
3.245 6.815 6.174 3.511 7.436 7.257 9.544 9.16 11.385 4.031 5.313 15.089 9.157 6.511 4.073 10.362 12.616 11.868 10.072 8.216 11.061 5.127 5.097 5.964 7.905 8.392 5.104 6.413 7.462 11.317 11.167 17.989 10.061 12.546 12.957 11.742 11.53 17.815 16.47 8.486 10.275 8.749 10.601 19.462 24.672 18.394 7.832 8.762 22.01 15 13.134 14.758 20.202 12.068 13.533 11.014 8.363 16.134 13.518 8.714 12.568 10.037 10.66 9.166 8.834
3.229 7.471 6.628 3.627 8.356 7.958 10.528 9.957 12.449 4.107 5.725 17.347 9.957 6.912 4.26 11.982 14.321 13.176 11.018 8.93 12.411 5.455 5.596 6.781 9.211 9.716 5.699 7.464 8.802 13.587 13.144 21.46 11.442 14.612 15.104 13.57 13.359 21.187 19.221 9.455 11.905 10.071 12.494 23.523 29.298 21.071 8.486 9.871 26.506 17.16 14.824 16.876 23.392 13.384 15.289 12.286 9.224 18.895 15.308 9.541 14.345 11.19 12.013 10.235 9.91
2.792 6.834 6.049 3.346 7.673 7.179 9.118 8.525 10.41 3.497 5.265 14.648 8.623 5.96 3.83 10.647 12.314 11.097 9.226 7.58 10.529 4.77 5.196 6.437 8.522 8.784 5.217 7.031 8.22 12.102 11.49 17.813 9.684 12.366 12.833 11.572 11.458 17.682 16.01 7.981 10.453 9.053 11.23 19.94 23.938 17.212 6.974 8.788 22.379 14.696 12.576 14.331 19.433 11.314 13.052 10.691 8.248 16.573 13.389 8.391 12.757 10.054 10.832 9.332 9.156
4.911 9.776 8.943 5.169 10.383 10.294 13.47 13.128 16.297 6.007 7.673 20.685 13.264 9.489 5.946 14.133 17.45 16.709 14.278 11.637 15.293 7.304 7.101 8.08 10.411 11.018 6.815 8.32 9.522 14.135 14.142 22.53 13.076 15.934 16.422 14.913 14.557 22.036 20.748 10.932 12.868 10.949 12.988 23.34 30.345 23.391 10.186 11.137 26.639 19.029 16.721 18.605 25.326 15.619 17.255 14.144 10.778 20.005 17.229 11.297 15.896 12.9 13.597 11.753 11.279
2.404 5.52 4.933 2.675 6.175 5.947 7.919 7.52 9.436 3.067 4.215 13.024 7.559 5.208 3.145 8.896 10.82 10.042 8.373 6.722 9.331 4.065 4.117 4.993 6.833 7.258 4.231 5.514 6.534 10.181 9.93 16.356 8.714 11.048 11.424 10.252 10.063 16.056 14.659 7.134 8.877 7.488 9.294 17.731 22.423 16.194 6.386 7.291 19.864 12.993 11.183 12.669 17.658 10.08 11.425 9.133 6.793 13.998 11.437 7.07 10.586 8.267 8.857 7.527 7.262
3.206 7.43 6.662 3.674 8.459 8.127 10.703 10.146 12.625 4.187 5.885 17.65 10.342 7.192 4.447 12.528 15.092 13.967 11.68 9.464 13.143 5.853 6.075 7.472 10.21 10.829 6.415 8.471 10.062 15.477 15.048 24.33 13.1 16.571 17.133 15.401 15.146 23.839 21.694 10.683 13.401 11.403 14.13 26.259 32.471 23.331 9.294 10.779 28.512 18.66 16.017 18.069 24.79 14.249 16.124 12.946 9.72 19.714 16.048 9.976 14.854 11.635 12.467 10.651 10.325
2.783 6.644 5.901 3.153 7.599 7.268 9.778 9.213 11.632 3.656 5.134 16.672 9.296 6.358 3.827 11.433 13.874 12.718 10.536 8.451 11.967 5.077 5.209 6.428 8.978 9.567 5.491 7.291 8.737 13.885 13.434 22.452 11.577 14.903 15.399 13.746 13.503 21.896 19.687 9.36 11.835 9.929 12.462 24.245 30.237 21.183 8.166 9.418 26.637 16.796 14.354 16.354 22.919 12.712 14.535 11.512 8.496 18.021 14.426 8.768 13.346 10.272 11.051 9.338 9.018
3.5 6.928 6.376 3.527 7.353 7.524 10.278 10.144 12.908 4.427 5.42 16.288 10.413 7.203 4.221 10.502 13.825 13.472 11.36 8.988 11.936 5.392 5.007 5.628 7.5 8.181 4.899 5.913 6.866 10.81 11.12 18.789 10.556 12.784 13.187 11.884 11.507 18.16 17.304 8.658 9.908 8.222 9.817 19.109 26.397 20.124 8.155 8.433 21.813 15.649 13.56 15.034 21.174 12.653 13.792 11.023 8.082 15.674 13.69 8.664 12.229 9.805 10.303 8.772 8.302
3.24 7.187 6.433 3.721 7.935 7.515 9.484 8.973 10.875 3.981 5.619 14.732 9.011 6.412 4.218 10.749 12.452 11.414 9.664 8.036 10.844 5.202 5.493 6.615 8.599 8.905 5.501 7.153 8.273 11.979 11.52 17.577 10.024 12.528 12.978 11.804 11.676 17.545 16.093 8.467 10.675 9.296 11.305 19.526 23.534 17.463 7.609 9.144 21.879 14.871 12.921 14.581 19.469 11.827 13.413 11.124 8.693 16.519 13.637 8.876 12.965 10.409 11.119 9.672 9.461
4.049 7.853 7.2 4.155 8.205 8.262 10.913 10.77 13.442 4.969 6.22 16.67 11.028 7.863 4.873 11.325 14.345 13.969 11.968 9.703 12.652 6.065 5.807 6.522 8.375 8.966 5.585 6.76 7.741 11.607 11.87 19.223 11.327 13.691 14.135 12.861 12.53 19.002 18.165 9.576 11.086 9.38 11.038 19.997 26.793 20.91 9.042 9.672 22.787 16.692 14.631 16.163 22.038 13.689 14.947 12.2 9.222 16.879 14.759 9.675 13.436 10.929 11.448 9.876 9.422
2.572 6.252 5.519 3.035 6.999 6.554 8.418 7.885 9.696 3.212 4.761 13.57 7.885 5.464 3.461 9.694 11.26 10.199 8.494 6.945 9.656 4.309 4.627 5.704 7.598 7.864 4.639 6.216 7.273 10.83 10.311 16.218 8.737 11.183 11.582 10.423 10.303 16.036 14.504 7.177 9.329 8.017 9.96 17.979 21.783 15.661 6.306 7.806 20.248 13.189 11.346 12.95 17.688 10.218 11.788 9.593 7.341 14.892 12.011 7.508 11.425 8.964 9.664 8.295 8.114
3.186 6.393 5.853 3.373 6.884 6.853 9.013 8.799 10.94 4.01 5.141 14.105 9.057 6.464 4.042 9.832 12.248 11.792 10.096 8.238 10.914 5.207 5.097 5.892 7.741 8.3 5.155 6.392 7.438 11.246 11.36 18.303 10.648 13.03 13.494 12.29 12.039 18.366 17.335 9.098 10.744 9.161 10.939 19.8 25.689 19.688 8.472 9.22 22.18 15.754 13.747 15.239 20.667 12.662 13.919 11.349 8.601 16.025 13.729 8.932 12.551 10.132 10.656 9.185 8.806
3.564 7.246 6.669 3.784 7.951 8.008 10.741 10.44 13.079 4.594 5.872 17.167 10.701 7.571 4.639 11.726 14.982 14.377 12.2 9.859 13.236 6.133 5.968 6.943 9.376 10.228 6.256 7.787 9.174 14.32 14.518 23.935 13.442 16.558 17.126 15.526 15.18 23.634 22.111 11.291 13.318 11.272 13.596 25.534 33.247 24.741 10.311 11.085 27.853 19.381 16.823 18.65 25.59 15.244 16.773 13.52 10.111 19.334 16.482 10.54 14.906 11.912 12.541 10.736 10.261
3.536 7.447 6.744 3.916 8.092 7.816 10.013 9.627 11.802 4.366 5.857 15.431 9.718 6.967 4.466 10.941 12.957 12.168 10.382 8.551 11.34 5.438 5.494 6.425 8.271 8.603 5.311 6.655 7.611 11.028 10.746 16.557 9.584 11.772 12.129 11.015 10.807 16.194 15.052 7.964 9.681 8.336 10.007 17.479 21.821 16.69 7.316 8.387 20.013 14.009 12.306 13.806 18.604 11.476 12.87 10.65 8.248 15.502 13.098 8.608 12.369 10.018 10.658 9.264 8.997
2.78 6.428 5.778 3.275 7.25 6.894 8.802 8.304 10.14 3.511 5.069 13.955 8.398 5.926 3.804 10.19 11.953 10.982 9.23 7.588 10.399 4.826 5.147 6.331 8.402 8.764 5.321 7.032 8.237 12.139 11.691 18.129 10.064 12.671 13.126 11.882 11.744 17.965 16.402 8.344 10.614 9.203 11.324 20.002 24.185 17.649 7.295 8.804 21.974 14.699 12.708 14.334 19.3 11.417 12.978 10.619 8.183 16.034 13.138 8.353 12.361 9.836 10.548 9.118 8.91
3.124 7.12 6.465 3.715 8.125 7.783 9.899 9.361 11.388 4.016 5.774 15.687 9.582 6.8 4.409 11.659 13.744 12.671 10.672 8.801 12.023 5.684 6.081 7.51 9.973 10.438 6.42 8.472 9.949 14.594 14.106 21.691 12.163 15.204 15.753 14.28 14.11 21.416 19.589 10.056 12.709 11.075 13.58 23.714 28.504 20.803 8.658 10.381 25.491 17.199 14.842 16.647 22.236 13.255 14.968 12.27 9.488 18.336 15.095 9.636 14.104 11.286 12.083 10.481 10.247
2.674 5.719 5.209 2.97 6.358 6.222 8.105 7.801 9.633 3.429 4.598 12.849 8.03 5.677 3.561 9.178 11.186 10.575 8.97 7.319 9.865 4.632 4.689 5.614 7.49 7.968 4.885 6.249 7.339 11.044 10.931 17.347 9.873 12.186 12.617 11.447 11.243 17.229 16.036 8.259 10.026 8.601 10.441 18.813 23.676 17.74 7.431 8.352 20.662 14.281 12.359 13.775 18.642 11.217 12.456 10.135 7.695 14.769 12.402 7.945 11.413 9.139 9.696 8.358 8.076
3.09 7.236 6.481 3.703 8.227 7.771 9.822 9.234 11.203 3.955 5.83 15.71 9.444 6.672 4.389 11.768 13.638 12.4 10.421 8.651 11.894 5.608 6.101 7.556 9.99 10.375 6.352 8.496 9.953 14.539 13.916 21.291 11.87 14.978 15.532 14.067 13.934 21.135 19.193 9.852 12.686 11.059 13.591 23.589 27.962 20.221 8.486 10.454 25.574 16.997 14.611 16.494 21.986 13.049 14.871 12.232 9.508 18.476 15.028 9.584 14.202 11.298 12.12 10.511 10.312
2.371 5.346 4.812 2.651 6.009 5.822 7.711 7.353 9.185 3.064 4.194 12.616 7.484 5.199 3.179 8.791 10.716 10.006 8.386 6.768 9.331 4.16 4.226 5.126 6.986 7.438 4.408 5.731 6.79 10.492 10.285 16.76 9.098 11.442 11.837 10.657 10.464 16.5 15.139 7.485 9.25 7.845 9.681 18.155 22.869 16.648 6.666 7.573 20.047 13.307 11.456 12.901 17.799 10.304 11.596 9.31 6.963 14.051 11.561 7.213 10.66 8.381 8.951 7.639 7.376
3.93 8.393 7.541 4.403 9.147 8.719 11.09 10.573 12.897 4.803 6.565 17.128 10.553 7.587 4.965 12.231 14.23 13.171 11.228 9.33 12.443 5.995 6.159 7.236 9.291 9.603 5.944 7.52 8.589 12.381 11.935 18.266 10.485 13.016 13.416 12.191 12.007 17.958 16.525 8.788 10.861 9.391 11.308 19.585 23.964 18.066 8.039 9.428 22.392 15.386 13.52 15.259 20.474 12.572 14.232 11.825 9.24 17.368 14.486 9.552 13.827 11.158 11.901 10.359 10.101
2.874 7.651 6.686 3.53 8.931 8.295 10.893 10.091 12.597 3.818 5.962 18.778 10.252 6.949 4.3 13.521 15.799 14.089 11.542 9.332 13.496 5.658 6.246 7.996 11.074 11.547 6.557 9.167 10.976 16.994 16.024 26.062 13.151 17.254 17.837 15.843 15.638 25.206 22.264 10.355 13.862 11.749 14.915 28.089 33.54 22.838 8.507 10.746 30.182 18.5 15.625 17.955 24.864 13.539 15.816 12.563 9.392 20.303 15.821 9.452 14.884 11.358 12.357 10.474 10.252
2.859 5.749 5.27 3.007 6.187 6.187 8.173 8.012 10.001 3.63 4.62 12.855 8.324 5.887 3.632 8.916 11.202 10.833 9.26 7.513 9.959 4.712 4.572 5.288 6.976 7.495 4.624 5.729 6.684 10.165 10.308 16.71 9.734 11.859 12.288 11.174 10.922 16.739 15.879 8.262 9.699 8.237 9.838 17.965 23.587 18.171 7.706 8.298 20.185 14.417 12.519 13.861 18.891 11.556 12.648 10.271 7.724 14.498 12.464 8.049 11.319 9.128 9.594 8.251 7.893
2.743 6.901 6.059 3.211 7.968 7.495 9.994 9.335 11.741 3.624 5.33 17.215 9.436 6.413 3.906 12.044 14.329 12.941 10.659 8.584 12.302 5.168 5.474 6.872 9.588 10.114 5.759 7.839 9.398 14.813 14.139 23.415 11.909 15.502 16.02 14.259 14.041 22.775 20.271 9.524 12.378 10.412 13.161 25.339 30.965 21.351 8.114 9.735 27.636 17.096 14.52 16.641 23.24 12.737 14.73 11.671 8.652 18.609 14.657 8.828 13.69 10.461 11.318 9.565 9.293
