6.924 8.735 11.29 9.347 6.631 11.004 16.087 12.043 13.642 7.856 10.037 15.652 11.356 6.609 6.374 26.508 26.596 20.38 21.74 20.147 29.328 13.029 11.37 11.815 26.632 15.347 15.567 20.135 22.622 30.429 33.206 34.036 25.326 25.585 29.547 18.353 30.463 40.042 36.279 22.307 19.523 13.87 14.5 20.733 33.975 41.384 22.373 19.312 24.496 21.129 19.862 17.81 31.587 15.778 14.743 19.814 18.559 28.965 19.131 16.451 27.348 18.204 13.612 24.654 9.794
6.092 7.642 10.065 8.366 5.834 9.774 14.918 11.159 12.655 7.078 8.92 14.284 10.394 5.893 5.515 24.574 25.904 19.622 20.623 18.783 27.657 11.851 10.048 10.216 24.293 14.047 14.168 18.371 20.965 28.948 31.928 32.642 23.763 23.638 27.263 16.574 27.739 37.521 34.021 20.362 17.387 12.006 12.314 17.727 30.468 38.203 19.965 16.816 21.193 18.215 17.084 15.231 28.072 13.702 12.625 17.053 16.108 26.073 16.999 14.42 24.387 15.977 11.727 21.737 8.387
6.842 8.708 11.333 9.371 6.668 11.167 16.351 12.051 13.64 7.834 10.12 15.988 11.55 6.754 6.585 27.763 27.189 20.196 21.387 19.711 28.565 12.575 11.114 11.714 27.113 15.43 15.785 20.556 23.208 31.162 33.496 33.812 24.945 25.277 29.295 18.185 30.443 39.864 35.509 21.685 19.18 13.783 14.597 21.042 34.318 40.577 21.448 18.506 23.528 20.367 19.209 17.312 30.744 15.22 14.332 19.424 18.269 28.423 18.547 15.939 26.37 17.425 13.07 23.828 9.458
5.479 6.924 8.935 7.398 5.264 8.734 12.699 9.5 10.754 6.219 7.97 12.401 9 5.261 5.102 21.029 20.918 15.997 17.057 15.823 22.97 10.251 8.991 9.39 21.075 12.146 12.341 15.97 17.916 24.006 26.114 26.718 19.912 20.15 23.271 14.5 24.05 31.477 28.468 17.553 15.42 11.006 11.546 16.499 26.841 32.458 17.579 15.206 19.296 16.659 15.673 14.076 24.84 12.446 11.659 15.67 14.674 22.782 15.059 12.965 21.477 14.32 10.738 19.398 7.743
5.254 6.742 8.84 7.273 5.143 8.768 12.913 9.455 10.749 6.11 7.975 12.748 9.124 5.272 5.114 22.483 21.615 15.958 16.869 15.498 22.66 9.811 8.662 9.187 21.763 12.165 12.448 16.37 18.475 24.868 26.681 26.884 19.678 19.912 23.102 14.158 24.008 31.455 27.911 16.883 14.859 10.519 11.05 16.012 26.357 31.218 16.266 13.967 17.904 15.41 14.544 13.098 23.727 11.513 10.838 14.85 13.915 21.947 14.13 12.082 20.307 13.239 9.889 18.475 7.136
4.709 6.171 8.167 6.583 4.548 8.042 11.911 8.534 9.811 5.394 7.192 11.652 8.062 4.476 4.329 20.818 19.398 14.273 15.379 14.207 21.486 8.869 7.827 8.325 20.334 10.753 11.031 14.702 16.449 22.296 23.993 24.384 17.651 18.003 21.092 12.493 22.074 29.151 25.817 15.286 13.343 9.118 9.572 14.315 24.457 29.721 15.137 13.098 17.281 14.676 13.84 12.36 23.332 10.74 10.116 14.132 13.05 21.23 13.263 11.309 19.959 12.65 9.333 18.254 6.531
7.047 8.78 11.389 9.515 6.719 11.051 16.539 12.563 14.203 8.11 10.161 15.884 11.695 6.763 6.417 26.739 28.548 22.043 23.223 21.263 30.829 13.607 11.614 11.8 26.729 15.847 16.016 20.586 23.349 31.953 35.407 36.41 26.879 26.784 30.736 19.016 31.252 41.818 38.265 23.312 20.055 14.08 14.541 20.662 34.516 43.129 23.163 19.656 24.543 21.13 19.794 17.68 31.648 15.909 14.716 19.636 18.525 29.351 19.537 16.699 27.69 18.46 13.659 24.595 9.811
6.575 8.116 10.393 8.732 6.213 10.051 14.911 11.55 13.046 7.534 9.332 14.265 10.626 6.22 5.927 23.467 26.001 20.574 21.686 19.847 28.409 12.773 10.863 10.914 23.685 14.441 14.631 18.652 21.073 28.855 32.415 33.654 25.062 24.885 28.347 17.708 28.636 38.238 35.49 21.853 18.776 13.246 13.667 19.19 31.642 40.094 21.991 18.67 23.02 19.766 18.461 16.473 28.96 14.912 13.793 18.181 17.132 26.905 18.276 15.696 25.684 17.34 12.851 22.585 9.209
4.884 6.401 8.307 6.743 4.775 8.248 11.752 8.527 9.726 5.555 7.449 11.66 8.203 4.717 4.741 20.198 18.552 13.757 14.801 13.822 20.452 8.851 8.073 8.766 19.996 10.885 11.268 14.853 16.401 21.614 23.016 23.323 17.212 17.707 20.664 12.614 21.821 28.135 24.983 15.221 13.548 9.534 10.224 15.037 24.412 28.917 15.165 13.387 17.621 15.106 14.323 12.908 23.354 11.147 10.671 14.727 13.593 21.276 13.541 11.681 20.027 12.997 9.784 18.48 6.913
4.89 6.155 8.031 6.612 4.6 7.719 11.532 8.627 9.817 5.525 7.011 11.073 7.948 4.481 4.207 18.626 19.081 14.763 15.863 14.715 21.9 9.503 8.098 8.267 19.107 10.825 10.867 14.091 15.862 21.627 23.908 24.783 18.321 18.416 21.316 12.966 21.782 29.174 26.699 16.186 13.885 9.549 9.784 14.117 24.042 30.474 16.428 14.065 17.979 15.435 14.465 12.865 23.521 11.509 10.603 14.311 13.365 21.434 14.06 11.991 20.479 13.524 9.964 18.457 7.07
6.184 7.793 10.387 8.618 5.963 10.082 15.644 11.533 13.078 7.21 9.114 14.86 10.763 6.034 5.618 25.975 27.311 20.206 21.149 19.167 28.464 11.92 10.103 10.283 25.382 14.481 14.62 19.018 21.863 30.397 33.301 33.746 24.281 24.145 27.99 16.855 28.551 39.004 34.947 20.626 17.579 12.08 12.422 18.091 31.758 39.566 20.085 16.861 21.374 18.42 17.311 15.431 28.967 13.829 12.745 17.357 16.478 27.014 17.301 14.616 24.967 16.142 11.799 22.247 8.418
6.276 7.821 9.998 8.389 6.036 9.78 14.208 10.871 12.22 7.17 9.019 13.791 10.257 6.103 5.943 23.061 24.171 18.748 19.717 18.145 25.738 11.759 10.232 10.552 22.885 13.838 14.077 18.009 20.282 27.27 29.987 30.73 23.001 23.057 26.383 16.705 27.044 35.453 32.405 20.157 17.646 12.755 13.427 18.958 30.414 36.849 20.227 17.347 21.527 18.622 17.477 15.716 27.115 14.056 13.141 17.403 16.421 25.193 17.046 14.708 23.752 16.099 12.085 21.12 8.781
4.837 6.072 7.978 6.682 4.711 7.875 11.891 8.995 10.16 5.778 7.309 11.649 8.578 4.924 4.652 20.039 20.947 15.852 16.416 14.886 21.558 9.461 8.077 8.335 19.606 11.569 11.687 15.19 17.303 23.603 25.872 26.27 19.167 18.97 21.743 13.356 22.091 29.539 26.826 16.204 13.862 9.634 9.866 14.03 23.368 28.711 15.174 12.701 15.91 13.725 12.923 11.613 21.15 10.567 9.763 13.186 12.488 19.9 13.125 11.1 18.422 12.2 9.003 16.554 6.553
6.24 7.809 10.264 8.661 6.136 10.182 15.429 11.739 13.193 7.516 9.442 15.01 11.184 6.474 6.135 25.88 27.599 20.762 21.206 19.074 27.402 12.104 10.324 10.628 25.016 15.095 15.295 19.774 22.584 30.89 33.848 34.142 24.799 24.408 27.907 17.257 28.374 38.099 34.625 20.884 17.845 12.487 12.848 18.226 30.276 37.035 19.435 16.146 20.05 17.383 16.43 14.825 26.971 13.607 12.571 16.907 16.097 25.63 16.968 14.323 23.491 15.588 11.496 20.959 8.427
7.182 8.993 11.78 9.94 7.066 11.689 17.617 13.384 15.028 8.592 10.806 17.1 12.753 7.429 7.092 29.541 31.385 23.567 24.093 21.698 31.058 13.768 11.801 12.164 28.398 17.166 17.452 22.523 25.702 35.107 38.397 38.682 28.156 27.784 31.783 19.743 32.42 43.387 39.342 23.791 20.433 14.417 14.95 21.246 35.124 42.677 22.404 18.681 23.164 20.096 18.989 17.139 30.949 15.652 14.511 19.483 18.557 29.403 19.478 16.499 26.952 17.91 13.246 23.984 9.702
5.279 6.716 8.785 7.254 5.118 8.647 12.802 9.474 10.76 6.118 7.891 12.548 9.041 5.208 5.006 21.824 21.551 16.173 17.111 15.723 22.996 10 8.725 9.134 21.393 12.128 12.343 16.133 18.224 24.644 26.707 27.119 19.909 20.057 23.204 14.234 23.947 31.582 28.309 17.161 14.97 10.534 10.982 15.838 26.253 31.683 16.688 14.281 18.195 15.651 14.734 13.224 23.928 11.707 10.947 14.892 13.97 22.102 14.358 12.269 20.608 13.515 10.061 18.643 7.242
5.493 7.063 9.501 7.712 5.268 9.213 14.255 10.194 11.713 6.327 8.188 13.609 9.493 5.217 4.833 24.468 24.013 17.527 18.768 17.121 26.054 10.518 8.997 9.282 23.817 12.703 12.886 17.098 19.525 27.142 29.462 29.881 21.377 21.55 25.24 14.839 26.049 35.364 31.231 18.231 15.668 10.614 10.915 16.301 29.172 36.083 17.954 15.275 19.9 16.944 15.927 14.156 27.32 12.432 11.533 16.069 15.04 25.08 15.573 13.189 23.373 14.667 10.704 21.055 7.51
4.691 6.307 8.436 6.671 4.572 8.401 12.473 8.615 9.992 5.385 7.407 12.278 8.223 4.524 4.415 22.925 20.398 14.268 15.437 14.232 21.831 8.663 7.8 8.46 21.718 10.856 11.252 15.325 17.149 23.337 24.73 24.781 17.659 18.233 21.59 12.526 22.943 30.141 25.962 15.026 13.38 9.162 9.724 14.836 25.548 30.208 14.656 12.79 17.279 14.531 13.718 12.277 23.806 10.445 9.974 14.313 13.095 21.618 13.037 11.12 20.148 12.353 9.083 18.541 6.31
4.618 5.961 8.087 6.609 4.52 7.972 12.401 8.918 10.195 5.513 7.173 12.05 8.479 4.646 4.3 21.932 21.492 15.501 16.216 14.647 22.159 8.983 7.668 8.019 20.967 11.329 11.455 15.283 17.514 24.271 26.199 26.299 18.634 18.602 21.721 12.76 22.366 30.361 26.776 15.529 13.235 8.908 9.099 13.543 24.015 29.397 14.514 12.127 15.763 13.478 12.722 11.372 22.095 10.13 9.36 13.117 12.341 20.574 12.782 10.697 18.814 11.844 8.625 17.126 6.157
5.262 6.698 8.952 7.462 5.221 8.911 13.621 10.077 11.379 6.365 8.165 13.359 9.727 5.515 5.196 23.651 23.962 17.49 17.932 16.164 23.724 10.149 8.725 9.152 22.721 13.057 13.204 17.328 19.832 27.103 29.242 29.215 20.966 20.78 24.017 14.579 24.64 33.111 29.527 17.52 15.012 10.385 10.675 15.423 26.095 31.447 16.009 13.331 16.955 14.7 13.94 12.583 23.504 11.391 10.547 14.484 13.751 22.186 14.245 11.949 20.088 13.055 9.615 18.254 7.036
5.935 7.515 9.609 7.987 5.779 9.474 13.438 10.035 11.274 6.663 8.595 13.199 9.631 5.774 5.742 22.366 21.702 16.361 17.379 16.199 23.103 10.606 9.511 10.116 22.182 12.898 13.191 17.021 19.016 25.049 26.844 27.181 20.437 20.844 24.105 15.335 25.21 32.454 29.133 18.232 16.355 12.05 12.925 18.425 28.961 33.853 18.618 16.251 20.549 17.939 16.949 15.359 26.195 13.523 12.784 17.081 16.053 24.124 16.174 14.009 22.536 15.323 11.645 20.446 8.534
4.702 6.012 8.135 6.73 4.641 8.041 12.53 9.128 10.353 5.665 7.283 12.157 8.726 4.845 4.494 21.858 22.051 15.899 16.389 14.741 22.021 9.116 7.765 8.097 20.924 11.695 11.795 15.581 17.93 24.798 26.769 26.74 18.981 18.822 21.885 13.043 22.45 30.552 27.051 15.782 13.432 9.145 9.349 13.722 24.023 29.268 14.54 12.067 15.499 13.381 12.666 11.375 21.829 10.249 9.448 13.112 12.442 20.529 12.926 10.795 18.584 11.859 8.657 16.868 6.268
5.683 7.117 9.164 7.697 5.535 9.04 13.212 10.032 11.262 6.576 8.319 12.868 9.566 5.682 5.544 21.92 22.69 17.265 17.985 16.457 23.336 10.588 9.24 9.598 21.326 12.838 13.099 16.83 19.029 25.612 27.922 28.323 21.022 21.038 24.11 15.225 24.797 32.545 29.492 18.213 15.951 11.537 12.184 17.289 27.798 33.234 17.954 15.312 19.017 16.496 15.529 14.006 24.361 12.54 11.741 15.639 14.81 22.808 15.296 13.148 21.222 14.306 10.73 18.914 7.837
6.14 7.706 10.107 8.53 6.068 10.043 15.14 11.441 12.822 7.323 9.233 14.647 10.927 6.375 6.116 25.474 26.937 20.008 20.396 18.366 26.287 11.632 10.011 10.349 24.31 14.673 14.951 19.274 22.025 30.09 32.749 32.828 23.842 23.565 27.018 16.812 27.676 37.044 33.405 20.153 17.364 12.319 12.867 18.369 30.386 36.593 19.059 15.903 19.738 17.181 16.26 14.691 26.511 13.364 12.418 16.686 15.93 25.214 16.625 14.087 22.97 15.246 11.29 20.437 8.28
6.845 8.691 11.516 9.56 6.705 11.366 17.233 12.71 14.392 8.079 10.351 16.76 12.152 6.941 6.593 29.545 29.858 21.979 22.874 20.758 30.4 13.016 11.236 11.704 28.465 16.258 16.519 21.605 24.681 33.753 36.522 36.724 26.572 26.527 30.692 18.704 31.551 42.224 37.635 22.475 19.423 13.579 14.099 20.413 34.494 41.609 21.35 17.995 22.833 19.718 18.606 16.722 30.844 14.945 13.907 19.005 17.994 28.891 18.597 15.757 26.499 17.238 12.736 23.869 9.217
5.053 6.826 9.011 7.184 5.022 9.121 13.138 9.193 10.57 5.878 8.196 13.269 9.037 5.092 5.18 24.384 21.414 15.007 16.022 14.834 22.262 9.187 8.514 9.492 23.095 11.882 12.385 16.8 18.628 24.729 25.933 25.819 18.597 19.257 22.704 13.483 24.265 31.212 26.913 15.864 14.298 10.008 10.799 16.196 26.502 30.475 15.088 13.251 17.84 15.127 14.335 12.938 24.176 10.981 10.609 15.107 13.836 22.043 13.509 11.558 20.359 12.783 9.54 18.966 6.723
6.052 7.659 9.904 8.264 5.935 9.851 14.288 10.757 12.129 7.093 9.133 14.249 10.469 6.183 6.048 24.423 24.182 18.29 19.14 17.609 25.159 11.378 10.043 10.632 23.912 14.03 14.307 18.584 20.912 27.828 30.031 30.388 22.569 22.699 26.079 16.365 26.91 34.949 31.467 19.452 17.094 12.265 12.868 18.245 29.059 34.339 18.531 15.878 19.993 17.309 16.33 14.757 25.851 13.136 12.347 16.627 15.657 24.079 15.981 13.703 22.342 14.976 11.276 20.295 8.254
5.271 6.713 8.815 7.316 5.191 8.748 12.984 9.566 10.811 6.17 7.966 12.745 9.25 5.379 5.212 22.422 22.122 16.244 16.96 15.487 22.425 9.794 8.602 9.079 21.546 12.323 12.597 16.46 18.703 25.244 27.081 27.14 19.821 19.935 23.073 14.253 23.899 31.491 27.949 16.909 14.842 10.592 11.158 16.096 26.436 31.145 16.195 13.796 17.499 15.163 14.326 12.932 23.289 11.455 10.757 14.658 13.856 21.767 14.111 12.041 19.948 13.1 9.782 18.041 7.12
5.876 7.408 9.935 8.337 5.804 9.822 15.291 11.406 12.837 7.118 8.984 14.733 10.838 6.11 5.68 25.948 27.494 20.124 20.465 18.321 26.939 11.463 9.687 9.968 24.963 14.63 14.732 19.178 22.092 30.589 33.333 33.367 23.81 23.393 26.978 16.344 27.478 37.542 33.714 19.848 16.793 11.527 11.772 16.983 29.34 36.134 18.278 15.044 18.946 16.463 15.597 14.038 26.478 12.866 11.803 16.096 15.377 25.134 16.201 13.526 22.728 14.787 10.794 20.407 7.887
5.043 6.313 8.283 6.828 4.717 7.899 12.022 8.978 10.224 5.68 7.127 11.342 8.146 4.556 4.214 19.089 20.111 15.536 16.671 15.373 23.032 9.825 8.274 8.323 19.575 11.11 11.124 14.384 16.301 22.536 25.083 26.029 19.099 19.113 22.138 13.373 22.523 30.61 28.032 16.827 14.329 9.789 9.97 14.419 25.196 32.488 17.273 14.704 18.734 16.068 15.04 13.335 24.717 11.972 10.975 14.797 13.864 22.577 14.735 12.538 21.563 14.135 10.347 19.261 7.304
