2.582 4.812 6.065 2.139 8.024 6.262 9.567 9.214 9.551 2.112 6.115 14.578 7.79 3.23 2.187 10.373 13.522 9.937 6.247 5.452 11.557 3.044 3.433 3.984 8.208 7.883 5.83 3.291 7.225 12.311 15.936 28.326 9.646 13.689 12.208 10.473 17.123 25.832 20.908 11.261 13.497 9.676 12.886 22.212 26.096 16.481 8.52 12.221 16.272 15.537 13.098 14.524 26.71 17.124 15.084 12.819 10.191 26.95 18.536 13.034 18.423 15.16 12.345 14.079 7.308
2.973 5.279 6.664 2.491 8.525 6.96 10.518 10.169 10.507 2.457 6.55 15.466 8.61 3.719 2.522 10.762 14.65 11.112 7.159 6.218 12.672 3.571 3.939 4.495 8.953 8.934 6.762 3.898 8.072 13.895 18.405 32.769 11.563 16.088 14.395 12.427 19.851 29.873 24.54 13.553 15.902 11.573 15.105 25.629 30.35 19.638 10.402 14.414 18.949 18.254 15.491 16.969 30.312 19.996 17.651 15.037 12.033 29.884 21.323 15.272 20.941 17.4 14.238 15.986 8.611
3.305 6.108 7.699 2.729 10.125 7.932 12.158 11.741 12.199 2.713 7.727 18.451 9.889 4.119 2.769 12.911 16.896 12.473 7.864 6.834 14.386 3.806 4.244 4.882 9.991 9.621 7.12 4.012 8.7 14.854 19.32 34.577 11.83 16.751 14.92 12.791 20.869 31.576 25.654 13.871 16.563 11.866 15.745 27.169 32.082 20.369 10.563 15.063 20.048 19.19 16.202 17.95 33.065 21.283 18.787 15.97 12.69 33.488 23.14 16.343 23.077 19.017 15.493 17.635 9.175
2.998 5.647 7.079 2.494 9.328 7.316 10.895 10.43 10.71 2.356 7.085 16.456 8.95 3.659 2.548 12.108 15.631 11.435 7.093 6.231 13.181 3.522 4.117 4.886 9.938 9.435 6.948 3.973 8.875 14.745 18.645 31.999 10.995 15.56 14.004 12.082 19.659 29.24 23.668 12.709 15.364 11.163 14.975 25.447 29.551 18.601 9.608 14.06 18.746 17.846 15.035 16.69 30.185 19.458 17.065 14.571 11.708 30.538 21.15 14.759 20.826 17.226 14.08 16.144 8.446
3.186 5.794 7.255 2.685 9.485 7.554 11.226 10.77 11.053 2.585 7.247 16.735 9.249 3.955 2.757 12.464 16.28 12.115 7.742 6.848 14.225 3.972 4.535 5.33 10.82 10.512 7.907 4.604 9.919 16.7 21.406 36.807 12.999 18.14 16.316 14.137 22.667 33.475 27.196 14.934 17.779 13.01 17.174 28.811 33.357 21.335 11.281 15.94 20.942 19.993 16.928 18.632 32.981 21.546 18.94 16.191 13.024 32.497 22.801 16.16 22.27 18.468 15.153 17.167 9.229
3.11 5.693 7.088 2.627 9.176 7.336 10.698 10.261 10.531 2.43 7.067 15.82 8.866 3.823 2.738 11.969 15.302 11.43 7.318 6.486 13.187 3.779 4.459 5.331 10.386 9.944 7.49 4.424 9.485 15.303 19.099 31.72 11.476 15.996 14.523 12.631 20.028 29.184 23.869 13.19 15.809 11.68 15.472 25.562 29.411 18.889 9.984 14.412 19.012 18.186 15.48 17.094 29.895 19.675 17.355 14.875 12.081 30.018 21.16 15.016 20.816 17.406 14.37 16.38 8.812
3.235 5.897 7.369 2.732 9.579 7.653 11.298 10.879 11.214 2.584 7.39 16.774 9.369 4.051 2.851 12.556 16.164 12.159 7.808 6.874 14.019 3.996 4.642 5.509 10.831 10.439 7.884 4.628 9.887 16.136 20.379 34.428 12.426 17.254 15.579 13.499 21.447 31.489 25.799 14.243 16.943 12.423 16.395 27.27 31.578 20.309 10.686 15.242 20.088 19.247 16.381 18.069 31.848 20.937 18.464 15.747 12.702 31.786 22.366 15.896 21.994 18.34 15.099 17.158 9.185
2.66 4.691 5.991 2.205 7.639 6.334 9.854 9.677 10.126 2.298 6.003 14.677 8.177 3.476 2.272 9.607 13.597 10.491 6.695 5.677 11.565 3.213 3.43 3.806 7.509 7.599 5.749 3.249 6.631 11.642 16.056 30.273 10.634 14.624 12.966 11.056 17.694 27.42 22.831 12.483 14.389 10.289 13.268 22.921 27.983 18.18 9.442 12.86 16.907 16.369 13.859 15.147 27.792 18.417 16.209 13.65 10.752 27.326 19.678 14.047 19.297 15.994 12.962 14.457 7.636
2.622 4.557 5.876 2.145 7.415 6.352 10.183 10.285 10.917 2.408 6.088 15.252 8.731 3.631 2.282 9.264 13.857 11.018 6.942 5.717 11.467 3.166 3.263 3.492 6.668 6.841 5.201 2.89 5.759 10.221 14.903 30.367 10.759 14.509 12.688 10.638 16.918 27.193 23.283 12.588 14.16 9.914 12.521 21.901 28.026 18.462 9.389 12.475 16.258 15.846 13.424 14.622 27.502 18.638 16.329 13.568 10.493 26.89 19.981 14.227 19.465 16.143 12.947 14.283 7.412
2.655 5.076 6.445 2.179 8.619 6.64 10.316 9.925 10.315 2.148 6.48 15.869 8.285 3.333 2.207 11.082 14.462 10.533 6.511 5.62 12.182 3.049 3.444 4.006 8.44 8.058 5.881 3.234 7.298 12.575 16.352 29.527 9.72 13.926 12.319 10.476 17.408 26.617 21.41 11.279 13.579 9.573 12.887 22.678 26.833 16.699 8.401 12.223 16.467 15.717 13.183 14.689 27.698 17.481 15.352 12.941 10.181 28.122 19.061 13.26 19.036 15.551 12.568 14.419 7.266
2.662 5.197 6.656 2.179 9.097 6.864 10.863 10.338 10.688 2.189 6.716 17.093 8.589 3.358 2.205 11.925 15.759 11.165 6.787 5.902 13.313 3.167 3.546 4.12 9.134 8.74 6.325 3.426 7.899 14.16 18.648 34.326 10.712 15.65 13.74 11.641 19.795 30.608 24.094 12.434 15.134 10.533 14.316 25.777 30.39 18.403 9.16 13.388 18.158 17.217 14.322 16.023 30.935 18.949 16.569 13.916 10.853 31.112 20.486 14.035 20.43 16.462 13.212 15.228 7.526
3.261 6.077 7.601 2.691 9.931 7.787 11.665 11.223 11.586 2.577 7.551 17.529 9.519 3.918 2.696 12.473 16.058 11.761 7.33 6.407 13.39 3.58 4.1 4.779 9.6 9.093 6.682 3.8 8.323 13.79 17.481 30.29 10.473 14.815 13.303 11.456 18.583 27.743 22.57 12.201 14.704 10.661 14.233 24.238 28.373 18.02 9.382 13.65 18.196 17.384 14.689 16.312 29.657 19.221 16.952 14.517 11.666 30.46 21.207 14.925 21.128 17.525 14.351 16.432 8.617
2.837 4.914 6.21 2.366 7.801 6.599 10.094 10.024 10.484 2.467 6.29 14.727 8.573 3.716 2.472 9.772 13.835 10.97 7.092 6.038 11.915 3.475 3.732 4.148 7.857 7.946 6.1 3.531 7.076 12.097 16.714 31.543 11.632 15.792 14.083 12.046 18.871 28.926 24.549 13.65 15.625 11.31 14.421 24.274 29.709 19.716 10.42 14.113 18.295 17.674 15.02 16.319 29.096 19.771 17.414 14.748 11.72 28.449 20.969 15.094 20.442 17.064 13.885 15.379 8.301
3.268 5.844 7.342 2.751 9.51 7.704 11.548 11.246 11.678 2.74 7.469 17.267 9.756 4.23 2.895 12.585 16.643 12.746 8.228 7.164 14.576 4.176 4.676 5.429 10.759 10.55 8 4.652 9.797 16.419 21.353 37.421 13.672 18.756 16.844 14.526 23.013 34.234 28.32 15.689 18.355 13.367 17.406 29.104 34.18 22.208 11.696 16.24 21.245 20.374 17.293 18.947 33.574 22.263 19.591 16.635 13.296 33.003 23.477 16.739 22.905 19.063 15.608 17.554 9.414
3.224 5.617 7.116 2.683 8.995 7.535 11.559 11.441 11.984 2.801 7.207 17.084 9.801 4.226 2.797 11.379 15.959 12.52 8.07 6.873 13.728 3.947 4.229 4.708 9.074 9.145 6.969 4.001 8.079 13.916 19.078 35.739 13.073 17.799 15.87 13.577 21.416 32.826 27.68 15.34 17.618 12.719 16.289 27.599 33.605 22.17 11.667 15.838 20.641 19.943 16.925 18.429 33.129 22.325 19.663 16.637 13.192 32.524 23.747 17.046 23.199 19.334 15.726 17.472 9.37
3.264 6.008 7.52 2.762 9.916 7.851 11.578 11.053 11.293 2.62 7.56 17.363 9.569 4.058 2.867 13.309 17.237 12.728 8.07 7.175 15.046 4.188 4.876 5.814 11.868 11.444 8.584 5.016 11.007 18.376 23.295 39.451 13.858 19.325 17.422 15.105 24.252 35.591 28.748 15.69 18.762 13.758 18.249 30.503 34.997 22.196 11.668 16.635 21.87 20.799 17.575 19.376 34.191 22.222 19.463 16.627 13.395 33.539 23.375 16.446 22.69 18.8 15.43 17.555 9.415
3.581 6.35 7.886 3.022 10.096 8.174 11.967 11.598 11.981 2.907 7.897 17.597 10.046 4.438 3.125 13.033 16.808 12.795 8.329 7.338 14.63 4.322 4.925 5.76 11.105 10.753 8.17 4.847 10.085 16.382 20.759 35.129 13.113 18.023 16.357 14.247 22.354 32.69 27.094 15.265 18.018 13.356 17.429 28.643 33.279 21.834 11.767 16.505 21.562 20.713 17.699 19.427 33.742 22.598 20.012 17.198 13.96 33.786 24.23 17.447 23.84 20.022 16.562 18.682 10.238
2.877 5.435 6.815 2.38 8.946 7.007 10.474 10.046 10.343 2.241 6.777 15.778 8.546 3.483 2.409 11.402 14.676 10.727 6.651 5.818 12.261 3.242 3.779 4.465 9.027 8.542 6.267 3.556 7.922 13.114 16.564 28.51 9.776 13.868 12.461 10.724 17.462 26.044 21.118 11.318 13.696 9.915 13.319 22.717 26.498 16.703 8.596 12.638 16.908 16.127 13.595 15.113 27.493 17.725 15.578 13.3 10.676 28.096 19.47 13.609 19.313 15.985 13.061 14.998 7.798
3.907 6.837 8.661 3.22 10.888 9.039 13.904 13.663 14.307 3.289 8.548 20.437 11.471 4.913 3.24 13.202 18.383 14.14 9.039 7.666 15.32 4.312 4.613 5.097 9.76 9.746 7.338 4.163 8.359 14.309 19.462 36.241 12.859 17.719 15.775 13.494 21.458 33.106 27.708 15.286 17.681 12.735 16.415 28.162 34.453 22.594 11.871 16.263 21.416 20.824 17.724 19.41 35.423 23.703 20.993 17.807 14.142 35.612 25.917 18.658 25.707 21.476 17.521 19.591 10.453
3.8 6.586 8.134 3.236 10.234 8.453 12.106 11.726 12.023 3.049 7.972 17.298 10.177 4.581 3.259 12.971 16.781 12.888 8.464 7.49 14.653 4.483 5.098 5.97 11.395 11.114 8.497 5.109 10.475 16.938 21.359 35.492 13.535 18.432 16.812 14.741 22.907 33.162 27.618 15.754 18.543 13.939 18.136 29.427 34.059 22.64 12.423 17.291 22.474 21.664 18.591 20.323 34.474 23.515 20.829 18.034 14.784 34.342 25.194 18.316 24.618 20.849 17.352 19.473 10.972
2.996 5.596 7.02 2.538 9.321 7.325 10.851 10.345 10.601 2.384 7.121 16.402 8.935 3.799 2.701 12.686 16.286 12.02 7.64 6.785 14.254 3.932 4.656 5.608 11.373 10.912 8.19 4.773 10.562 17.464 22.018 37.162 12.925 18.145 16.332 14.109 22.708 33.328 26.811 14.535 17.449 12.708 16.93 28.377 32.475 20.411 10.582 15.268 20.163 19.153 16.184 17.9 31.793 20.459 17.929 15.227 12.226 31.227 21.476 15.041 20.938 17.308 14.187 16.215 8.558
3.159 5.484 6.902 2.628 8.694 7.261 11.015 10.926 11.465 2.728 7.018 16.317 9.451 4.107 2.742 11.045 15.157 11.898 7.709 6.598 13.074 3.813 4.101 4.587 8.768 8.736 6.643 3.837 7.726 13.102 17.67 32.566 12.205 16.589 14.88 12.784 20.065 30.455 25.798 14.432 16.626 12.087 15.483 25.969 31.405 20.877 11.088 15.103 19.673 19.001 16.161 17.602 31.334 21.252 18.765 15.954 12.721 31.054 22.741 16.387 22.283 18.652 15.236 16.948 9.157
2.662 4.949 6.187 2.252 8.121 6.436 9.428 8.999 9.208 2.086 6.221 14.118 7.806 3.315 2.375 10.863 13.927 10.304 6.535 5.804 12.049 3.376 4.019 4.844 9.655 9.232 6.921 4.059 8.915 14.56 18.217 30.393 10.732 15.035 13.611 11.806 18.9 27.625 22.371 12.195 14.671 10.774 14.356 23.896 27.369 17.323 9.041 13.124 17.349 16.515 13.984 15.462 27.246 17.701 15.531 13.254 10.714 27.045 18.814 13.209 18.37 15.268 12.552 14.348 7.634
2.245 4.319 5.532 1.857 7.517 5.764 9.053 8.664 8.977 1.859 5.617 14.109 7.254 2.909 1.915 10.044 13.298 9.644 5.954 5.151 11.411 2.817 3.167 3.703 8.067 7.794 5.709 3.126 7.141 12.646 16.667 30.424 9.797 14.029 12.342 10.463 17.528 26.933 21.419 11.172 13.405 9.377 12.628 22.43 26.433 16.221 8.076 11.635 15.661 14.891 12.428 13.827 26.257 16.335 14.26 11.929 9.304 25.984 17.359 11.972 17.133 13.876 11.153 12.777 6.386
3.53 6.176 7.638 2.982 9.65 7.89 11.44 11.126 11.507 2.85 7.592 16.613 9.659 4.326 3.061 12.216 15.688 12.044 7.888 6.937 13.524 4.114 4.672 5.442 10.219 9.881 7.54 4.52 9.179 14.633 18.381 30.625 11.757 16.002 14.579 12.733 19.728 28.641 23.964 13.675 16.074 12.007 15.576 25.313 29.446 19.565 10.661 14.895 19.417 18.733 16.097 17.653 30.341 20.606 18.319 15.804 12.906 30.716 22.333 16.213 22.073 18.678 15.534 17.505 9.707
3.062 5.493 7.058 2.568 9.163 7.505 11.662 11.265 11.649 2.613 6.985 17.406 9.479 4.01 2.642 11.843 16.827 12.766 8.126 6.958 14.542 3.964 4.298 4.857 9.998 10.208 7.731 4.367 9.135 16.344 22.362 41.166 14.017 19.369 17.111 14.599 23.556 36.165 29.466 15.922 18.452 13.173 17.144 29.752 35.639 22.662 11.677 15.956 21.007 20.216 17.023 18.609 34.092 22.133 19.369 16.257 12.781 32.75 23.102 16.333 22.415 18.415 14.888 16.673 8.768
2.898 5.599 7.063 2.427 9.502 7.344 11.022 10.458 10.707 2.259 7.156 16.906 8.958 3.646 2.562 12.893 16.572 11.995 7.436 6.579 14.264 3.697 4.43 5.363 11.185 10.623 7.828 4.446 10.226 17.151 21.672 37.133 12.331 17.658 15.809 13.575 22.335 33.206 26.421 13.939 16.969 12.191 16.507 28.269 32.469 19.984 10.1 14.947 19.994 18.92 15.859 17.648 32.149 20.261 17.68 14.955 11.924 31.851 21.51 14.829 21.054 17.247 14.026 16.165 8.283
3.031 5.373 6.817 2.522 8.768 7.201 11.06 10.915 11.45 2.635 6.984 16.671 9.434 4.021 2.65 11.438 15.65 12.131 7.772 6.637 13.524 3.802 4.101 4.629 9.195 9.141 6.902 3.925 8.15 14.053 18.913 34.824 12.659 17.278 15.392 13.15 20.929 31.913 26.691 14.674 16.954 12.172 15.715 26.752 32.217 21.041 10.946 14.974 19.631 18.907 16.001 17.49 31.699 21.114 18.554 15.648 12.355 31.197 22.405 15.959 21.879 18.166 14.755 16.489 8.722
2.674 4.574 5.692 2.246 7.085 5.982 8.838 8.786 9.186 2.292 5.799 12.893 7.71 3.439 2.356 9.046 12.228 9.742 6.429 5.576 10.788 3.31 3.608 4.08 7.611 7.573 5.827 3.454 6.863 11.35 15.091 27.087 10.729 14.463 13.136 11.399 17.565 26.075 22.297 12.743 14.668 10.856 13.831 22.558 26.903 18.167 9.872 13.428 17.319 16.684 14.231 15.409 26.455 18.226 16.103 13.798 11.137 25.963 19.247 13.973 18.724 15.773 12.967 14.36 7.951
3.515 6.349 7.886 2.983 10.157 8.171 11.852 11.386 11.688 2.772 7.869 17.426 9.875 4.334 3.12 13.264 16.945 12.751 8.244 7.322 14.701 4.323 5.077 6.057 11.671 11.217 8.513 5.084 10.729 17.208 21.448 35.387 13.045 18.049 16.427 14.325 22.52 32.64 26.81 14.982 17.865 13.274 17.475 28.622 32.877 21.288 11.374 16.26 21.343 20.446 17.462 19.239 33.305 22.098 19.527 16.767 13.659 33.343 23.667 16.9 23.252 19.512 16.161 18.363 9.996
