4.125 6.434 7.394 5.537 10.455 9.841 10.831 9.468 9.788 2.693 6.602 10.599 8.5 6.171 5.181 10.343 12.6 10.906 6.932 6.29 13.879 5.484 6.064 7.749 16.545 8.094 7.6 11.137 12.546 11.344 17.798 21.372 9.107 10.63 11.398 9.258 13.553 18.257 17.536 7.946 8.556 7.484 12.086 12.609 18.132 12.158 5.548 6.535 15.157 10.251 10.462 13.172 17.811 9.067 10.329 9.861 11.14 20.558 10.327 9.48 11.041 7.037 9.419 8.569 5.228
4.245 6.605 7.674 5.732 10.804 10.052 10.864 9.338 9.566 2.623 6.431 10.789 8.565 6.2 5.196 10.614 13.016 11.039 6.944 6.28 14.189 5.531 6.129 7.931 17.5 8.238 7.723 11.379 13.013 11.654 18.2 21.468 8.934 10.413 11.385 9.355 13.852 18.723 17.631 7.885 8.467 7.51 12.463 13.078 18.627 12.206 5.521 6.47 15.372 10.469 10.635 13.366 18.101 9.039 10.23 9.811 11.185 20.741 10.149 9.254 10.747 6.892 9.279 8.544 5.234
3.849 6.012 7.035 5.189 9.931 9.385 10.443 9.233 9.653 2.606 6.396 10.556 8.133 5.927 4.954 10.116 12.148 10.526 6.71 6.073 13.742 5.22 5.751 7.411 16.122 7.62 7.196 10.72 12.1 10.821 17.325 20.964 8.942 10.513 11.305 9.011 13.217 17.829 17.143 7.75 8.339 7.27 11.753 12.064 17.444 11.698 5.305 6.173 14.814 9.717 9.897 12.609 17.258 8.656 9.917 9.494 10.722 20.081 9.942 9.172 10.743 6.797 9.085 8.254 4.941
4.088 6.403 7.514 5.505 10.606 10.055 11.323 10.124 10.686 2.876 7.053 11.623 8.836 6.459 5.393 11.047 13.101 11.444 7.335 6.639 15.085 5.656 6.202 8.008 17.328 8.174 7.724 11.59 12.992 11.607 18.782 22.925 9.912 11.678 12.501 9.855 14.425 19.405 18.797 8.545 9.189 7.967 12.771 12.957 18.825 12.719 5.772 6.686 16.195 10.425 10.624 13.631 18.719 9.405 10.816 10.361 11.663 21.955 10.911 10.099 11.886 7.481 9.981 9.031 5.355
4.009 6.262 7.141 5.338 10.09 9.478 10.389 8.964 9.118 2.519 6.092 9.749 8.053 5.921 4.961 9.8 11.996 10.607 6.687 6.008 13.058 5.27 5.825 7.452 15.749 8.007 7.449 10.786 11.977 10.99 17.182 20.443 8.743 9.95 10.591 8.689 12.862 17.44 16.911 7.633 8.12 7.054 11.339 12.04 17.545 11.771 5.348 6.229 14.23 9.642 10.018 12.644 16.897 8.69 9.815 9.28 10.409 19.264 9.823 8.908 10.262 6.496 8.673 7.942 4.88
3.85 5.935 6.931 5.171 9.928 9.428 10.381 9.008 9.292 2.462 5.996 10.108 8.109 5.814 4.783 9.814 12.302 10.575 6.59 5.867 13.407 5.188 5.662 7.194 16.27 7.753 7.183 10.524 12.132 10.916 17.377 21.048 8.713 10.056 10.854 8.794 13.02 17.91 17.146 7.568 7.997 6.908 11.415 12.071 17.593 11.622 5.141 5.879 14.082 9.657 9.807 12.353 17.089 8.5 9.569 9.055 10.307 19.697 9.687 8.768 10.107 6.377 8.546 7.797 4.681
3.902 6.077 7.011 5.225 9.891 9.269 10.116 8.719 8.895 2.438 5.911 9.736 7.879 5.765 4.819 9.703 11.881 10.353 6.512 5.848 12.981 5.14 5.668 7.298 15.794 7.763 7.226 10.557 11.873 10.773 16.905 20.081 8.497 9.724 10.467 8.571 12.715 17.257 16.567 7.434 7.907 6.914 11.273 11.897 17.222 11.448 5.172 5.996 14.025 9.481 9.762 12.329 16.612 8.421 9.503 9.029 10.188 18.957 9.501 8.611 9.939 6.308 8.445 7.758 4.744
4.277 6.791 8.008 5.844 11.041 10.127 11.003 9.645 10.038 2.784 6.969 11.696 8.631 6.35 5.444 11.337 13.057 11.036 7.112 6.597 15.05 5.59 6.299 8.41 17.951 8.111 7.801 11.912 13.31 11.705 18.489 21.648 9.179 11.059 12.171 9.763 14.398 18.952 17.765 8.09 8.964 8.106 13.298 13.318 18.675 12.343 5.715 6.831 16.836 10.641 10.822 13.857 18.554 9.21 10.696 10.445 11.837 21.441 10.419 9.69 11.513 7.4 10 9.193 5.577
3.978 6.256 7.192 5.341 10.024 9.418 10.425 9.214 9.56 2.683 6.56 10.345 8.104 5.995 5.096 10.076 11.891 10.444 6.752 6.184 13.429 5.292 5.887 7.597 15.643 7.743 7.357 10.855 11.979 10.825 17.012 20.368 8.925 10.439 11.143 8.957 13.034 17.339 16.79 7.763 8.432 7.419 11.735 12.029 17.246 11.751 5.475 6.505 14.983 9.815 10.085 12.811 17.106 8.821 10.146 9.746 10.911 19.768 10.074 9.34 10.96 7.002 9.324 8.478 5.184
4.458 6.939 8.109 6.017 11.447 10.711 11.686 10.108 10.397 2.814 6.882 11.606 9.126 6.623 5.527 11.362 13.881 11.886 7.477 6.734 15.316 5.895 6.504 8.418 18.65 8.789 8.227 12.174 13.873 12.424 19.63 23.35 9.752 11.334 12.327 10.017 14.852 20.143 19.126 8.537 9.131 8.032 13.26 13.85 19.921 13.122 5.902 6.847 16.454 11.039 11.247 14.226 19.377 9.653 10.94 10.461 11.884 22.256 10.904 9.936 11.542 7.338 9.857 9.05 5.484
3.964 6.228 7.212 5.355 9.994 9.333 10.252 9.08 9.495 2.674 6.617 10.618 8.13 5.97 5.091 10.188 11.974 10.255 6.65 6.137 13.53 5.244 5.863 7.608 15.873 7.523 7.213 10.733 12.017 10.706 16.766 19.978 8.65 10.363 11.209 9.032 13.105 17.327 16.488 7.62 8.37 7.465 11.969 12.155 17.114 11.534 5.392 6.475 15.148 9.954 10.091 12.774 17.129 8.723 10.085 9.785 11.053 19.924 9.966 9.327 11.014 7.116 9.523 8.682 5.314
4.251 6.808 8.053 5.829 11.123 10.089 10.84 9.368 9.682 2.628 6.721 11.602 8.585 6.274 5.375 11.542 13.268 11.151 7.065 6.524 15.281 5.598 6.28 8.543 18.519 8.314 7.842 12.143 13.547 11.876 18.82 21.793 9.101 10.883 12.112 9.748 14.628 19.324 17.986 8.027 8.872 8.047 13.465 13.48 18.896 12.29 5.551 6.577 16.83 10.51 10.659 13.744 18.386 8.986 10.368 10.104 11.484 21.056 10.068 9.189 10.935 6.954 9.533 8.812 5.302
4.002 6.162 7.159 5.347 10.241 9.678 10.592 9.095 9.295 2.48 5.99 10.164 8.303 5.978 4.91 10.043 12.638 10.931 6.769 5.994 13.627 5.351 5.829 7.43 16.756 8.122 7.459 10.857 12.46 11.293 17.869 21.473 8.897 10.116 10.928 8.953 13.348 18.387 17.621 7.754 8.131 7.03 11.653 12.445 18.174 11.952 5.273 5.992 14.281 9.851 10.08 12.679 17.406 8.7 9.721 9.169 10.42 19.918 9.857 8.836 10.122 6.383 8.56 7.863 4.753
4.324 6.693 7.562 5.698 10.841 10.194 11.132 9.467 9.556 2.61 6.281 10.171 8.781 6.362 5.25 10.351 13.082 11.562 7.132 6.32 13.798 5.688 6.234 7.875 17.015 8.807 8.021 11.436 12.833 11.925 18.558 22.119 9.292 10.404 11.082 9.257 13.832 18.976 18.383 8.131 8.523 7.321 11.946 13.023 19.139 12.662 5.633 6.464 14.709 10.314 10.769 13.464 18.064 9.278 10.332 9.649 10.881 20.562 10.487 9.342 10.626 6.694 8.985 8.259 5.081
3.906 6.105 7.069 5.226 9.88 9.519 10.691 9.501 9.78 2.681 6.369 10.095 8.032 6.036 5.065 9.992 11.952 10.886 7.037 6.288 13.563 5.369 5.867 7.518 15.61 8.035 7.567 11.058 12.122 11.035 17.626 21.558 9.56 10.846 11.302 8.958 13.077 17.771 17.734 8.187 8.634 7.385 11.485 11.862 17.479 12.208 5.587 6.395 14.624 9.546 9.867 12.678 17.133 8.921 10.122 9.574 10.57 19.452 10.207 9.339 10.769 6.737 8.829 8 4.825
3.812 6.021 6.803 5.085 9.472 8.741 9.416 8.04 8.08 2.311 5.615 8.787 7.337 5.464 4.665 9.051 10.847 9.597 6.082 5.54 11.745 4.841 5.425 7.022 14.341 7.418 6.928 10.028 10.921 10.079 15.49 17.901 7.744 8.804 9.433 7.854 11.679 15.619 14.999 6.849 7.388 6.522 10.449 11.143 16.047 10.725 4.964 5.909 13.25 8.93 9.367 11.838 15.402 8.008 9.09 8.641 9.677 17.475 8.956 8.14 9.44 6.042 8.099 7.473 4.695
3.741 5.844 6.69 5.018 9.345 8.586 9.154 7.759 7.837 2.214 5.396 8.926 7.312 5.338 4.512 9.037 11.021 9.424 5.908 5.354 11.816 4.769 5.304 6.902 14.822 7.23 6.71 9.791 11.03 10.009 15.358 17.755 7.487 8.563 9.399 7.889 11.754 15.768 14.816 6.663 7.145 6.39 10.587 11.253 15.947 10.415 4.752 5.604 13.016 8.947 9.201 11.534 15.265 7.747 8.713 8.348 9.493 17.353 8.625 7.784 9.014 5.821 7.859 7.303 4.564
4.001 6.263 7.299 5.396 10.229 9.561 10.463 9.095 9.347 2.559 6.241 10.361 8.114 5.957 5.01 10.219 12.272 10.646 6.756 6.11 13.707 5.303 5.86 7.63 16.484 7.912 7.429 11.018 12.364 11.102 17.537 20.83 8.861 10.26 11.088 8.972 13.273 17.888 17.129 7.732 8.294 7.303 11.89 12.319 17.724 11.815 5.368 6.248 14.895 9.823 10.059 12.795 17.267 8.699 9.893 9.471 10.681 19.768 9.832 8.976 10.45 6.637 8.886 8.154 4.953
4.168 6.754 7.974 5.732 11.065 10.026 10.904 9.528 9.937 2.674 6.933 11.75 8.555 6.263 5.385 11.619 13.157 11.112 7.09 6.586 15.487 5.564 6.266 8.54 18.375 8.183 7.784 12.182 13.461 11.773 18.88 22.01 9.262 11.191 12.344 9.798 14.676 19.309 18.065 8.1 9.029 8.131 13.501 13.327 18.782 12.291 5.562 6.638 17.096 10.418 10.58 13.745 18.429 8.993 10.485 10.209 11.569 21.273 10.147 9.34 11.19 7.058 9.694 8.875 5.283
3.174 4.973 5.847 4.3 8.195 7.724 8.557 7.596 7.998 2.155 5.385 8.932 6.744 4.903 4.119 8.454 10.072 8.591 5.499 5.019 11.429 4.27 4.754 6.149 13.386 6.133 5.868 8.808 9.996 8.848 14.14 17.037 7.192 8.679 9.426 7.499 10.962 14.706 13.97 6.325 6.897 6.07 9.863 10.041 14.339 9.567 4.356 5.139 12.426 8.126 8.213 10.467 14.338 7.124 8.235 7.948 9.023 16.796 8.196 7.66 9.048 5.764 7.737 7.032 4.208
3.657 5.681 6.72 4.927 9.622 9.196 10.369 9.188 9.632 2.524 6.104 10.349 7.993 5.789 4.751 9.888 12.047 10.561 6.658 5.914 13.71 5.122 5.53 7.104 15.998 7.555 7.016 10.487 11.909 10.676 17.436 21.434 9.105 10.52 11.225 8.849 13.078 17.918 17.426 7.772 8.181 6.994 11.369 11.729 17.318 11.609 5.133 5.788 14.277 9.328 9.494 12.185 16.981 8.447 9.572 9.075 10.236 19.794 9.775 8.889 10.342 6.431 8.564 7.763 4.554
3.629 5.737 6.711 4.894 9.354 8.771 9.854 8.864 9.406 2.58 6.407 10.421 7.771 5.722 4.848 9.902 11.424 9.938 6.45 5.926 13.36 4.983 5.521 7.208 15.171 7.097 6.782 10.276 11.377 10.109 16.279 19.697 8.636 10.325 11.107 8.745 12.749 16.884 16.277 7.501 8.205 7.208 11.481 11.446 16.399 11.12 5.138 6.064 14.675 9.247 9.421 12.125 16.45 8.304 9.658 9.339 10.499 19.379 9.647 9.026 10.74 6.812 9.12 8.254 4.925
3.931 6.267 7.578 5.428 10.661 9.754 10.708 9.334 9.811 2.551 6.489 11.602 8.271 6.02 5.055 11.071 12.864 10.712 6.795 6.219 15.084 5.191 5.842 7.876 18.052 7.583 7.314 11.435 12.97 11.277 18.41 21.549 8.72 10.76 11.918 9.4 14.14 18.884 17.439 7.727 8.509 7.589 12.831 12.853 18.41 11.789 5.263 6.138 16.249 10.007 10.188 13.226 18.204 8.605 10.038 9.772 11.184 21.331 9.745 9.106 10.894 6.822 9.32 8.554 5.006
4.157 6.528 7.537 5.625 10.39 9.576 10.322 8.966 9.207 2.651 6.468 10.464 8.141 6.007 5.152 10.297 12.148 10.362 6.69 6.173 13.522 5.349 5.99 7.844 16.384 7.822 7.454 11.046 12.353 11.043 17.029 19.854 8.584 10.077 10.989 9.014 13.178 17.398 16.41 7.585 8.294 7.492 12.146 12.477 17.451 11.639 5.466 6.567 15.261 10.139 10.324 13.01 17.218 8.798 10.075 9.789 11.067 19.72 9.871 9.127 10.709 6.974 9.34 8.608 5.36
3.562 5.513 6.281 4.701 9.005 8.661 9.779 8.655 8.992 2.435 5.877 9.245 7.606 5.534 4.569 8.983 11.082 9.928 6.285 5.615 12.221 4.904 5.358 6.7 14.124 7.297 6.773 9.755 10.886 10.023 15.937 19.726 8.529 9.77 10.223 8.212 11.983 16.326 16.176 7.304 7.736 6.564 10.352 10.881 16.09 11.022 4.976 5.724 13.07 8.832 9.154 11.531 15.729 8.152 9.24 8.667 9.685 18.219 9.458 8.615 9.908 6.211 8.244 7.432 4.465
3.923 6.408 7.506 5.394 10.331 9.33 10.169 8.982 9.433 2.593 6.785 11.156 8.024 5.909 5.148 10.946 12.139 10.242 6.63 6.255 14.454 5.213 5.942 8.1 16.87 7.528 7.263 11.402 12.457 10.871 17.349 20.209 8.652 10.593 11.67 9.237 13.702 17.78 16.631 7.579 8.596 7.795 12.762 12.422 17.325 11.459 5.298 6.464 16.341 9.839 10.002 12.994 17.25 8.509 10.044 9.839 11.116 20.033 9.665 9.009 10.876 6.919 9.495 8.655 5.188
3.71 5.624 6.498 4.903 9.519 9.312 10.515 9.296 9.687 2.515 6.071 9.9 8.278 5.848 4.716 9.478 12.24 10.756 6.659 5.851 13.167 5.232 5.611 6.858 15.487 7.793 7.094 10.149 11.768 10.752 17.3 21.882 9.133 10.39 10.955 8.796 12.89 18.001 17.751 7.768 8.096 6.738 10.925 11.679 17.439 11.809 5.141 5.752 13.469 9.48 9.65 12.052 17 8.609 9.637 8.922 10.121 19.766 10.09 9.041 10.277 6.412 8.535 7.657 4.532
3.784 5.985 6.822 5.064 9.484 8.919 9.864 8.677 8.903 2.515 6.117 9.428 7.529 5.646 4.821 9.371 11.013 9.877 6.392 5.844 12.409 4.978 5.562 7.172 14.416 7.422 7.049 10.31 11.177 10.218 16.005 19.047 8.415 9.72 10.267 8.269 12.075 16.09 15.754 7.313 7.927 6.935 10.827 11.198 16.221 11.157 5.217 6.205 13.996 9.127 9.508 12.121 15.989 8.353 9.6 9.166 10.181 18.319 9.496 8.779 10.26 6.524 8.657 7.874 4.848
3.676 5.756 7.002 5.064 9.911 9.218 10.066 8.707 9.091 2.325 5.836 10.671 7.785 5.597 4.622 10.122 12.231 10.148 6.339 5.697 13.924 4.87 5.408 7.172 17.008 7.183 6.83 10.513 12.22 10.647 17.321 20.428 8.131 9.866 10.984 8.727 13.118 17.866 16.495 7.207 7.766 6.879 11.758 12.08 17.38 11.078 4.85 5.563 14.634 9.423 9.491 12.214 17.061 8.031 9.205 8.909 10.253 19.889 9.064 8.364 9.887 6.204 8.428 7.771 4.545
3.646 5.625 6.521 4.894 9.299 8.721 9.451 8.078 8.249 2.221 5.415 9.174 7.48 5.359 4.429 9.06 11.395 9.701 6.014 5.367 12.207 4.801 5.266 6.73 15.179 7.242 6.684 9.749 11.254 10.149 15.907 18.938 7.787 8.948 9.758 8.056 11.989 16.425 15.542 6.847 7.246 6.337 10.595 11.305 16.299 10.634 4.719 5.438 12.927 9 9.151 11.453 15.666 7.801 8.737 8.291 9.477 17.936 8.785 7.91 9.099 5.792 7.803 7.179 4.375
