4.895 7.047 9.036 6.746 8.013 10.853 10.047 8.06 9.721 6.652 8.261 8.466 8.275 8.634 7.458 16.375 14.741 11.98 12.574 10.413 18.521 8.154 7.551 10.969 13.912 14.641 9.743 15.1 18.116 17.879 17.009 19.624 20.077 16.751 14.684 13.325 17.552 21.1 22.119 12.765 13.907 13.597 16.734 15.858 20.558 22.727 13.976 12.756 14.505 23.496 20.205 20.387 25.429 12.429 12.693 16.227 16.289 15.116 13.703 13.379 16.028 12.348 14.761 17.136 10.882
4.62 6.265 7.93 6.034 7.05 9.558 9.072 7.387 8.771 6.043 7.252 7.39 7.217 7.488 6.463 14.05 13.158 11.059 11.603 9.607 16.828 7.674 6.81 9.406 11.962 12.88 8.767 13.177 16.029 16.242 15.707 18.189 18.832 15.897 13.835 12.321 15.845 19.174 20.52 12.152 12.771 12.241 14.86 14.221 18.523 20.94 13.278 11.882 13.138 21.208 18.811 19.36 24.455 12.33 12.102 14.992 15.09 14.102 12.784 12.381 14.711 11.466 13.501 15.722 10.217
3.966 5.279 6.549 5.112 5.875 7.718 7.358 6.092 7.113 5.076 5.991 6.102 5.967 6.162 5.392 10.803 10.237 8.71 9.106 7.686 12.775 6.236 5.64 7.599 9.472 10.158 7.149 10.349 12.42 12.593 12.208 13.949 14.434 12.384 10.938 9.902 12.498 14.902 15.862 9.824 10.358 10.057 12.056 11.646 14.828 16.607 10.964 9.985 11.034 16.978 15.226 15.553 19.15 10.232 10.136 12.401 12.514 11.771 10.789 10.519 12.306 9.825 11.352 12.991 8.797
4.142 5.983 7.679 5.747 6.827 9.227 8.54 6.854 8.262 5.669 7.055 7.246 7.096 7.414 6.421 14.011 12.625 10.263 10.757 8.913 15.797 6.981 6.49 9.458 11.992 12.609 8.409 13.012 15.585 15.363 14.605 16.82 17.174 14.321 12.551 11.397 15.018 18.039 18.886 10.9 11.886 11.64 14.321 13.568 17.534 19.323 11.87 10.829 12.321 19.887 17.089 17.201 21.362 10.43 10.662 13.634 13.688 12.697 11.504 11.225 13.431 10.358 12.381 14.355 9.115
5.34 7.519 9.545 7.233 8.513 11.406 10.641 8.627 10.297 7.122 8.705 8.893 8.696 9.038 7.834 16.653 15.133 12.517 13.125 10.909 19.004 8.599 7.905 11.208 14.117 14.925 10.126 15.337 18.324 18.222 17.464 20.11 20.624 17.357 15.243 13.78 17.917 21.488 22.659 13.354 14.394 14.006 17.103 16.298 21.045 23.378 14.687 13.395 15.095 24.194 21.089 21.511 26.91 13.462 13.641 17.218 17.349 16.215 14.768 14.42 17.199 13.404 15.927 18.45 11.921
3.616 5.433 7.071 5.159 6.235 8.601 7.875 6.228 7.64 5.072 6.438 6.595 6.441 6.747 5.769 13.37 11.778 9.452 9.997 8.158 15.14 6.214 5.793 8.667 11.121 11.695 7.564 12.151 14.639 14.362 13.613 15.872 16.191 13.307 11.574 10.425 14.025 16.995 17.791 9.837 10.875 10.59 13.226 12.435 16.413 18.159 10.732 9.793 11.251 18.827 15.854 16.038 20.311 9.351 9.68 12.599 12.603 11.629 10.474 10.216 12.404 9.35 11.382 13.321 8.146
4.246 5.973 7.722 5.765 6.856 9.469 8.875 7.103 8.556 5.751 7.07 7.243 7.091 7.406 6.352 14.527 13.294 10.935 11.468 9.36 17.032 7.315 6.526 9.368 12.123 13.026 8.615 13.388 16.346 16.386 15.693 18.255 18.774 15.581 13.446 11.929 15.708 19.187 20.447 11.62 12.352 11.86 14.655 13.941 18.408 20.72 12.612 11.227 12.568 20.946 18.197 18.619 23.65 11.282 11.16 14.13 14.236 13.24 11.927 11.545 13.902 10.636 12.737 14.956 9.386
3.634 5.348 6.935 5.078 6.116 8.443 7.758 6.154 7.523 5.029 6.335 6.487 6.333 6.631 5.678 13.164 11.664 9.357 9.882 8.099 14.934 6.243 5.768 8.539 10.965 11.558 7.512 11.998 14.493 14.244 13.496 15.699 16.045 13.232 11.532 10.412 13.919 16.843 17.632 9.873 10.838 10.547 13.122 12.356 16.267 18.013 10.762 9.798 11.19 18.605 15.732 15.86 19.986 9.394 9.636 12.454 12.444 11.483 10.355 10.096 12.209 9.238 11.175 13.066 8.08
4.342 6.12 7.742 5.936 6.978 9.246 8.614 7.037 8.382 5.913 7.252 7.451 7.332 7.657 6.722 13.889 12.609 10.45 10.949 9.199 15.708 7.324 6.857 9.737 12.176 12.799 8.822 13.249 15.696 15.52 14.851 16.987 17.321 14.624 12.932 11.791 15.242 18.108 18.926 11.323 12.264 12.009 14.557 13.846 17.583 19.241 12.182 11.163 12.558 19.629 17.01 17.142 20.999 10.689 10.898 13.664 13.714 12.785 11.647 11.36 13.411 10.527 12.436 14.272 9.324
5.852 7.568 9.288 7.255 8.112 10.479 9.834 8.129 9.9 6.699 8.204 8.001 7.619 8.249 7.016 13.99 13.192 10.905 11.212 9.779 16.788 8.08 7.182 10.183 12.392 12.849 8.773 13.437 16.009 16.289 15.823 17.868 19.079 16.51 14.54 13.173 16.604 19.704 21.088 13.021 13.516 13.312 15.925 15.314 19.571 22.056 14.64 12.734 13.809 22.087 19.961 20.769 25.569 14.006 14.035 17.169 17.161 15.953 14.779 14.123 16.285 12.854 15.415 17.349 11.289
3.905 5.233 6.595 5.031 5.845 7.937 7.571 6.165 7.28 4.998 5.918 6 5.837 6.02 5.167 11.218 10.587 8.922 9.347 7.707 13.507 6.123 5.391 7.285 9.3 10.112 6.876 10.232 12.531 12.768 12.36 14.321 14.865 12.56 10.925 9.702 12.435 15.141 16.303 9.662 10.109 9.654 11.729 11.301 14.848 16.961 10.791 9.676 10.663 17.363 15.525 16.117 20.536 10.346 10.166 12.574 12.751 11.989 10.912 10.596 12.634 9.881 11.618 13.584 8.869
4.251 5.922 7.605 5.632 6.682 9.263 8.669 6.941 8.365 5.564 6.763 6.852 6.651 6.89 5.841 13.57 12.289 10.137 10.714 8.718 16.016 6.757 5.977 8.408 10.868 11.708 7.7 11.979 14.65 14.722 14.153 16.567 17.117 14.242 12.334 10.93 14.365 17.561 18.77 10.693 11.387 10.865 13.436 12.795 17.118 19.469 11.914 10.708 11.976 20.231 17.562 18.223 23.573 11.291 11.249 14.249 14.358 13.408 12.141 11.805 14.302 10.916 13.113 15.461 9.715
5.091 6.873 8.613 6.707 7.799 10.351 9.814 8.087 9.512 6.755 8.089 8.309 8.189 8.537 7.504 15.483 14.429 12.153 12.727 10.708 18.041 8.617 7.861 10.804 13.668 14.668 10.226 15.058 18.084 18.171 17.479 19.931 20.474 17.389 15.312 13.872 17.648 21.032 22.198 13.556 14.366 13.975 16.851 16.205 20.595 22.75 14.738 13.355 14.74 22.68 19.99 20.154 24.48 12.84 12.707 15.598 15.688 14.683 13.401 13.03 15.223 12.052 13.964 15.985 10.721
5.548 7.348 9.081 7.047 8.043 10.561 10.161 8.48 9.908 7.058 8.241 8.322 8.071 8.292 7.239 14.368 13.978 12.123 12.73 10.718 17.65 8.694 7.791 10.365 12.668 13.551 9.656 13.968 16.803 17.241 16.939 19.436 20.199 17.411 15.339 13.782 17.199 20.458 22.045 13.778 14.447 13.914 16.478 15.899 20.35 23.192 15.502 14.101 15.5 23.672 21.511 22.239 27.65 14.826 14.582 17.656 17.672 16.633 15.278 14.889 17.406 13.919 16.057 18.383 12.471
4.408 6.178 7.835 5.919 6.986 9.406 8.766 7.109 8.516 5.89 7.209 7.367 7.206 7.506 6.507 14.075 12.726 10.479 11.047 9.213 16.148 7.284 6.695 9.493 12.004 12.705 8.593 13.125 15.732 15.619 14.948 17.238 17.701 14.891 13.108 11.892 15.453 18.49 19.424 11.467 12.383 12.051 14.707 13.988 18.06 19.996 12.56 11.47 12.888 20.559 17.794 18.029 22.421 11.283 11.414 14.359 14.388 13.399 12.191 11.894 14.131 10.976 12.994 15.016 9.723
4.088 5.316 6.49 5.078 5.733 7.309 6.899 5.809 6.909 5.008 5.777 5.755 5.425 5.409 4.616 8.624 8.416 7.424 7.867 6.795 11.269 5.935 5.311 6.932 8.476 9.052 6.537 9.334 11.569 12.278 12.308 14.314 14.924 12.892 11.157 10.038 12.751 15.514 17.32 11.5 12.176 12.083 14.393 13.669 16.818 18.634 12.377 10.92 11.609 17.287 15.737 16.234 20.598 11.656 11.623 14.243 14.334 13.393 12.387 11.993 13.914 10.984 12.174 13.276 8.719
4.358 5.801 7.302 5.624 6.548 8.959 8.659 7.071 8.322 5.736 6.779 6.921 6.797 7.073 6.127 13.431 13.05 11.047 11.515 9.484 16.552 7.589 6.646 8.924 11.512 12.752 8.742 12.966 16.061 16.517 15.974 18.411 19.08 16.054 13.845 12.211 15.558 19.032 20.575 12.169 12.581 11.953 14.48 14.005 18.348 20.924 13.239 11.692 12.699 20.418 18.299 18.747 23.45 11.717 11.287 13.752 13.91 13.028 11.784 11.356 13.426 10.48 12.201 14.228 9.31
5.344 6.981 8.412 6.511 7.532 9.711 9.321 7.736 8.86 6.272 7.383 7.276 7.158 7.333 6.338 12.084 11.497 9.759 10.14 8.905 15.214 7.745 6.889 9.316 11.562 12.362 8.767 12.43 14.858 15.301 15.231 17.807 19.13 17.024 15.234 13.824 17.191 20.188 21.638 13.924 14.565 14.06 16.928 16.116 21.109 24.083 16.059 14.301 15.435 23.588 21.136 21.43 26.63 14.679 14.334 17.603 18.022 16.954 15.495 14.977 17.15 13.42 15.299 17.302 11.642
4.876 6.744 8.6 6.538 7.733 10.532 9.891 8.029 9.601 6.607 8.04 8.254 8.122 8.496 7.375 16.327 14.878 12.342 13.02 10.786 19.048 8.493 7.701 10.811 13.937 14.992 10.137 15.462 18.74 18.729 17.936 20.684 21.212 17.75 15.508 13.933 18.055 21.737 22.932 13.468 14.373 13.875 16.963 16.185 21.012 23.292 14.525 13.096 14.517 23.26 20.089 20.337 25.184 12.505 12.449 15.521 15.564 14.492 13.14 12.752 15.116 11.691 13.798 15.997 10.34
4.381 5.945 7.447 5.726 6.646 8.831 8.327 6.823 8.043 5.63 6.717 6.829 6.658 6.872 5.955 12.355 11.395 9.56 10.037 8.389 14.314 6.672 6.052 8.274 10.408 11.107 7.643 11.296 13.546 13.601 13.111 15.064 15.541 13.216 11.659 10.542 13.485 16.141 17.116 10.358 11.038 10.702 12.961 12.458 16.055 17.971 11.61 10.617 11.824 18.674 16.535 16.986 21.228 11.027 11.072 13.754 13.909 13.088 11.996 11.731 13.888 10.968 12.857 14.844 9.859
3.977 5.288 6.543 5.092 5.857 7.757 7.511 6.275 7.339 5.216 6.115 6.205 6.066 6.295 5.535 11.2 11.02 9.561 10.009 8.398 13.89 6.806 6.101 8.128 10.021 10.895 7.789 11.327 13.683 14.104 13.806 15.76 16.294 13.952 12.208 10.913 13.613 16.236 17.493 10.845 11.321 10.86 12.882 12.458 15.969 18.094 11.948 10.761 11.721 17.789 16.041 16.366 20.012 10.575 10.283 12.329 12.302 11.551 10.557 10.237 11.92 9.487 10.897 12.428 8.408
3.813 4.987 6.255 4.778 5.494 7.45 7.195 5.887 6.922 4.774 5.591 5.651 5.473 5.62 4.811 10.352 10.084 8.604 9.005 7.452 12.933 6.042 5.186 6.921 8.746 9.499 6.498 9.562 11.777 12.156 11.88 13.82 14.498 12.354 10.692 9.408 11.915 14.506 15.782 9.462 9.72 9.205 11.059 10.636 13.913 16.103 10.426 9.227 10.084 16.343 14.968 15.645 20.148 10.409 9.996 12.216 12.348 11.584 10.504 10.139 12.041 9.467 11.059 12.972 8.541
4.28 5.679 7.014 5.4 6.198 8.234 7.964 6.614 7.728 5.425 6.331 6.381 6.184 6.364 5.524 11.25 11.082 9.576 9.99 8.32 13.919 6.724 5.966 7.9 9.693 10.528 7.438 10.816 13.098 13.554 13.29 15.268 15.902 13.636 11.906 10.593 13.261 15.953 17.366 10.671 11.104 10.588 12.574 12.169 15.767 18.137 11.971 10.78 11.774 18.268 16.783 17.441 21.875 11.509 11.235 13.572 13.635 12.882 11.801 11.464 13.463 10.71 12.41 14.313 9.624
4.695 6.379 7.991 6.178 7.19 9.533 8.997 7.4 8.735 6.178 7.422 7.595 7.454 7.75 6.783 14.022 12.96 10.897 11.44 9.625 16.317 7.741 7.076 9.773 12.275 13.078 9.084 13.449 16.089 16.133 15.546 17.804 18.319 15.582 13.753 12.475 15.924 18.965 20.015 12.19 12.977 12.621 15.222 14.59 18.593 20.596 13.329 12.13 13.462 20.895 18.399 18.668 22.928 11.985 11.951 14.751 14.82 13.869 12.662 12.328 14.463 11.424 13.313 15.266 10.17
4.997 6.578 8.361 6.313 7.342 10.21 9.863 7.976 9.444 6.354 7.476 7.565 7.34 7.572 6.433 14.714 14.262 12.053 12.596 10.244 18.449 8.174 6.924 9.305 12.051 13.308 8.929 13.435 16.808 17.386 16.915 19.786 20.695 17.372 14.859 12.928 16.602 20.549 22.497 13.062 13.367 12.553 15.283 14.725 19.705 23.004 14.443 12.626 13.754 23.088 20.935 21.926 28.514 14.024 13.357 16.422 16.645 15.607 14.081 13.552 16.269 12.597 14.852 17.609 11.305
4.91 6.521 8.06 6.312 7.24 9.499 9.151 7.659 8.944 6.42 7.535 7.659 7.493 7.763 6.845 13.591 13.219 11.449 12.011 10.158 16.644 8.263 7.464 9.97 12.276 13.229 9.487 13.716 16.484 16.882 16.505 18.813 19.432 16.697 14.704 13.247 16.521 19.583 20.935 13.107 13.756 13.297 15.783 15.255 19.392 21.811 14.518 13.175 14.43 21.744 19.497 19.806 24.076 12.902 12.635 15.197 15.173 14.227 13.026 12.664 14.711 11.762 13.483 15.306 10.424
4.882 6.489 8.02 6.208 7.127 9.423 9.056 7.483 8.725 6.145 7.198 7.27 7.059 7.254 6.289 12.71 12.306 10.492 10.915 9.115 15.237 7.353 6.554 8.71 10.762 11.638 8.157 11.801 14.231 14.591 14.191 16.255 16.896 14.473 12.678 11.348 14.283 17.182 18.557 11.381 11.899 11.424 13.662 13.237 17.082 19.503 12.844 11.622 12.783 19.957 18.251 18.89 23.691 12.515 12.329 15.046 15.247 14.43 13.244 12.916 15.221 12.147 14.113 16.301 10.986
3.438 4.863 6.457 4.643 5.608 8.103 7.499 5.868 7.202 4.573 5.628 5.709 5.53 5.744 4.772 12.343 10.871 8.771 9.343 7.414 14.645 5.575 4.818 6.942 9.36 10.198 6.413 10.414 13.009 13.003 12.414 14.765 15.218 12.39 10.603 9.259 12.52 15.636 16.734 9.018 9.623 9.078 11.517 10.915 15.154 17.396 10.089 8.965 10.073 18.245 15.398 16.073 21.365 9.488 9.443 12.233 12.351 11.473 10.292 9.973 12.361 9.143 11.226 13.494 8.066
3.71 4.935 6.1 4.707 5.432 7.26 7.047 5.837 6.821 4.772 5.589 5.65 5.506 5.697 4.955 10.254 10.158 8.736 9.092 7.553 12.733 6.105 5.412 7.173 8.894 9.778 6.885 10.048 12.229 12.691 12.394 14.216 14.787 12.622 10.973 9.736 12.226 14.783 16.095 9.798 10.17 9.674 11.542 11.195 14.543 16.685 10.896 9.749 10.603 16.515 15.122 15.593 19.432 10.096 9.798 11.803 11.881 11.207 10.224 9.899 11.617 9.204 10.649 12.275 8.216
4.104 5.434 6.717 5.28 6.055 7.931 7.636 6.391 7.461 5.381 6.324 6.444 6.318 6.546 5.779 11.441 11.104 9.609 10.096 8.579 14.045 7.012 6.337 8.464 10.458 11.249 8.055 11.601 13.958 14.277 13.94 15.893 16.431 14.128 12.455 11.241 14.011 16.569 17.63 11.06 11.602 11.237 13.344 12.883 16.292 18.238 12.16 11.038 12.091 18.183 16.246 16.432 19.899 10.692 10.466 12.589 12.558 11.738 10.722 10.411 12.071 9.652 11.05 12.537 8.548
