5.501 12.026 14.257 3.066 5.669 6.098 7.294 6.858 13.049 4.713 7.763 13.43 9.383 9.512 5.754 19.111 16.114 12.214 14.723 9.439 13.167 4.935 5.071 4.95 11.367 9.307 5.977 16.61 16.994 19.895 19.112 17.54 15.818 13.293 15.908 9.471 12.849 15.502 15.848 8.934 9.621 5.572 6.605 11.962 13.881 16.536 5.825 8.936 12.682 11.722 14.733 14.576 16.098 5.54 5.277 5.176 6.899 10.139 9.539 7.916 9.266 8.094 9.232 11.263 8.663
7.016 14.953 18.038 4.073 7.41 7.788 9.054 8.464 15.715 5.971 9.627 16.272 11.687 11.893 7.29 23.165 20.214 15.884 19.142 12.414 16.992 6.479 6.564 6.321 13.653 11.219 7.27 19.458 20.309 24.303 24.124 22.708 20.716 17.54 20.874 12.514 16.715 19.951 20.558 11.819 12.574 7.264 8.434 14.68 16.986 20.624 7.569 11.474 15.973 14.841 18.792 18.908 21.376 7.549 7.13 6.815 8.751 12.449 11.81 9.922 11.627 10.266 11.67 14.203 11.081
5.88 13.237 15.475 3.269 6.551 6.931 8.087 7.462 14.046 4.982 8.553 14.53 9.938 10.22 6.213 21.154 17.223 13.329 16.431 10.489 14.886 5.459 5.834 5.766 12.921 9.96 6.313 17.901 17.6 20.662 20.256 19.117 17.495 14.86 18.026 10.534 14.594 17.355 17.58 9.853 10.819 6.158 7.431 13.229 14.714 17.509 6.105 9.862 13.904 12.623 16.121 16.008 18.109 6.177 6.141 5.999 7.873 11.107 10.124 8.329 9.865 8.681 10.032 12.247 9.324
6.018 13.553 15.871 3.354 6.745 7.12 8.283 7.63 14.327 5.085 8.743 14.819 10.136 10.435 6.353 21.579 17.598 13.641 16.839 10.759 15.257 5.597 5.992 5.919 13.182 10.135 6.429 18.197 17.88 21.026 20.69 19.601 17.994 15.317 18.603 10.874 15.058 17.882 18.104 10.148 11.141 6.342 7.652 13.571 15.067 17.947 6.266 10.158 14.314 12.994 16.612 16.527 18.761 6.404 6.369 6.211 8.123 11.411 10.387 8.551 10.144 8.935 10.327 12.607 9.605
5.121 11.324 13.279 2.881 5.572 5.939 6.964 6.451 12.077 4.35 7.346 12.501 8.631 8.801 5.379 17.929 14.881 11.386 13.847 8.912 12.487 4.68 4.946 4.886 11.036 8.633 5.502 15.456 15.369 17.939 17.524 16.417 15.018 12.747 15.329 9.126 12.43 14.811 15.015 8.497 9.24 5.369 6.446 11.467 12.877 15.228 5.429 8.587 12.116 11.079 13.938 13.858 15.493 5.392 5.256 5.18 6.803 9.647 8.882 7.355 8.677 7.637 8.762 10.655 8.197
5.416 11.918 14.171 3.102 5.879 6.203 7.229 6.692 12.528 4.557 7.596 12.929 9.018 9.226 5.633 18.642 15.681 12.139 14.827 9.559 13.294 4.976 5.159 5.017 11.12 8.795 5.63 15.645 15.792 18.77 18.606 17.62 16.225 13.818 16.61 9.89 13.365 15.887 16.18 9.189 9.9 5.713 6.753 11.895 13.486 16.187 5.823 9.119 12.838 11.819 14.984 15.032 17.016 5.954 5.713 5.525 7.144 10.092 9.362 7.802 9.222 8.132 9.321 11.368 8.796
5.66 12.648 14.689 3.101 6.032 6.53 7.79 7.252 13.768 4.855 8.243 14.222 9.714 9.864 5.977 20.355 16.648 12.514 15.207 9.72 13.789 5.116 5.422 5.393 12.623 9.912 6.277 17.882 17.704 20.386 19.505 17.944 16.232 13.679 16.499 9.764 13.465 16.184 16.378 9.165 10.051 5.828 7.06 12.865 14.494 16.967 5.903 9.346 13.312 12.124 15.196 14.951 16.474 5.614 5.53 5.535 7.447 10.789 9.915 8.144 9.571 8.361 9.606 11.695 8.912
5.294 11.734 13.746 2.959 5.822 6.194 7.246 6.714 12.565 4.533 7.666 12.995 8.978 9.198 5.604 18.794 15.471 12.039 14.756 9.468 13.386 4.965 5.26 5.199 11.599 9.057 5.75 16.024 15.884 18.556 18.103 17.016 15.508 13.16 15.912 9.358 12.919 15.409 15.677 8.852 9.676 5.523 6.617 11.745 13.122 15.57 5.477 8.695 12.219 11.138 14.183 14.078 15.88 5.488 5.436 5.307 6.977 9.869 9.039 7.423 8.716 7.676 8.844 10.783 8.235
6.514 14.403 16.736 3.629 7.151 7.647 8.962 8.299 15.457 5.567 9.473 16.034 11.024 11.237 6.891 22.939 18.857 14.415 17.511 11.283 15.871 5.965 6.402 6.393 14.439 11.206 7.134 20.042 19.721 22.79 22.117 20.656 18.847 16.001 19.255 11.466 15.707 18.704 18.905 10.704 11.714 6.831 8.285 14.735 16.395 19.223 6.841 10.907 15.359 13.978 17.53 17.332 19.27 6.715 6.641 6.613 8.732 12.335 11.288 9.313 10.97 9.658 11.09 13.449 10.312
6.971 15.284 18.091 3.974 7.538 7.99 9.335 8.656 16.166 5.892 9.827 16.704 11.645 11.895 7.277 23.981 20.135 15.533 18.908 12.207 16.974 6.385 6.65 6.503 14.476 11.458 7.344 20.376 20.511 24.217 23.868 22.495 20.651 17.562 21.069 12.577 16.996 20.215 20.566 11.697 12.622 7.32 8.688 15.332 17.359 20.724 7.466 11.682 16.439 15.122 19.086 19.084 21.471 7.534 7.249 7.056 9.169 12.975 12.032 10.019 11.82 10.422 11.934 14.526 11.236
5.708 12.062 14.421 3.261 5.869 6.236 7.366 6.959 12.96 4.895 7.9 13.384 9.581 9.711 5.963 18.795 16.309 12.546 14.917 9.703 13.223 5.116 5.221 5.075 11.16 9.334 6.118 16.442 17.088 20.155 19.549 18.024 16.28 13.724 16.216 9.837 13.065 15.658 16.089 9.266 9.852 5.796 6.799 11.98 14.011 16.818 6.16 9.283 12.953 12.081 15.079 15 16.557 5.922 5.553 5.387 7.029 10.185 9.731 8.191 9.564 8.417 9.519 11.526 8.999
6.328 14.129 16.395 3.48 7.219 7.673 8.875 8.161 15.038 5.38 9.35 15.618 10.657 10.958 6.751 22.434 18.297 14.121 17.332 11.142 15.804 5.891 6.491 6.533 14.311 10.911 6.947 19.401 18.86 21.803 21.301 20.146 18.497 15.812 19.209 11.314 15.728 18.618 18.743 10.553 11.685 6.753 8.282 14.546 15.92 18.671 6.543 10.786 15.14 13.669 17.305 17.106 19.262 6.635 6.756 6.703 8.791 12.188 10.993 9.021 10.689 9.448 10.906 13.221 10.06
6.345 13.44 15.474 3.59 6.974 7.495 8.702 8.089 14.504 5.499 9.178 15.096 10.587 10.778 6.778 21.164 17.572 13.67 16.425 10.818 14.96 5.871 6.371 6.457 13.971 10.968 7.121 18.999 18.689 21.327 20.679 19.372 17.719 15.154 18.051 11.004 14.862 17.549 17.712 10.304 11.237 6.725 8.153 14.085 15.53 17.978 6.706 10.512 14.561 13.309 16.454 16.23 17.886 6.565 6.523 6.54 8.542 11.803 10.821 8.988 10.475 9.306 10.608 12.708 9.865
6.253 14.738 17.381 3.43 6.942 7.317 8.633 7.933 15.573 5.225 9.134 16.038 10.741 11.055 6.522 23.858 19.158 14.595 18.214 11.35 16.394 5.714 6.016 5.856 13.82 10.529 6.511 19.587 19.277 22.948 22.501 21.161 19.302 16.258 19.937 11.346 15.965 19.175 19.466 10.602 11.67 6.441 7.771 14.331 16.126 19.47 6.465 10.588 15.219 13.773 17.878 17.789 20.301 6.582 6.473 6.271 8.337 12.066 10.989 8.977 10.741 9.363 10.908 13.496 10.145
7.123 15.537 17.983 3.933 7.588 8.223 9.763 9.117 16.975 6.164 10.341 17.561 12.145 12.316 7.557 24.867 20.48 15.545 18.76 12.136 17.049 6.469 6.888 6.903 15.793 12.508 8.008 22.193 21.987 25.162 24.046 22.13 20.021 16.933 20.302 12.171 16.654 19.94 20.192 11.469 12.538 7.361 8.914 15.994 17.965 20.912 7.456 11.678 16.467 15.044 18.715 18.389 20.158 7.06 6.966 6.994 9.356 13.414 12.365 10.194 11.903 10.443 11.941 14.445 11.084
6.055 13.093 15.276 3.441 6.765 7.193 8.302 7.666 13.906 5.171 8.712 14.442 10.065 10.286 6.407 20.499 17.093 13.314 16.156 10.543 14.655 5.632 6.08 6.093 13.155 10.226 6.579 17.845 17.608 20.388 20.035 18.989 17.506 15.013 18.042 10.869 14.761 17.439 17.63 10.138 11.044 6.505 7.853 13.582 14.995 17.58 6.439 10.232 14.253 13.015 16.303 16.212 18.187 6.529 6.462 6.395 8.29 11.434 10.446 8.661 10.179 9.032 10.342 12.478 9.652
5.744 12.383 14.778 3.329 6.209 6.533 7.568 7.023 12.967 4.85 7.961 13.402 9.49 9.705 5.976 19.205 16.375 12.834 15.59 10.128 13.939 5.304 5.469 5.314 11.491 9.212 5.956 16.12 16.442 19.606 19.528 18.548 17.086 14.572 17.418 10.451 14.004 16.593 16.946 9.733 10.43 6.056 7.109 12.342 14.037 16.898 6.205 9.595 13.398 12.39 15.671 15.753 17.839 6.35 6.07 5.841 7.483 10.489 9.794 8.205 9.662 8.554 9.769 11.875 9.25
5.18 11.897 13.744 2.8 5.879 6.265 7.33 6.735 12.753 4.397 7.764 13.241 8.878 9.106 5.511 19.224 15.413 11.687 14.386 9.118 13.109 4.755 5.237 5.263 12.066 9.097 5.692 16.62 16.028 18.487 17.875 16.716 15.226 12.909 15.742 9.154 12.867 15.345 15.433 8.548 9.516 5.434 6.717 12.123 13.304 15.591 5.303 8.817 12.515 11.236 14.265 14.027 15.695 5.26 5.358 5.357 7.146 10.098 9.085 7.405 8.805 7.725 8.956 10.918 8.227
7.331 16.751 20.238 4.138 7.781 8.208 9.727 9.036 17.756 6.189 10.321 18.248 12.605 12.853 7.566 26.898 22.54 17.372 21.382 13.39 18.983 6.731 6.781 6.472 15.099 12.045 7.497 21.815 22.412 27.012 26.571 24.863 22.541 18.877 22.925 13.181 18.184 22.035 22.703 12.504 13.443 7.423 8.684 15.945 18.527 22.711 7.701 11.973 17.168 15.821 20.546 20.621 23.57 7.743 7.324 6.974 9.207 13.554 12.68 10.43 12.326 10.747 12.418 15.417 11.742
5.226 11.949 13.917 2.827 5.53 5.994 7.214 6.716 13.033 4.469 7.633 13.404 9.057 9.21 5.495 19.419 15.701 11.719 14.372 9.072 13.035 4.71 4.948 4.884 11.709 9.191 5.757 16.777 16.631 19.263 18.354 16.818 15.164 12.729 15.48 9.015 12.595 15.233 15.434 8.503 9.358 5.328 6.445 11.971 13.583 16.004 5.406 8.602 12.377 11.249 14.251 13.994 15.475 5.121 5.049 5.033 6.838 10.072 9.248 7.551 8.896 7.722 8.911 10.929 8.25
7.183 15.342 18.097 4.127 7.877 8.357 9.67 8.972 16.309 6.164 10.156 16.878 11.937 12.206 7.58 24.034 20.368 16.103 19.598 12.843 17.826 6.86 7.194 7.083 15.165 12.029 7.753 20.603 20.687 24.157 23.825 22.632 20.826 17.848 21.424 12.892 17.462 20.694 21.109 12.196 13.192 7.665 9.052 15.598 17.411 20.603 7.569 11.755 16.302 14.975 18.898 18.903 21.4 7.719 7.574 7.351 9.478 13.155 12.12 10.035 11.699 10.371 11.856 14.353 11.13
5.843 13.15 15.394 3.219 6.706 7.089 8.178 7.499 13.874 4.925 8.577 14.365 9.798 10.096 6.187 20.725 16.985 13.152 16.241 10.401 14.778 5.441 5.961 5.955 13.006 9.902 6.287 17.616 17.197 20.066 19.774 18.838 17.389 14.897 18.192 10.65 14.845 17.59 17.752 9.935 10.986 6.283 7.676 13.483 14.802 17.509 6.083 10.083 14.19 12.834 16.37 16.285 18.553 6.311 6.403 6.293 8.213 11.38 10.266 8.427 10.023 8.854 10.236 12.455 9.474
7.393 15.65 18.734 4.373 8.152 8.537 9.755 9.011 16.21 6.231 10.131 16.712 11.961 12.259 7.661 23.787 20.511 16.354 19.922 13.125 17.94 6.967 7.212 7.012 14.577 11.631 7.576 19.814 20.176 24.075 24.314 23.492 21.947 18.963 22.742 13.816 18.431 21.697 22.154 12.899 13.802 8.082 9.439 15.96 17.937 21.53 8.12 12.535 17.348 16.08 20.328 20.592 23.601 8.63 8.303 7.959 10.026 13.707 12.721 10.679 12.541 11.174 12.732 15.41 12.102
5.701 13.175 15.224 3.056 6.297 6.807 8.117 7.506 14.457 4.922 8.554 14.858 9.954 10.174 6.054 21.724 17.253 13.136 16.268 10.239 14.936 5.313 5.707 5.693 13.477 10.31 6.359 18.623 18.069 20.767 19.771 18.293 16.516 13.948 17.154 9.879 14.093 17.021 17.248 9.48 10.541 5.891 7.193 13.281 14.745 17.272 5.736 9.331 13.362 12.052 15.449 15.138 16.933 5.602 5.706 5.68 7.719 11.172 10.075 8.097 9.49 8.266 9.612 11.802 8.831
5.121 12.045 14.313 2.766 5.29 5.721 6.977 6.51 13.119 4.35 7.37 13.377 8.995 9.138 5.299 19.747 15.998 11.91 14.75 9.111 13.241 4.592 4.663 4.488 11.11 8.859 5.452 16.351 16.572 19.593 18.685 17.073 15.332 12.771 15.697 8.919 12.598 15.444 15.782 8.495 9.278 5.111 6.079 11.616 13.54 16.309 5.287 8.318 12.191 11.152 14.429 14.232 15.946 5.046 4.859 4.749 6.509 9.9 9.181 7.45 8.791 7.565 8.776 10.933 8.185
5.126 11.81 14.36 2.933 5.922 6.117 6.992 6.332 11.977 4.15 7.139 12.181 8.315 8.558 5.122 17.783 14.978 11.685 14.675 9.337 13.271 4.728 4.954 4.748 10.405 7.868 4.885 14.007 13.944 16.852 17.171 16.797 15.886 13.782 17.152 10.017 13.962 16.729 17.165 9.527 10.381 5.778 6.865 12.087 13.502 16.483 5.665 9.318 13.282 12.159 15.883 16.283 19.368 6.502 6.355 6.05 7.724 10.728 9.74 8.02 9.636 8.481 9.823 12.133 9.3
6.468 15.054 17.331 3.458 7.246 7.752 9.177 8.459 16.292 5.516 9.737 16.818 11.205 11.519 6.881 24.687 19.449 14.782 18.35 11.524 16.771 5.952 6.482 6.478 15.203 11.503 7.147 21.138 20.359 23.557 22.6 21 18.998 16.025 19.648 11.269 16.046 19.251 19.425 10.663 11.912 6.678 8.222 15.099 16.671 19.624 6.532 10.813 15.429 13.848 17.751 17.396 19.485 6.412 6.549 6.506 8.781 12.611 11.352 9.195 10.897 9.51 11.068 13.562 10.138
6.298 14.272 16.938 3.565 7.011 7.352 8.548 7.86 14.918 5.264 8.981 15.381 10.548 10.849 6.555 22.526 18.586 14.388 17.807 11.349 16.034 5.834 6.117 5.949 13.332 10.293 6.498 18.578 18.473 22.03 21.908 20.874 19.272 16.422 19.97 11.672 16.055 19.104 19.413 10.85 11.805 6.678 7.96 14.154 15.883 19.135 6.684 10.738 15.204 13.877 17.826 17.887 20.482 6.967 6.786 6.544 8.493 11.986 10.98 9.075 10.804 9.501 10.976 13.466 10.302
5.127 12.371 14.776 2.812 5.584 5.886 7.02 6.456 13.068 4.263 7.423 13.395 8.92 9.163 5.284 20.21 16.221 12.301 15.44 9.457 13.774 4.648 4.765 4.562 11.148 8.554 5.204 16.137 16.11 19.448 19.07 17.863 16.213 13.544 16.704 9.335 13.229 16.052 16.397 8.776 9.609 5.176 6.177 11.693 13.405 16.437 5.297 8.599 12.544 11.396 14.996 14.969 17.211 5.399 5.205 4.978 6.675 9.906 9.084 7.387 8.86 7.675 8.981 11.238 8.395
5.293 12.838 14.852 2.759 6.124 6.496 7.657 6.988 13.717 4.423 8.114 14.169 9.235 9.555 5.607 21.092 16.419 12.372 15.561 9.577 14.162 4.804 5.331 5.327 12.707 9.37 5.725 17.699 16.868 19.698 19.031 17.805 16.16 13.603 16.881 9.433 13.681 16.428 16.526 8.84 9.985 5.461 6.835 12.736 13.985 16.616 5.284 9.144 13.185 11.734 15.246 14.971 17 5.333 5.518 5.459 7.393 10.628 9.463 7.621 9.175 7.986 9.374 11.568 8.54
