1.122 1.445 2.512 1.63 2.516 3.051 3.8 2.674 3.892 0.744 1.684 4.795 2.767 1.367 1.42 4.09 5.242 4.446 3.462 3.651 6.616 2.165 2.982 2.92 5.665 5.577 3.781 4.032 6.596 8.121 6.93 18.26 7.07 8.072 9.785 8.091 12.518 20.238 15.059 6.407 8.014 5.99 9.027 12.814 20.66 14.478 6.38 8.994 16.003 10.884 10.898 8.007 24.999 11.745 10.918 8.353 6.917 21.747 13.423 8.127 14.827 8.82 5.924 10.569 5.586
1.165 1.419 2.409 1.637 2.473 3.048 3.867 2.807 4.003 0.844 1.642 4.632 2.84 1.453 1.418 3.908 5.294 4.72 3.754 3.893 6.925 2.418 3.076 2.965 5.642 5.785 4.025 4.168 6.682 8.444 7.41 19.463 8.08 8.896 10.528 8.798 13.277 21.683 16.734 7.438 8.631 6.411 9.178 13.034 21.444 15.721 7.23 9.414 16.206 11.462 11.346 8.375 24.852 12.422 11.444 8.729 7.093 20.992 13.696 8.552 14.654 8.997 6.035 10.063 5.577
1.118 1.376 2.394 1.594 2.462 3.034 3.818 2.693 3.87 0.787 1.558 4.704 2.76 1.394 1.371 4.035 5.521 4.83 3.811 3.978 7.236 2.403 3.097 2.99 5.929 6.069 4.15 4.3 7.044 8.964 7.757 21.043 8.192 9.091 10.823 8.979 13.78 22.592 16.832 7.312 8.576 6.333 9.233 13.341 22.12 15.629 7.029 9.237 16.177 11.167 11.047 8.089 24.873 11.8 10.858 8.274 6.721 20.709 12.984 7.965 13.923 8.327 5.57 9.54 5.201
1.02 1.273 2.266 1.489 2.326 2.876 3.644 2.556 3.727 0.712 1.491 4.59 2.686 1.327 1.323 4.015 5.441 4.722 3.667 3.81 7.034 2.279 2.992 2.899 5.804 5.869 3.963 4.128 6.835 8.65 7.431 20.414 7.805 8.627 10.303 8.455 13.107 21.728 16.118 6.756 7.972 5.809 8.635 12.55 20.964 14.684 6.362 8.461 15.152 10.333 10.239 7.402 23.731 11.055 10.139 7.579 6.098 19.702 12.165 7.31 13.044 7.688 5.061 8.925 4.728
1.092 1.43 2.533 1.621 2.538 3.069 3.784 2.615 3.816 0.712 1.693 5.003 2.84 1.39 1.488 4.532 5.826 4.877 3.766 4 7.38 2.349 3.318 3.275 6.519 6.367 4.263 4.586 7.634 9.384 7.916 21.136 7.876 8.989 10.937 8.962 13.969 22.477 16.3 6.765 8.571 6.375 9.741 13.862 22.171 15.081 6.477 9.224 16.512 10.982 10.945 7.985 25.344 11.538 10.627 8.075 6.682 21.474 12.868 7.604 13.978 8.177 5.478 10.023 5.212
1.282 1.573 2.76 1.826 2.842 3.519 4.457 3.125 4.528 0.904 1.768 5.454 3.154 1.576 1.529 4.542 6.272 5.471 4.305 4.49 8.239 2.685 3.432 3.293 6.601 6.788 4.613 4.752 7.825 10.041 8.675 24.068 9.193 10.239 12.216 10.116 15.656 25.985 19.26 8.305 9.71 7.121 10.405 15.2 25.615 18.017 8.05 10.576 18.752 12.892 12.777 9.31 29.279 13.689 12.621 9.591 7.757 24.412 15.195 9.292 16.439 9.742 6.48 11.134 6.019
1.303 1.643 2.725 1.858 2.748 3.273 3.978 2.885 4.045 0.891 1.916 5.02 3.107 1.662 1.759 4.648 5.925 5.147 4.113 4.333 7.486 2.759 3.73 3.73 6.812 6.777 4.818 5.154 8.077 9.806 8.553 20.485 8.667 9.747 11.637 9.816 14.551 22.48 17.142 7.821 9.576 7.412 10.749 14.75 22.573 16.221 7.609 10.344 17.394 12.258 12.227 9.233 25.649 12.902 12.006 9.343 7.87 22.069 14.186 8.901 15.18 9.492 6.608 11.171 6.295
1.183 1.441 2.477 1.682 2.564 3.168 3.996 2.859 4.06 0.848 1.652 4.874 2.979 1.526 1.496 4.293 5.951 5.306 4.204 4.353 7.806 2.688 3.416 3.303 6.415 6.629 4.592 4.741 7.663 9.752 8.526 22.571 9.157 9.994 11.77 9.789 14.787 24.107 18.282 8.023 9.24 6.838 9.815 14.048 23.144 16.659 7.555 9.731 16.728 11.726 11.54 8.475 25.293 12.419 11.368 8.631 6.988 20.888 13.449 8.309 14.145 8.599 5.756 9.685 5.376
1.569 1.971 3.333 2.24 3.378 4.073 5.007 3.591 5.077 1.085 2.286 6.325 3.809 1.98 2.055 5.751 7.479 6.493 5.163 5.439 9.62 3.375 4.523 4.465 8.477 8.473 5.901 6.265 10.055 12.391 10.731 27.071 11.051 12.361 14.772 12.361 18.594 29.312 22.096 9.871 11.943 9.067 13.221 18.449 28.985 20.643 9.52 12.818 21.855 15.209 15.093 11.266 32.548 15.98 14.756 11.414 9.483 27.57 17.489 10.847 18.666 11.464 7.856 13.409 7.436
1.18 1.467 2.526 1.679 2.576 3.144 3.913 2.768 3.952 0.821 1.66 4.865 2.851 1.446 1.452 4.225 5.647 4.895 3.875 4.078 7.36 2.471 3.242 3.155 6.201 6.272 4.301 4.504 7.355 9.247 7.975 21.174 8.32 9.304 11.131 9.271 14.175 22.879 17.057 7.492 8.949 6.691 9.789 13.978 22.686 16.025 7.29 9.726 16.891 11.663 11.555 8.536 25.651 12.294 11.311 8.712 7.159 21.578 13.565 8.34 14.557 8.779 5.938 10.176 5.578
1.263 1.474 2.468 1.739 2.627 3.365 4.422 3.215 4.5 0.951 1.662 4.758 3.16 1.614 1.471 3.856 5.953 5.676 4.539 4.589 8.103 2.874 3.399 3.149 5.891 6.486 4.603 4.615 7.247 9.597 8.7 23.762 10.207 10.866 12.427 10.33 15.369 26.127 20.633 9.075 9.876 7.128 9.722 14.032 24.691 18.737 8.558 10.491 17.544 12.728 12.409 9.035 26.549 13.829 12.54 9.383 7.427 21.486 14.892 9.324 15.342 9.44 6.186 9.807 5.573
1.673 2.099 3.52 2.387 3.567 4.283 5.242 3.784 5.322 1.159 2.448 6.632 4.057 2.142 2.239 6.129 7.933 6.913 5.516 5.806 10.163 3.652 4.897 4.858 9.078 9.074 6.382 6.789 10.786 13.224 11.501 28.378 11.797 13.18 15.71 13.187 19.674 30.734 23.3 10.522 12.724 9.725 14.104 19.529 30.337 21.715 10.104 13.57 22.925 16.057 15.947 11.96 33.858 16.839 15.58 12.07 10.066 28.711 18.343 11.446 19.51 12.092 8.342 14.133 7.912
1.211 1.489 2.603 1.737 2.681 3.318 4.21 2.989 4.312 0.862 1.727 5.185 3.09 1.552 1.525 4.479 6.126 5.391 4.233 4.392 7.995 2.668 3.433 3.312 6.526 6.67 4.56 4.723 7.727 9.817 8.515 23.088 9.104 10.017 11.891 9.828 15.062 24.855 18.698 8.041 9.361 6.86 10.004 14.442 24.075 17.161 7.632 9.987 17.559 12.153 12.018 8.756 27.201 13.011 11.942 9.001 7.256 22.604 14.265 8.716 15.237 9.119 6.046 10.385 5.619
1.104 1.44 2.681 1.656 2.704 3.331 4.184 2.801 4.203 0.733 1.687 5.608 2.994 1.392 1.438 4.866 6.429 5.294 4.017 4.263 8.243 2.397 3.329 3.22 6.88 6.738 4.353 4.614 7.996 10.069 8.358 24.52 8.395 9.566 11.715 9.434 15.232 25.518 17.935 7.11 8.881 6.373 9.947 14.733 24.828 16.379 6.749 9.545 17.898 11.524 11.475 8.172 28.65 12.18 11.129 8.321 6.733 23.904 13.722 7.853 15.079 8.417 5.485 10.402 5.17
1.291 1.508 2.503 1.769 2.669 3.415 4.483 3.25 4.534 0.956 1.681 4.714 3.158 1.615 1.472 3.759 5.859 5.603 4.479 4.527 7.966 2.827 3.361 3.101 5.751 6.382 4.552 4.572 7.133 9.457 8.612 23.477 10.059 10.792 12.329 10.28 15.317 26.1 20.596 9.069 9.922 7.179 9.788 14.136 25.021 18.985 8.688 10.708 17.838 13.021 12.724 9.276 27.034 14.118 12.845 9.626 7.651 21.929 15.291 9.609 15.779 9.738 6.402 10.093 5.755
1.292 1.616 2.724 1.841 2.763 3.336 4.12 2.974 4.211 0.899 1.883 5.144 3.135 1.637 1.688 4.626 6.016 5.252 4.178 4.383 7.709 2.738 3.647 3.597 6.747 6.76 4.736 5.016 7.989 9.841 8.564 21.45 8.877 9.919 11.828 9.91 14.867 23.499 17.879 8.008 9.643 7.318 10.635 14.827 23.365 16.795 7.758 10.417 17.771 12.449 12.382 9.241 26.667 13.215 12.24 9.436 7.826 22.716 14.532 9.053 15.571 9.599 6.568 11.15 6.191
1.374 1.749 3.006 1.976 3.024 3.66 4.532 3.212 4.611 0.935 2.032 5.735 3.355 1.688 1.752 5.022 6.481 5.539 4.353 4.599 8.269 2.781 3.781 3.71 7.169 7.099 4.857 5.172 8.422 10.384 8.904 23.153 9.145 10.34 12.474 10.369 15.87 25.397 18.97 8.257 10.174 7.65 11.358 16.017 25.566 18.015 8.117 11.202 19.569 13.414 13.363 9.893 29.897 14.298 13.213 10.179 8.442 25.662 16.01 9.775 17.386 10.482 7.103 12.422 6.702
1.26 1.487 2.529 1.773 2.696 3.411 4.362 3.082 4.294 0.895 1.613 4.883 3.154 1.616 1.502 4.118 6.408 5.916 4.67 4.733 8.415 2.918 3.531 3.326 6.429 7.088 4.974 5.001 7.927 10.497 9.37 25.172 10.275 11.026 12.675 10.581 15.882 26.597 20.24 8.817 9.747 7.131 9.986 14.662 25.4 18.431 8.306 10.278 17.376 12.494 12.178 8.872 26.227 13.163 11.969 9.004 7.211 21.217 14.257 8.846 14.585 8.902 5.887 9.548 5.469
1.37 1.629 2.729 1.896 2.85 3.563 4.554 3.281 4.615 0.986 1.795 5.101 3.216 1.657 1.553 4.105 6.018 5.507 4.404 4.524 8.01 2.809 3.438 3.254 6.163 6.635 4.667 4.735 7.488 9.773 8.717 23.275 9.661 10.595 12.37 10.405 15.629 25.962 20.038 8.959 10.125 7.509 10.514 15.16 25.739 18.981 8.802 11.159 18.928 13.637 13.413 9.884 28.697 14.555 13.399 10.224 8.281 23.814 15.982 10.09 16.851 10.415 6.978 11.238 6.409
1.409 1.765 3.099 2.025 3.154 3.874 4.881 3.429 4.989 0.98 2.037 6.099 3.508 1.741 1.742 5.184 6.897 5.942 4.655 4.882 8.954 2.908 3.845 3.715 7.395 7.428 5.028 5.265 8.694 10.943 9.388 25.685 9.831 11.041 13.266 10.947 16.978 27.912 20.697 8.858 10.627 7.815 11.589 16.719 27.69 19.425 8.617 11.629 20.681 14.091 14.021 10.234 32.34 15.068 13.916 10.582 8.615 27.312 16.833 10.229 18.359 10.862 7.237 12.677 6.745
1.212 1.489 2.563 1.735 2.65 3.246 4.023 2.838 4 0.843 1.661 5.005 3.007 1.549 1.541 4.517 6.252 5.5 4.354 4.536 8.133 2.777 3.574 3.49 6.87 7.087 4.894 5.074 8.239 10.464 9.079 23.772 9.444 10.365 12.246 10.215 15.449 24.828 18.488 8.128 9.483 7.102 10.289 14.76 23.941 16.891 7.668 9.949 17.056 11.884 11.683 8.624 25.425 12.326 11.276 8.648 7.073 20.986 13.345 8.218 13.956 8.468 5.729 9.726 5.444
1.187 1.404 2.461 1.667 2.584 3.29 4.305 3.05 4.431 0.873 1.583 4.933 2.971 1.471 1.342 3.826 5.663 5.112 4.012 4.091 7.521 2.477 2.988 2.785 5.513 5.916 4.047 4.053 6.586 8.732 7.704 22.122 8.667 9.427 11.066 9.164 14.138 24.447 18.56 7.948 8.844 6.344 9.006 13.407 23.882 17.312 7.689 9.683 17.208 12.131 11.96 8.612 27.584 13.231 12.148 9.058 7.157 22.722 14.7 9.049 15.744 9.389 6.111 10.156 5.542
1.096 1.331 2.229 1.527 2.29 2.807 3.519 2.543 3.577 0.78 1.481 4.15 2.543 1.321 1.285 3.486 4.783 4.272 3.427 3.572 6.306 2.218 2.808 2.714 5.163 5.355 3.75 3.876 6.184 7.858 6.91 17.978 7.439 8.25 9.755 8.218 12.348 19.949 15.29 6.921 8.056 6.072 8.644 12.265 19.992 14.59 6.841 8.89 15.082 10.732 10.604 7.896 22.639 11.393 10.515 8.133 6.682 19.081 12.535 7.916 13.348 8.269 5.624 9.229 5.237
1.285 1.502 2.531 1.762 2.662 3.395 4.474 3.278 4.662 0.981 1.726 4.92 3.163 1.599 1.455 3.835 5.693 5.33 4.259 4.33 7.713 2.711 3.217 2.986 5.608 6.063 4.259 4.272 6.759 8.904 8.02 22.153 9.472 10.172 11.783 9.822 14.74 25.174 19.954 8.815 9.683 7.001 9.622 13.885 24.342 18.51 8.495 10.545 17.975 13.008 12.759 9.305 27.845 14.382 13.121 9.849 7.804 22.954 15.716 9.86 16.525 10.177 6.675 10.665 5.982
1.248 1.475 2.478 1.721 2.581 3.249 4.224 3.119 4.422 0.951 1.716 4.815 3.081 1.571 1.465 3.905 5.579 5.157 4.131 4.231 7.49 2.671 3.232 3.05 5.718 6.051 4.248 4.308 6.831 8.84 7.905 21.162 9.167 9.871 11.509 9.619 14.357 23.971 19.022 8.495 9.464 6.927 9.601 13.673 23.18 17.574 8.137 10.21 17.337 12.509 12.274 9.015 26.447 13.76 12.555 9.495 7.587 21.986 14.969 9.404 15.727 9.763 6.461 10.401 5.847
1.693 2.073 3.498 2.376 3.585 4.381 5.469 3.931 5.547 1.197 2.328 6.596 3.995 2.067 2.042 5.671 7.681 6.798 5.435 5.683 10.085 3.514 4.512 4.382 8.407 8.628 6.011 6.251 10.039 12.674 11.076 28.811 11.781 13.078 15.513 13.023 19.63 31.572 24.003 10.784 12.659 9.532 13.684 19.395 31.401 22.688 10.552 13.816 23.545 16.599 16.407 12.199 35.33 17.542 16.167 12.491 10.27 29.718 19.246 12.06 20.497 12.611 8.573 14.267 8.02
1.067 1.394 2.524 1.595 2.543 3.095 3.82 2.596 3.808 0.705 1.643 5.164 2.859 1.372 1.456 4.721 6.162 5.112 3.915 4.161 7.832 2.407 3.373 3.31 6.836 6.687 4.406 4.712 8.001 9.936 8.307 22.986 8.254 9.342 11.378 9.258 14.604 23.749 16.904 6.899 8.653 6.353 9.78 14.142 22.961 15.326 6.481 9.127 16.562 10.85 10.769 7.797 25.578 11.323 10.332 7.818 6.415 21.354 12.545 7.287 13.513 7.768 5.166 9.612 4.937
1.684 2.13 3.5 2.401 3.52 4.165 5.001 3.637 5.042 1.152 2.489 6.408 4.001 2.167 2.331 6.119 7.751 6.717 5.39 5.702 9.77 3.675 5.002 5.04 9.132 9.059 6.476 6.965 10.871 13.116 11.438 26.774 11.481 12.887 15.385 13.03 19.144 29.108 22.171 10.258 12.622 9.877 14.255 19.363 29.051 20.834 9.902 13.457 22.313 15.762 15.678 11.934 32.171 16.382 15.195 11.921 10.123 27.593 17.808 11.205 18.835 11.911 8.385 14.09 8.048
1.529 1.838 3.157 2.184 3.318 4.13 5.201 3.703 5.179 1.095 2.072 6.299 3.982 2.054 1.983 5.717 8.289 7.506 5.923 6.055 10.767 3.759 4.665 4.502 8.757 9.265 6.453 6.584 10.574 13.626 11.987 31.438 12.918 13.79 16.006 13.309 19.904 32.478 24.654 10.784 12.128 8.963 12.724 18.346 30.436 21.935 9.893 12.394 21.008 14.865 14.511 10.648 31.36 15.661 14.21 10.748 8.659 25.578 16.794 10.347 17.174 10.489 7.007 11.692 6.63
1.321 1.589 2.658 1.831 2.744 3.387 4.277 3.093 4.352 0.945 1.759 4.94 3.054 1.584 1.516 4.054 5.685 5.124 4.111 4.263 7.526 2.648 3.303 3.168 6.009 6.318 4.433 4.547 7.226 9.276 8.202 21.546 8.939 9.887 11.645 9.815 14.746 24.068 18.524 8.372 9.64 7.233 10.226 14.593 24.134 17.714 8.299 10.689 18.139 12.981 12.815 9.516 27.361 13.833 12.772 9.843 8.051 22.996 15.244 9.65 16.216 10.052 6.807 11.071 6.303
