5.273 3.623 4.766 4.848 12.016 12.019 13.756 14.054 16.19 6.748 8.182 12.656 4.815 2.663 2.676 16.063 17.995 19.423 16.372 13.202 16.238 10.265 5.706 8.427 26.989 20.724 13.252 19.168 30.817 37.191 46.981 67.153 26.347 22.88 17.693 18.618 31.675 76.604 46.339 24.154 16.666 10.703 24.257 22.976 54.783 69.548 26.747 25.415 33.106 32.658 41.506 22.416 69.583 27.693 14.197 18.2 14.262 17.108 21.562 23.996 37.486 35.841 22.159 42.145 11.183
4.64 3.195 4.14 4.13 9.722 10.095 11.639 11.953 13.736 5.805 6.888 10.267 3.998 2.219 2.229 11.721 13.669 14.999 12.694 10.185 12.277 7.802 4.35 6.287 18.504 15.031 9.681 13.681 21.515 26.489 33.937 49.242 19.817 16.951 13.027 13.519 22.294 54.208 34.796 18.246 12.523 8.079 17.733 16.756 39.713 53.344 21.247 20.013 25.736 25.538 32.534 17.99 54.36 22.945 11.823 14.971 11.668 13.741 17.061 19.019 29.807 29.381 18.467 34.49 9.517
4.473 3.18 4.348 4.447 10.563 9.903 11.012 11.173 12.767 5.446 6.886 10.602 4.022 2.31 2.433 14.878 14.323 14.684 12.369 10.173 12.754 8.129 4.676 7.283 22.29 15.83 10.093 15.111 23.532 27.19 33.439 46.746 18.814 16.898 13.595 14.751 24.973 55.056 33.477 17.498 12.674 8.453 19.907 18.18 41.221 50.285 19.63 19.207 25.633 25.122 31.624 17.251 52.733 21.258 11.085 14.962 11.933 14.612 18.245 19.813 29.932 28.029 17.483 33.478 9.016
6.001 4.319 5.759 5.868 12.991 12.665 14.086 14.275 16.165 7.141 8.729 13.017 5.258 3.087 3.275 16.554 17.375 18.174 15.42 12.658 15.44 10.092 5.91 8.849 24.887 19.092 12.475 17.848 27.393 32.255 39.867 55.561 23.209 20.71 16.712 17.969 29.432 64.293 40.84 22.087 16.01 10.969 24.582 23.15 50.057 61.87 25.507 24.725 32.222 31.901 39.701 22.504 63.604 27.65 14.873 19.561 15.881 19.06 23.462 25.538 37.791 36.038 23.075 41.951 12.239
4.277 3.084 4.322 4.447 10.439 9.728 10.721 10.865 12.399 5.337 6.902 10.742 4.119 2.427 2.672 16.37 15.451 15.59 13.093 10.845 13.747 8.878 5.203 8.434 25.199 17.874 11.377 17.232 26.614 30.46 37.001 50.952 20.619 18.547 15.141 16.658 28.102 59.862 36.604 19.025 13.882 9.337 22.152 19.846 43.526 52.136 20.332 19.79 26.426 25.789 32.124 17.518 52.346 21.325 11.078 15.211 12.175 14.989 18.614 20.008 29.693 27.583 17.137 32.472 8.778
4.18 3.001 4.267 4.401 10.422 9.686 10.675 10.811 12.347 5.242 6.833 10.705 4.054 2.377 2.661 16.545 15.531 15.614 13.044 10.764 13.672 8.782 5.113 8.443 25.247 17.854 11.304 17.182 26.518 30.283 36.75 50.65 20.232 18.155 14.778 16.34 27.776 59.356 36.11 18.616 13.458 8.939 21.696 19.336 42.878 51.47 19.781 19.282 25.922 25.29 31.637 17.047 51.991 20.838 10.704 14.885 11.876 14.729 18.365 19.735 29.413 27.282 16.798 32.197 8.456
5.204 3.648 4.772 4.792 10.941 11.148 12.731 13.049 14.936 6.449 7.722 11.482 4.561 2.591 2.66 13.62 15.359 16.701 14.226 11.542 13.969 9.002 5.127 7.497 21.496 17.25 11.231 15.937 24.811 30.176 38.318 54.959 22.581 19.558 15.31 16.064 26.262 61.137 39.536 21.013 14.716 9.729 21.393 20.14 45.757 59.747 24.257 23.015 29.636 29.304 36.885 20.648 60.35 25.941 13.592 17.417 13.773 16.267 20.037 22.078 33.776 32.96 20.915 38.505 10.922
6.016 4.224 5.498 5.462 12.062 12.406 14.217 14.597 16.654 7.227 8.578 12.461 4.96 2.815 2.886 13.792 15.297 16.671 14.174 11.433 13.638 8.75 4.972 7.181 19.416 15.698 10.234 14.336 21.791 26.473 33.734 48.649 20.259 17.438 13.588 14.129 22.635 52.209 35.169 18.678 13.067 8.656 18.773 17.558 39.795 54.103 22.408 21.3 27.36 27.124 34.319 19.466 56.575 25.114 13.204 16.914 13.349 15.638 19.113 21.054 32.344 32.182 20.661 37.966 10.937
5.615 4.097 5.595 5.756 12.88 12.139 13.331 13.484 15.275 6.792 8.584 13.038 5.214 3.12 3.392 18.711 18.157 18.497 15.699 13.07 16.323 10.711 6.383 9.956 28.681 20.848 13.544 20.056 30.668 35.222 42.78 58.62 24.55 22.242 18.29 20.009 33.055 69.15 43.365 23.161 17.168 11.88 27.088 24.861 52.484 62.752 25.633 24.957 32.804 32.191 39.726 22.386 63.055 27.139 14.522 19.516 15.901 19.314 23.755 25.547 37.219 34.828 22.171 40.517 11.723
5.467 3.93 5.463 5.608 13.133 12.274 13.564 13.76 15.706 6.768 8.678 13.426 5.156 3.02 3.286 19.918 18.884 19.16 16.134 13.349 16.845 10.862 6.344 10.158 30.335 21.585 13.78 20.76 32.065 36.809 44.891 62.113 25.236 22.676 18.454 20.217 34.041 72.965 44.767 23.391 17.046 11.462 27.055 24.377 53.751 64.813 25.459 24.806 33.078 32.337 40.369 22.096 66.101 27.02 14.09 19.226 15.386 18.888 23.454 25.27 37.619 35.082 21.883 41.452 11.271
5.415 3.823 5.106 5.208 12.213 11.755 13.189 13.397 15.292 6.55 8.069 12.271 4.744 2.707 2.803 15.839 16.271 17.038 14.388 11.748 14.476 9.256 5.291 7.944 23.955 17.696 11.402 16.595 25.929 30.428 37.778 53.169 21.531 19.177 15.258 16.339 27.402 61.91 38.011 20.174 14.434 9.613 21.989 20.619 46.935 58.241 23.113 22.493 29.658 29.277 36.938 20.365 61.355 25.16 13.25 17.462 13.978 16.907 21.102 23.126 35.117 33.296 20.952 39.542 10.875
4.472 3.157 4.512 4.65 11.846 10.864 12.007 12.128 13.939 5.69 7.547 12.148 4.328 2.456 2.648 19.419 18.045 18.037 14.874 12.174 15.747 9.821 5.555 9.215 30.405 20.652 12.676 19.889 31.635 36.196 44.141 61.356 23.234 20.947 16.841 18.574 32.646 73.103 42.509 21.016 15.123 9.836 24.772 21.86 51.273 61.351 22.11 21.615 29.488 28.575 36.13 18.797 61.217 23.039 11.475 16.085 12.59 15.798 20.011 21.641 33.152 30.364 18.201 36.366 8.958
5.343 3.813 4.963 4.962 10.521 10.625 12.17 12.693 14.592 6.631 7.892 11.438 4.725 2.745 2.852 13.199 14.327 15.773 13.951 11.618 14.03 9.277 5.425 7.866 20.73 16.782 11.247 15.894 24.236 29.428 37.8 54.95 24.343 21.109 16.814 17.57 27.514 59.356 41.383 22.662 16.219 11.005 23.5 21.845 46.195 60.53 26.389 25.014 31.892 31.212 38.351 22.135 60.518 27.838 14.872 19.044 15.225 17.701 21.167 22.746 33.506 33 21.616 38.643 11.729
4.48 3.045 3.883 3.821 8.983 9.665 11.408 11.863 13.728 5.798 6.763 9.957 3.873 2.115 2.083 10.771 13.096 14.929 12.787 10.228 12.227 7.732 4.257 6.04 17.615 14.831 9.643 13.554 21.333 26.842 35.174 52.163 21.163 17.711 13.343 13.554 22.013 54.908 36.832 19.13 12.875 8.142 17.416 16.287 39.109 55.194 22.259 20.586 26.036 25.655 32.744 18.16 54.966 23.69 12.022 14.904 11.395 13.158 16.18 18.093 28.813 29.077 18.363 34.197 9.452
6.34 4.577 6.127 6.232 13.68 13.037 14.398 14.564 16.452 7.293 8.94 13.219 5.295 3.105 3.285 16.539 16.312 16.671 14.061 11.524 13.999 9.091 5.323 7.962 21.901 16.165 10.479 14.964 22.526 25.946 31.705 43.96 18.562 16.602 13.465 14.502 23.638 50.393 32.066 17.374 12.705 8.733 19.692 18.404 39.906 49.431 20.596 20.18 26.609 26.391 33.025 18.773 53.969 23.39 12.642 16.832 13.714 16.564 20.411 22.151 32.795 31.278 20.142 37.146 10.829
4.868 3.564 5.096 5.27 12.048 11.201 12.169 12.239 13.857 6.005 7.878 12.284 4.784 2.889 3.317 19.331 18.313 18.071 14.957 12.348 15.681 10.253 6.122 10.202 29.324 20.993 13.244 20.038 30.596 34.717 41.617 56.436 23.006 20.742 17.234 19.263 32.333 66.714 41.453 21.365 15.681 10.718 25.675 22.897 48.722 57.916 22.615 21.959 29.484 28.858 35.74 19.567 57.227 23.853 12.361 17.334 14.031 17.371 21.493 22.928 33.471 30.975 19.194 36.01 9.816
4.142 2.96 3.94 4.025 9.128 8.999 10.141 10.362 11.83 5.216 6.385 9.659 3.901 2.277 2.402 12.868 13.774 14.744 12.644 10.423 12.818 8.393 4.902 7.362 21.432 16.573 10.889 15.719 24.433 29.037 36.178 50.659 21.113 18.568 14.861 15.871 26.023 57.335 36.5 19.562 14.023 9.489 21.058 19.638 42.355 52.067 21.298 20.26 26.081 25.541 31.538 17.725 49.934 21.494 11.399 14.796 11.889 14.165 17.383 18.886 28.009 26.651 16.951 30.739 8.885
5.867 4.218 5.501 5.504 11.421 11.376 12.9 13.43 15.394 7.083 8.437 12.13 5.052 2.957 3.091 13.8 14.522 15.686 13.865 11.588 13.951 9.273 5.465 7.913 20.214 16.168 10.832 15.213 22.914 27.555 35.184 51.041 23.078 20.151 16.206 17.01 26.44 55.595 39.163 21.694 15.702 10.784 23.021 21.447 44.684 58.444 25.998 24.859 31.879 31.348 38.49 22.446 60.674 28.394 15.34 19.784 15.964 18.62 22.223 23.782 34.665 34.134 22.567 40.2 12.435
6.646 4.766 6.229 6.213 12.895 12.932 14.842 15.431 17.594 7.955 9.468 13.555 5.554 3.233 3.378 15.109 15.829 17.424 15.362 12.695 15.172 9.94 5.801 8.396 21.333 17.006 11.424 16.164 24.214 29.015 37.282 54.094 23.869 20.75 16.546 17.254 26.752 57.077 40.825 22.346 16.046 10.943 23.411 21.655 45.716 61.335 26.907 25.711 32.927 32.206 39.777 23.141 63.627 29.575 15.904 20.596 16.524 19.217 22.915 24.63 36.465 36.328 23.961 43.051 13.066
5.72 4.132 5.445 5.471 11.469 11.533 13.138 13.543 15.385 6.96 8.352 12.07 4.996 2.947 3.125 14.308 15.358 16.974 14.87 12.316 14.837 9.792 5.774 8.489 22.054 17.817 12.012 17.091 25.767 31.06 39.665 56.766 24.709 21.596 17.323 18.264 28.704 61.647 42.922 23.356 16.844 11.58 25.035 23.331 49.176 63.635 27.279 25.97 33.152 32.417 39.839 23.062 62.552 28.713 15.456 20.058 16.166 18.922 22.694 24.445 35.935 35.209 22.982 40.833 12.375
4.453 3.157 4.485 4.614 11.183 10.381 11.497 11.65 13.341 5.551 7.215 11.349 4.191 2.404 2.647 17.244 16.146 16.295 13.572 11.122 14.13 8.944 5.113 8.427 25.922 18.165 11.395 17.394 27.082 31.052 37.946 52.858 20.742 18.543 14.939 16.462 28.315 61.996 37.333 19.052 13.637 8.932 22.087 19.702 45.004 54.596 20.668 20.167 27.266 26.612 33.58 17.88 56.308 22.086 11.218 15.607 12.347 15.37 19.292 20.834 31.518 29.284 17.894 34.91 8.924
5.234 3.763 5.011 5.114 11.314 11.115 12.502 12.846 14.69 6.613 8.092 12.149 4.99 2.936 3.12 16.296 17.059 18.208 15.768 13.116 16.139 10.689 6.312 9.511 26.868 20.816 13.776 19.845 30.509 36.138 45.029 63.172 27.163 23.829 19.204 20.514 33.162 70.84 46.363 25.081 18.076 12.311 26.98 24.984 52.536 64.718 27.218 25.807 33.109 32.345 39.629 22.521 61.953 27.362 14.574 18.903 15.232 18.062 21.947 23.629 34.537 32.97 21.193 38 11.262
4.562 3.339 4.704 4.853 11.094 10.332 11.267 11.365 12.895 5.644 7.346 11.39 4.458 2.686 3.018 17.651 16.693 16.595 13.853 11.502 14.601 9.56 5.711 9.335 27.051 19.319 12.275 18.563 28.422 32.34 38.908 52.918 21.741 19.667 16.31 18.091 30.229 62.633 38.865 20.218 14.946 10.263 24.125 21.61 45.916 54.541 21.559 20.953 27.95 27.335 33.789 18.66 54.002 22.656 11.862 16.387 13.257 16.31 20.138 21.528 31.431 29.143 18.211 33.941 9.441
5.953 4.408 6.076 6.256 13.49 12.69 13.78 13.895 15.645 7.11 9.013 13.559 5.568 3.413 3.822 19.692 18.841 18.796 15.86 13.242 16.491 11.012 6.706 10.632 28.88 21.183 13.779 20.245 30.349 34.517 41.432 56.096 24.156 21.887 18.316 20.234 32.937 66.312 42.616 22.989 17.208 12.111 27.365 25.002 51.133 61.097 25.618 24.939 32.843 32.375 39.748 22.769 62.301 27.711 15.006 20.373 16.78 20.398 24.916 26.616 38.124 35.777 23.012 41.385 12.364
5.452 4.016 5.569 5.72 12.306 11.544 12.5 12.566 14.106 6.34 8.001 11.964 4.87 2.958 3.329 16.741 15.954 15.772 13.195 10.928 13.473 8.945 5.409 8.573 22.717 16.698 10.815 15.691 23.24 26.29 31.421 42.474 18.297 16.483 13.744 15.19 24.68 49.553 32.031 17.256 12.794 8.917 20.466 18.704 38.723 46.825 19.528 19.118 25.415 25.166 31.137 17.743 49.563 21.913 11.794 16.218 13.355 16.335 20.038 21.445 30.943 29.159 18.688 34.066 9.97
5.351 3.825 5.087 5.194 11.719 11.595 13.107 13.454 15.396 6.842 8.364 12.645 5.146 3.007 3.175 17.014 18.202 19.596 16.914 13.995 17.221 11.327 6.635 9.966 28.829 22.415 14.787 21.34 33.101 39.398 49.184 68.969 29.07 25.411 20.327 21.645 35.244 76.886 49.602 26.611 19.044 12.876 28.318 26.269 55.981 68.831 28.414 26.835 34.346 33.491 41.118 23.169 64.508 28.028 14.833 19.169 15.376 18.24 22.274 24.114 35.598 33.944 21.657 39.045 11.384
5.066 3.603 4.857 4.983 11.462 11.172 12.602 12.959 14.889 6.58 8.159 12.491 5.01 2.911 3.098 17.711 18.111 19.204 16.498 13.667 16.974 11.121 6.49 9.988 29.375 22.233 14.539 21.243 32.885 38.691 47.988 67.145 28.219 24.631 19.687 21.069 34.635 74.846 47.943 25.518 18.151 12.08 26.914 24.618 52.923 64.982 26.652 25.165 32.471 31.621 38.99 21.735 61.929 26.447 13.825 18.009 14.369 17.184 21.08 22.759 33.686 31.994 20.281 37.108 10.575
5.281 3.846 5.425 5.569 12.68 11.795 12.848 12.94 14.658 6.355 8.213 12.632 4.893 2.916 3.269 18.748 17.658 17.463 14.506 11.967 15.079 9.805 5.806 9.467 27.048 19.312 12.207 18.329 27.922 31.76 38.293 52.426 21.517 19.435 16.082 17.847 29.85 62.213 38.818 20.173 14.854 10.169 24.299 21.831 47.125 56.862 22.462 21.993 29.61 29.117 36.297 20.01 59.061 24.739 12.923 18.013 14.562 17.98 22.265 23.864 35.118 32.755 20.462 38.582 10.608
4.185 2.866 3.984 4.136 10.983 10.373 11.764 12.004 13.916 5.62 7.217 11.738 4.207 2.3 2.372 18.365 18.008 18.825 15.704 12.712 16.223 10.037 5.525 8.823 30.813 21.516 13.393 20.537 33.264 38.855 48.188 67.868 25.476 22.201 17.237 18.56 32.874 77.417 44.7 22.319 15.399 9.641 23.513 21.191 51.1 61.833 22.412 21.258 28.316 27.372 34.762 17.981 59.183 21.843 10.794 14.422 11.18 13.863 17.732 19.481 30.466 28.2 16.891 33.57 8.214
5.36 3.985 5.567 5.778 12.411 11.669 12.686 12.81 14.431 6.593 8.429 12.733 5.321 3.309 3.804 19.005 18.267 18.276 15.458 12.981 16.148 10.892 6.716 10.781 28.491 21.166 13.996 20.414 30.211 34.159 40.711 54.573 23.63 21.383 17.887 19.843 32.164 63.699 40.985 22.338 16.53 11.43 25.882 23.535 47.863 56.801 23.653 23.089 30.419 29.921 36.706 20.878 57.314 25.148 13.601 18.639 15.384 18.799 22.975 24.467 34.9 32.634 20.889 37.619 11.008
