1.457 5.288 1.823 1.613 4.755 7.74 4.77 3.741 5.493 1.069 2.371 8.03 7.631 4.236 4.256 10.988 13.314 12.458 10.684 9.423 12.894 6.338 4.806 6.531 11.424 8.75 6.419 9.875 11.161 15.05 13.979 21.693 10.415 16.485 13.604 12.351 12.901 20.29 19.21 10.233 14.858 13.155 13.39 19.423 28.681 19.502 6.351 6.697 20.237 13.72 13.854 14.009 28.771 9.222 11.774 10.638 9.683 17.894 13.51 7.655 14.049 13.076 10.294 11.738 8.182
1.278 4.424 1.525 1.271 3.725 6.584 4.113 3.188 4.644 0.894 1.771 6.381 6.364 3.528 3.43 9.152 11.564 11.044 9.521 8.343 11.482 5.51 4.005 5.232 9.387 7.246 5.223 7.929 9.074 12.579 11.8 18.888 8.934 14.128 11.592 10.467 10.858 17.467 16.767 8.838 12.656 11.173 11.382 16.886 26.105 17.869 5.759 5.701 17.594 12.119 12.364 12.532 27.094 8.5 10.622 9.504 8.575 16.289 12.427 6.992 12.826 12.045 9.469 10.78 7.437
1.662 5.785 2.087 1.876 5.265 8.306 5.218 4.137 5.991 1.236 2.744 8.673 8.23 4.674 4.721 11.663 14.019 13.162 11.368 10.091 13.641 6.922 5.334 7.203 12.255 9.498 7.071 10.708 12.042 16.002 14.929 22.721 11.271 17.527 14.633 13.351 13.947 21.499 20.431 11.169 16.015 14.288 14.537 20.732 30.081 20.825 7.051 7.536 21.675 14.959 15.065 15.229 30.244 10.173 12.899 11.733 10.731 19.256 14.723 8.527 15.278 14.284 11.349 12.865 9.109
1.399 5.408 1.793 1.621 4.966 7.943 4.758 3.723 5.564 1.042 2.46 8.465 7.839 4.247 4.336 11.41 13.603 12.493 10.594 9.334 12.885 6.254 4.81 6.717 11.835 8.915 6.515 10.231 11.526 15.48 14.226 22.047 10.368 16.709 13.713 12.438 13.057 20.636 19.312 10.112 15.001 13.234 13.472 19.589 28.609 19.055 6.049 6.601 20.514 13.581 13.628 13.776 28.287 8.795 11.478 10.399 9.484 17.697 13.135 7.334 13.782 12.725 9.935 11.407 7.9
1.425 5.211 1.881 1.764 4.917 7.379 4.552 3.613 5.271 1.068 2.648 7.911 7.301 4.085 4.205 10.15 11.92 10.993 9.417 8.384 11.345 5.812 4.613 6.416 10.727 8.251 6.176 9.424 10.507 13.691 12.666 18.912 9.395 14.729 12.368 11.322 11.909 18.172 17.14 9.356 13.655 12.244 12.47 17.612 24.973 17.186 5.744 6.58 18.865 12.963 12.927 13.042 25.246 8.492 11.053 10.158 9.367 16.619 12.625 7.285 13.241 12.368 9.802 11.142 7.919
1.136 4.247 1.401 1.196 3.754 6.523 3.939 3.039 4.521 0.83 1.76 6.67 6.448 3.491 3.456 9.513 11.74 10.937 9.275 8.088 11.226 5.295 3.909 5.316 9.737 7.383 5.313 8.312 9.51 13.139 12.147 19.364 8.9 14.328 11.635 10.48 10.919 17.657 16.64 8.573 12.545 10.997 11.188 16.598 25.099 16.593 5.162 5.229 16.829 11.205 11.353 11.471 24.657 7.417 9.459 8.465 7.649 14.715 10.938 6.027 11.311 10.481 8.159 9.362 6.397
1.154 4.644 1.532 1.419 4.27 6.578 3.909 3.052 4.577 0.825 2.146 6.951 6.324 3.378 3.473 8.929 10.544 9.66 8.193 7.242 10.014 4.862 3.783 5.354 9.254 6.935 5.056 7.931 8.858 11.749 10.773 16.572 7.814 12.711 10.493 9.546 10.074 15.86 14.878 7.778 11.718 10.394 10.615 15.426 22.525 15.172 4.732 5.476 17.012 11.325 11.323 11.458 23.416 7.295 9.734 8.888 8.151 15.152 11.292 6.292 12.036 11.156 8.7 10.012 6.942
1.204 4.656 1.589 1.474 4.297 6.569 3.966 3.116 4.618 0.869 2.205 6.929 6.345 3.453 3.543 8.89 10.491 9.658 8.238 7.304 10.018 4.957 3.874 5.426 9.259 7.009 5.157 7.988 8.913 11.756 10.826 16.498 7.938 12.733 10.578 9.648 10.166 15.831 14.903 7.927 11.789 10.501 10.719 15.435 22.376 15.237 4.886 5.611 16.923 11.416 11.427 11.563 23.24 7.455 9.85 9.015 8.284 15.153 11.395 6.443 12.091 11.248 8.833 10.12 7.083
1.334 4.716 1.676 1.492 4.305 6.95 4.342 3.418 4.975 1 2.209 7.287 6.976 3.932 3.953 10.011 12.127 11.374 9.767 8.614 11.693 5.845 4.459 6.044 10.475 8.106 5.999 9.159 10.359 13.889 12.941 19.866 9.69 15.126 12.545 11.397 11.882 18.485 17.528 9.448 13.56 12.042 12.232 17.553 25.62 17.509 5.791 6.085 17.897 12.276 12.367 12.476 25.121 8.252 10.434 9.436 8.599 15.638 11.881 6.79 12.237 11.423 9.039 10.262 7.207
1.498 5.299 1.901 1.719 4.782 7.422 4.644 3.669 5.308 1.071 2.46 7.583 7.128 4.014 4.042 9.852 11.788 11.072 9.575 8.51 11.519 5.827 4.489 6.07 10.229 7.9 5.856 8.828 9.868 13.035 12.146 18.456 9.159 14.311 11.978 10.948 11.465 17.688 16.869 9.217 13.315 11.918 12.166 17.418 25.467 17.812 5.984 6.538 18.988 13.174 13.309 13.498 26.994 9.078 11.649 10.649 9.782 17.632 13.55 7.852 14.25 13.387 10.653 12.115 8.583
1.326 4.259 1.634 1.423 3.818 6.218 4.086 3.214 4.544 0.977 2.03 6.3 6.317 3.683 3.624 8.741 10.943 10.581 9.218 8.133 10.838 5.619 4.211 5.498 9.288 7.426 5.531 8.151 9.263 12.378 11.77 17.891 9.172 13.75 11.621 10.545 10.903 16.678 16.216 9.004 12.433 11.172 11.308 16.023 23.658 16.947 5.795 5.86 16.201 11.745 11.791 11.876 23.509 8.348 10.106 9.131 8.292 14.635 11.55 6.732 11.605 11.071 8.869 9.92 7.077
1.745 6.01 2.267 2.122 5.704 8.534 5.384 4.312 6.195 1.337 3.151 9.167 8.561 4.927 5.056 11.886 13.968 12.971 11.192 10 13.385 7.026 5.597 7.664 12.652 9.87 7.485 11.247 12.545 16.269 15.141 22.373 11.396 17.521 14.806 13.587 14.248 21.451 20.305 11.332 16.221 14.597 14.844 20.715 29.08 20.23 7.029 7.875 21.734 15.157 15.154 15.282 28.972 10.108 12.937 11.895 10.98 19.092 14.647 8.614 15.22 14.263 11.409 12.888 9.264
1.734 6.33 2.212 2.004 5.959 9.551 5.84 4.6 6.769 1.356 3.06 10.344 9.725 5.418 5.526 14.22 16.913 15.512 13.142 11.563 15.74 7.847 6.091 8.447 14.804 11.337 8.405 13.055 14.767 19.719 18.168 27.665 13.305 20.903 17.243 15.653 16.358 25.42 23.761 12.694 18.409 16.297 16.528 23.598 33.646 22.404 7.364 7.865 23.382 15.722 15.745 15.875 31.552 10.191 13.045 11.854 10.84 19.755 14.771 8.387 15.218 14.091 11.114 12.697 8.924
1.594 5.276 1.936 1.67 4.621 7.714 4.955 3.908 5.604 1.17 2.379 7.776 7.697 4.419 4.367 10.963 13.63 13.051 11.332 10.005 13.495 6.798 5.091 6.666 11.502 9.037 6.677 9.987 11.357 15.385 14.51 22.462 11.149 17.149 14.292 12.984 13.464 20.929 20.119 10.993 15.464 13.775 13.989 20.109 29.903 20.887 7.084 7.184 20.487 14.396 14.551 14.693 29.824 10.063 12.434 11.215 10.175 18.381 14.223 8.237 14.529 13.667 10.87 12.257 8.655
1.612 5.515 1.972 1.715 4.805 7.843 4.967 3.907 5.635 1.142 2.41 7.822 7.57 4.284 4.244 10.624 13.045 12.434 10.798 9.558 12.963 6.482 4.865 6.424 11.019 8.557 6.291 9.444 10.654 14.344 13.464 20.858 10.286 16.012 13.335 12.135 12.636 19.728 18.948 10.303 14.703 13.103 13.353 19.321 28.908 20.268 6.807 7.06 20.642 14.389 14.604 14.814 30.404 10.156 12.763 11.556 10.525 19.21 14.829 8.563 15.422 14.518 11.541 13.09 9.218
1.208 3.94 1.419 1.175 3.248 5.75 3.7 2.885 4.131 0.834 1.597 5.432 5.548 3.147 3.037 7.837 10.052 9.755 8.492 7.464 10.162 4.984 3.612 4.601 8.078 6.343 4.601 6.828 7.814 10.806 10.248 16.316 7.936 12.305 10.197 9.222 9.53 15.154 14.727 7.926 11.132 9.889 10.063 14.808 22.998 16.13 5.358 5.254 15.454 10.953 11.185 11.345 24.254 7.94 9.759 8.745 7.888 14.689 11.437 6.553 11.72 11.117 8.82 9.971 6.961
1.133 4.503 1.472 1.328 4.167 6.74 4.007 3.108 4.669 0.835 2.035 7.194 6.687 3.59 3.646 9.765 11.694 10.743 9.074 7.949 11.037 5.262 4.01 5.648 10.092 7.582 5.508 8.712 9.844 13.293 12.194 19.059 8.79 14.275 11.645 10.526 11.042 17.619 16.46 8.485 12.649 11.118 11.315 16.571 24.395 16.06 4.927 5.354 17.155 11.301 11.379 11.48 23.955 7.232 9.488 8.551 7.785 14.745 10.871 5.976 11.368 10.502 8.174 9.409 6.45
1.38 4.945 1.816 1.709 4.769 7.221 4.48 3.568 5.185 1.072 2.601 7.895 7.354 4.178 4.301 10.407 12.213 11.253 9.622 8.543 11.529 5.931 4.715 6.555 11.027 8.531 6.442 9.833 11 14.355 13.28 19.792 9.807 15.268 12.773 11.671 12.238 18.618 17.476 9.556 13.814 12.341 12.53 17.591 24.696 16.765 5.623 6.297 17.966 12.314 12.329 12.403 23.835 7.989 10.331 9.439 8.697 15.373 11.611 6.702 12.026 11.216 8.924 10.132 7.2
1.562 5.114 1.834 1.512 4.213 7.607 4.872 3.791 5.439 1.089 2.068 7.176 7.392 4.178 4.024 10.526 13.566 13.12 11.381 9.98 13.627 6.629 4.79 6.104 10.847 8.516 6.165 9.18 10.553 14.686 13.906 22.25 10.706 16.662 13.761 12.432 12.842 20.532 19.902 10.637 14.954 13.261 13.493 19.929 31.013 21.517 7.088 6.903 20.48 14.466 14.774 14.964 32.197 10.357 12.734 11.391 10.263 19.244 14.908 8.493 15.224 14.41 11.395 12.888 8.96
1.733 6.147 2.158 1.884 5.644 9.612 5.924 4.624 6.762 1.345 2.813 10.079 9.807 5.469 5.465 14.434 17.59 16.256 13.74 11.989 16.337 8.01 6.064 8.252 14.867 11.475 8.427 13.03 14.919 20.305 18.774 29.025 13.776 21.556 17.671 15.974 16.605 26.138 24.549 12.995 18.637 16.453 16.684 24.087 35.009 23.183 7.536 7.681 23.151 15.702 15.803 15.926 32.476 10.297 12.971 11.726 10.672 19.798 14.852 8.379 15.127 14.035 11.052 12.622 8.821
1.525 5.137 1.977 1.851 4.859 7.202 4.585 3.682 5.25 1.16 2.708 7.661 7.169 4.158 4.258 9.811 11.522 10.736 9.3 8.333 11.099 5.898 4.712 6.409 10.456 8.201 6.242 9.288 10.337 13.335 12.444 18.264 9.443 14.408 12.248 11.267 11.816 17.667 16.793 9.48 13.495 12.198 12.415 17.246 24.162 17.018 6.017 6.767 18.332 12.935 12.929 13.048 24.505 8.74 11.145 10.288 9.52 16.389 12.682 7.534 13.198 12.417 9.973 11.24 8.135
1.307 4.179 1.589 1.378 3.689 6.068 3.978 3.152 4.469 0.969 1.963 6.148 6.146 3.593 3.55 8.657 10.807 10.436 9.109 8.058 10.759 5.544 4.169 5.417 9.184 7.311 5.448 8.048 9.148 12.298 11.677 17.862 9.094 13.742 11.554 10.505 10.867 16.656 16.111 8.952 12.41 11.11 11.255 15.977 23.553 16.722 5.791 5.859 16.101 11.524 11.603 11.692 23.209 8.142 9.928 8.967 8.137 14.384 11.273 6.606 11.402 10.788 8.634 9.674 6.899
1.372 4.29 1.635 1.38 3.661 6.227 4.145 3.262 4.603 0.99 1.928 6.116 6.298 3.687 3.586 8.824 11.345 11.148 9.777 8.617 11.505 5.891 4.326 5.503 9.369 7.52 5.554 8.131 9.3 12.656 12.135 18.82 9.602 14.408 12.126 10.973 11.292 17.435 17.076 9.454 12.96 11.599 11.727 16.779 25.358 18.252 6.259 6.152 16.881 12.271 12.366 12.468 25.283 8.907 10.679 9.582 8.633 15.363 12.186 7.106 12.205 11.642 9.312 10.399 7.387
1.409 4.431 1.678 1.425 3.759 6.293 4.154 3.281 4.635 0.998 1.957 6.127 6.201 3.618 3.531 8.629 10.943 10.698 9.4 8.323 11.145 5.704 4.221 5.382 9.103 7.25 5.357 7.838 8.908 12.061 11.514 17.834 9.083 13.744 11.565 10.509 10.854 16.765 16.372 9.094 12.577 11.269 11.436 16.397 24.756 17.83 6.175 6.17 17.042 12.314 12.469 12.616 25.626 8.997 10.931 9.859 8.926 15.921 12.594 7.389 12.806 12.195 9.773 10.955 7.796
1.386 4.891 1.788 1.644 4.592 7.096 4.443 3.522 5.099 1.048 2.449 7.561 7.133 4.055 4.123 10.047 11.964 11.156 9.589 8.503 11.476 5.865 4.579 6.273 10.609 8.237 6.174 9.368 10.512 13.839 12.873 19.378 9.621 14.938 12.498 11.408 11.935 18.277 17.301 9.458 13.591 12.145 12.347 17.474 25 17.191 5.766 6.295 18.065 12.485 12.541 12.639 24.712 8.311 10.615 9.672 8.879 15.817 12.051 6.959 12.466 11.666 9.279 10.515 7.455
1.507 5.861 1.905 1.68 5.34 8.919 5.3 4.11 6.174 1.127 2.543 9.437 8.859 4.758 4.804 13.134 15.833 14.52 12.238 10.702 14.873 7.054 5.331 7.428 13.48 10.118 7.322 11.599 13.177 17.974 16.481 25.942 11.907 19.311 15.682 14.154 14.816 23.78 22.184 11.416 16.939 14.844 15.098 22.215 32.842 21.491 6.674 7.03 22.615 14.824 14.934 15.089 31.782 9.546 12.398 11.157 10.129 19.336 14.224 7.83 14.83 13.653 10.61 12.226 8.377
1.485 5.348 1.836 1.578 4.832 8.418 5.157 3.994 5.872 1.13 2.343 8.708 8.533 4.705 4.662 12.599 15.524 14.404 12.166 10.579 14.517 6.986 5.208 7.067 12.912 9.924 7.216 11.207 12.874 17.698 16.374 25.685 11.994 18.932 15.439 13.912 14.449 23.048 21.687 11.324 16.309 14.346 14.554 21.272 31.492 20.767 6.602 6.635 20.587 13.893 14.023 14.135 29.564 9.136 11.51 10.346 9.377 17.714 13.244 7.381 13.499 12.53 9.819 11.233 7.769
1.226 5.097 1.637 1.52 4.959 7.865 4.541 3.52 5.36 0.958 2.437 8.813 7.989 4.226 4.382 11.917 13.876 12.332 10.198 8.895 12.396 5.924 4.649 6.788 12.253 9.081 6.629 10.732 12.103 16.169 14.591 22.436 10.169 16.611 13.466 12.147 12.783 20.309 18.592 9.476 14.323 12.538 12.712 18.414 26.095 16.55 5.031 5.63 18.281 11.751 11.738 11.836 24.118 7.164 9.589 8.699 7.968 15.082 10.875 5.919 11.35 10.406 8.09 9.405 6.464
1.256 4.988 1.719 1.655 4.937 7.406 4.392 3.466 5.185 0.988 2.651 8.389 7.583 4.132 4.336 10.949 12.623 11.31 9.474 8.362 11.464 5.733 4.623 6.697 11.499 8.67 6.475 10.228 11.422 14.899 13.557 20.288 9.633 15.444 12.762 11.605 12.237 18.866 17.395 9.186 13.723 12.16 12.328 17.435 24.186 15.797 5.015 5.893 17.712 11.709 11.628 11.683 22.662 7.174 9.595 8.772 8.09 14.626 10.742 6.015 11.229 10.374 8.15 9.368 6.565
1.558 5.266 1.89 1.584 4.668 8.494 5.386 4.148 5.972 1.186 2.321 8.501 8.779 4.94 4.793 12.788 16.315 15.411 13.034 11.235 15.23 7.408 5.41 7.137 13.091 10.34 7.521 11.439 13.296 18.463 17.307 27.155 12.891 19.794 16.235 14.563 14.996 23.837 22.774 11.999 16.78 14.821 14.985 21.836 32.745 21.903 7.011 6.764 20.244 14.173 14.301 14.374 30.124 9.57 11.678 10.452 9.434 17.692 13.527 7.58 13.45 12.641 9.959 11.295 7.861
