3.707 3.773 6.914 4.219 3.322 5.146 8.028 5.446 7.265 2.83 4.458 9.433 4.985 2.117 1.46 12.013 15.105 12.369 11.387 10.617 15.922 6.947 4.252 4.071 13.17 11.841 5.842 13.832 13.85 21.445 21.561 23.178 15.957 15.623 17.776 11.05 19.788 28.048 23.53 13.873 11.432 8.403 8.524 12.025 20.865 25.927 14.157 12.458 15.642 13.45 12.997 10.977 18.211 10.299 8.602 11.99 10.946 17.198 11.638 10.142 17.811 12.45 8.263 16.271 5.679
4.179 4.145 7.473 4.634 3.59 5.372 8.537 5.881 7.788 3.027 4.488 9.413 5.111 2.171 1.472 10.787 15.769 13.567 12.664 11.758 17.655 7.703 4.613 4.199 12.615 12.094 6.04 13.77 14.272 22.951 23.815 26.046 17.935 17.354 19.609 12.195 21.432 31.52 26.919 15.806 12.827 9.386 9.393 13.079 23.407 30.536 16.806 14.685 18.183 15.681 15.087 12.679 20.993 12.001 9.898 13.517 12.432 19.77 13.611 11.864 20.852 14.736 9.727 18.77 6.65
4.653 4.757 8.663 5.28 4.185 6.47 10.043 6.78 9.056 3.555 5.591 11.796 6.213 2.696 1.89 15.039 18.902 15.349 14.171 13.239 19.783 8.652 5.376 5.166 16.505 14.82 7.363 17.373 17.358 26.836 26.783 28.652 19.755 19.451 22.176 13.877 24.804 34.879 29.004 17.172 14.356 10.733 10.984 15.452 26.505 32.373 17.6 15.578 19.538 16.808 16.251 13.774 22.708 12.857 10.821 15.077 13.768 21.49 14.524 12.719 22.155 15.421 10.3 20.161 7.109
3.501 3.689 6.875 4.061 3.248 5.201 7.939 5.216 7.019 2.665 4.541 9.504 4.809 2.026 1.481 12.975 14.65 11.314 10.285 9.651 14.628 6.209 3.94 4.058 13.62 11.553 5.547 13.818 13.352 20.139 19.632 20.798 14.153 14.162 16.366 10.086 18.776 26.008 21.242 12.395 10.478 7.794 8.211 11.93 20.423 24.458 12.869 11.573 14.954 12.802 12.473 10.574 17.827 9.777 8.327 11.959 10.798 16.943 11.105 9.728 17.401 11.853 7.849 16.053 5.313
4.328 4.331 7.754 4.857 3.81 5.716 9.044 6.265 8.291 3.274 4.912 10.243 5.633 2.447 1.707 12.163 17.584 14.899 13.768 12.708 18.778 8.261 5.036 4.67 13.837 13.354 6.751 15.312 15.856 25.173 25.781 27.771 19.075 18.453 20.804 13.058 22.779 33.023 27.914 16.437 13.468 10.009 10.138 14.078 24.55 31.019 16.935 14.753 18.115 15.629 15.026 12.684 20.754 11.963 9.952 13.59 12.557 19.738 13.606 11.878 20.494 14.469 9.609 18.304 6.612
4.201 4.246 7.61 4.727 3.733 5.648 8.814 6.041 8.003 3.18 4.846 10.109 5.474 2.398 1.69 12.332 16.737 13.909 12.881 11.984 17.755 7.849 4.857 4.586 13.9 13.008 6.56 14.992 15.303 23.901 24.163 25.949 17.939 17.538 19.886 12.538 22.002 31.33 26.302 15.618 12.978 9.745 9.955 13.879 23.851 29.502 16.18 14.239 17.63 15.223 14.675 12.436 20.28 11.66 9.775 13.427 12.354 19.223 13.178 11.547 19.875 13.988 9.358 17.903 6.474
3.584 3.782 6.939 4.114 3.289 5.21 7.821 5.138 6.838 2.618 4.445 9.06 4.6 1.956 1.463 12.128 13.616 10.51 9.583 9.047 13.667 5.879 3.78 3.934 12.773 10.808 5.207 12.792 12.344 18.419 18.019 19.148 13.17 13.267 15.386 9.58 17.732 24.503 20.165 11.866 10.147 7.675 8.187 11.896 20.192 24.254 12.943 11.763 15.281 13.178 12.883 10.981 18.412 10.207 8.738 12.533 11.338 17.654 11.682 10.298 18.359 12.632 8.409 17.054 5.728
3.729 3.651 6.926 4.244 3.227 4.951 8.333 5.703 7.682 2.851 4.205 9.516 5.093 2.051 1.301 10.988 17.109 14.547 13.211 11.929 18.034 7.516 4.268 3.725 12.284 12.178 5.896 13.907 14.636 24.268 25.087 27.151 18.061 17.065 19.168 11.545 20.748 31.472 26.574 15.03 11.782 8.278 8.057 11.325 21.3 28.319 14.964 12.656 15.615 13.339 12.792 10.639 18.315 10.206 8.249 11.451 10.593 17.565 11.884 10.169 18.393 12.751 8.175 16.413 5.533
3.553 3.631 6.846 4.081 3.21 5.074 8.102 5.37 7.286 2.755 4.377 9.676 4.954 2.084 1.412 12.433 15.887 12.666 11.56 10.685 16.158 6.801 4.128 3.907 13.354 12 5.807 14.18 14.162 22.305 22.046 23.444 15.814 15.495 17.708 10.839 19.867 28.284 23.136 13.382 11.08 8.138 8.265 11.784 20.803 25.433 13.36 11.728 14.824 12.655 12.237 10.311 17.472 9.619 8.051 11.414 10.403 16.653 11.012 9.58 17.102 11.642 7.657 15.53 5.227
4.018 3.957 7.012 4.461 3.475 5.151 8.237 5.861 7.772 3.067 4.499 9.25 5.217 2.249 1.544 10.619 16.502 14.775 13.706 12.514 18.274 8.04 4.791 4.326 12.237 12.12 6.216 14.026 14.763 24.012 25.402 27.634 18.885 17.918 19.891 12.393 21.283 31.515 27.29 15.934 12.757 9.285 9.211 12.586 22.16 29.204 16.067 13.739 16.557 14.204 13.584 11.405 18.684 10.905 8.974 12.115 11.221 17.884 12.567 10.925 18.841 13.461 8.842 16.635 6.037
3.774 3.895 7.269 4.331 3.438 5.439 8.537 5.641 7.64 2.924 4.714 10.242 5.223 2.238 1.555 13.419 16.483 12.979 11.878 11.062 16.679 7.094 4.399 4.252 14.358 12.652 6.152 15.051 14.868 23.08 22.661 24.011 16.316 16.131 18.494 11.418 20.892 29.3 23.884 13.926 11.714 8.733 8.968 12.771 22.096 26.569 14.025 12.425 15.755 13.474 13.048 11.043 18.529 10.25 8.653 12.273 11.157 17.624 11.667 10.197 18.037 12.307 8.155 16.43 5.593
4.153 4.056 7.078 4.493 3.469 5.07 7.979 5.697 7.516 2.985 4.309 8.658 4.87 2.086 1.415 9.45 14.675 13.627 13.006 12.105 17.911 7.987 4.738 4.237 11.664 11.307 5.786 12.885 13.598 22.195 24.108 26.924 18.772 17.909 19.893 12.401 21.11 31.372 27.794 16.442 13.14 9.503 9.323 12.603 22.212 30.288 17.272 14.945 18.111 15.548 14.833 12.415 20.176 11.838 9.69 12.95 11.896 18.817 13.383 11.679 20.251 14.69 9.688 18.119 6.6
3.495 3.557 6.4 3.951 3.135 4.785 7.426 5.059 6.721 2.672 4.131 8.644 4.632 2.036 1.441 10.805 14.084 11.549 10.676 9.956 14.761 6.524 4.067 3.885 12.01 11.021 5.542 12.802 12.934 20.023 20.07 21.464 14.849 14.582 16.575 10.454 18.446 25.995 21.702 12.908 10.799 8.136 8.341 11.655 19.862 24.251 13.275 11.721 14.577 12.577 12.141 10.307 16.818 9.636 8.112 11.205 10.282 15.945 10.879 9.539 16.418 11.512 7.719 14.853 5.351
4.485 4.47 7.628 4.853 3.806 5.523 8.307 5.858 7.578 3.104 4.548 8.764 4.906 2.178 1.552 9.728 13.661 12.241 11.717 11.103 16.408 7.549 4.688 4.392 11.887 11.129 5.758 12.545 12.95 20.275 21.568 23.955 17.073 16.694 18.826 12.071 20.526 29.625 26.082 15.849 13.121 9.884 10.038 13.733 23.41 30.67 17.807 15.854 19.548 17.054 16.459 13.999 22.34 13.301 11.124 14.909 13.706 20.982 14.937 13.193 22.447 16.402 11.091 20.449 7.713
5.102 5.117 8.563 5.535 4.391 6.341 9.363 6.7 8.607 3.682 5.421 10.305 5.919 2.71 1.978 11.956 16.118 14.393 13.889 13.341 19.457 9.301 5.909 5.634 14.934 13.811 7.274 15.407 15.868 24.133 25.573 28.334 20.658 20.315 22.853 14.929 24.79 34.617 30.407 18.878 15.828 12.134 12.402 16.759 27.254 34.09 20.158 17.941 21.871 19.046 18.245 15.535 24.029 14.542 12.228 16.233 14.926 22.17 15.937 14.117 23.365 17.251 11.829 21.246 8.332
3.837 3.919 7.431 4.437 3.475 5.519 8.823 5.877 7.96 2.99 4.799 10.598 5.44 2.241 1.502 13.78 17.329 13.886 12.615 11.634 17.639 7.412 4.447 4.233 14.683 13.124 6.304 15.499 15.454 24.269 24.108 25.716 17.311 16.879 19.259 11.72 21.55 30.808 25.406 14.641 11.963 8.648 8.735 12.51 22.226 27.52 14.519 12.669 16.034 13.681 13.228 11.117 18.922 10.419 8.669 12.309 11.213 18.01 11.922 10.32 18.531 12.675 8.293 16.906 5.642
4.362 4.553 8.034 4.954 3.998 6.118 9.013 6.122 7.988 3.255 5.27 10.329 5.527 2.471 1.866 13.425 15.304 12.183 11.22 10.633 15.682 7.14 4.673 4.801 14.432 12.519 6.348 14.62 14.293 20.969 20.734 22.082 15.585 15.626 17.936 11.519 20.406 27.909 23.435 14.266 12.217 9.356 9.876 13.983 23.129 27.809 15.531 14.117 17.974 15.676 15.327 13.179 21.373 12.353 10.612 14.802 13.518 20.517 14.009 12.41 21.323 15.1 10.286 19.838 7.172
3.637 3.789 6.816 4.094 3.262 5.059 7.546 5.001 6.59 2.585 4.215 8.472 4.349 1.894 1.388 10.949 12.515 9.807 9.044 8.589 12.914 5.696 3.66 3.697 11.653 9.946 4.869 11.665 11.324 16.964 16.784 17.961 12.546 12.627 14.604 9.226 16.73 23.186 19.31 11.538 9.913 7.586 8.009 11.472 19.437 23.613 12.948 11.792 15.208 13.222 12.933 11.082 18.348 10.402 8.894 12.574 11.429 17.67 11.932 10.568 18.597 13.022 8.765 17.345 6.085
3.801 3.789 6.349 4.064 3.208 4.646 6.9 4.941 6.435 2.694 3.956 7.471 4.224 1.906 1.381 8.423 11.713 10.976 10.776 10.285 14.973 6.946 4.338 4.086 10.657 9.735 5.105 11.104 11.547 18.051 19.621 22.024 15.812 15.395 17.166 11.012 18.389 26.147 23.304 14.28 11.832 8.933 9.044 12.204 20.229 26.355 15.528 13.759 16.692 14.374 13.725 11.632 18.19 10.934 9.164 12.188 11.148 16.831 12.145 10.781 18.106 13.285 9.008 16.279 6.224
3.818 3.841 6.527 4.167 3.297 4.796 7.133 5.014 6.451 2.684 3.972 7.625 4.279 1.932 1.405 8.743 11.789 10.283 9.778 9.287 13.643 6.353 4.02 3.838 10.456 9.717 5.057 10.943 11.206 17.197 17.97 19.75 14.148 13.938 15.786 10.235 17.386 24.665 21.493 13.184 11.066 8.478 8.731 12.004 20.104 25.515 14.825 13.274 16.399 14.359 13.89 11.881 18.785 11.245 9.485 12.736 11.733 17.711 12.586 11.15 18.737 13.684 9.342 17.097 6.561
3.726 3.793 7.046 4.3 3.39 5.303 8.426 5.713 7.681 2.975 4.686 10.173 5.372 2.277 1.555 13.063 16.806 13.636 12.399 11.416 17.018 7.336 4.456 4.23 14.001 12.767 6.282 14.988 15.105 23.544 23.48 24.958 16.955 16.469 18.672 11.539 20.714 29.411 24.401 14.244 11.693 8.561 8.626 12.118 21.021 25.796 13.822 12.029 15.027 12.88 12.44 10.51 17.567 9.888 8.262 11.59 10.625 16.824 11.315 9.817 17.225 11.933 7.888 15.664 5.437
4.041 4.247 7.916 4.628 3.672 5.871 8.935 5.809 7.798 2.919 4.958 10.344 5.152 2.151 1.56 13.866 15.677 12.082 11.035 10.402 15.88 6.694 4.227 4.323 14.566 12.274 5.82 14.612 14.079 21.352 20.914 22.294 15.206 15.286 17.754 10.914 20.468 28.556 23.394 13.61 11.571 8.664 9.179 13.429 23.235 28.144 14.844 13.442 17.521 15.04 14.683 12.456 21.164 11.569 9.845 14.205 12.811 20.228 13.274 11.67 21.105 14.386 9.494 19.557 6.426
3.62 3.595 6.922 4.25 3.271 5.121 8.651 5.897 7.969 2.974 4.488 10.339 5.52 2.241 1.439 12.509 18.617 15.244 13.485 11.996 17.872 7.438 4.275 3.819 13.18 13.029 6.312 15.048 15.729 25.556 25.699 27.092 17.806 16.795 18.894 11.422 20.669 30.843 25.555 14.407 11.403 8.087 7.926 11.129 20.367 25.876 13.39 11.266 13.966 11.994 11.604 9.76 16.934 9.438 7.716 10.881 10.122 16.692 11.17 9.51 16.981 11.643 7.489 15.205 5.146
4.437 4.707 8.67 5.184 4.196 6.718 10.166 6.734 9.042 3.538 6.057 12.547 6.417 2.787 2.083 17.541 19.47 14.827 13.402 12.595 18.86 8.183 5.308 5.537 18.228 15.398 7.486 18.516 17.869 26.523 25.654 26.879 18.403 18.439 21.259 13.282 24.352 33.163 26.939 15.872 13.58 10.249 10.773 15.397 25.606 29.929 15.82 14.211 18.241 15.653 15.23 12.986 21.513 11.977 10.275 14.683 13.283 20.466 13.499 11.83 20.702 14.203 9.503 19.103 6.535
3.661 3.694 6.768 4.123 3.222 4.952 7.787 5.275 7.038 2.723 4.203 8.945 4.722 1.998 1.358 11.025 14.438 11.972 11.093 10.344 15.586 6.764 4.098 3.841 12.33 11.243 5.539 13.041 13.167 20.697 20.984 22.713 15.629 15.273 17.375 10.773 19.279 27.657 23.28 13.688 11.242 8.253 8.337 11.753 20.696 26.1 14.261 12.544 15.73 13.526 13.056 11.002 18.319 10.342 8.599 11.942 10.911 17.266 11.707 10.209 18.026 12.595 8.335 16.405 5.714
4.961 4.896 8.904 5.638 4.385 6.596 10.813 7.612 10.143 3.932 5.812 12.4 6.938 2.951 2 14.508 22.787 19.665 17.809 16.007 23.365 10.091 5.957 5.353 15.941 16.151 8.178 18.698 19.719 32.143 33.265 35.537 23.849 22.509 25.057 15.5 27.011 40.256 34.177 19.661 15.675 11.36 11.277 15.553 27.748 35.896 19.162 16.222 19.623 16.877 16.212 13.636 22.782 13.131 10.794 14.762 13.768 22.255 15.385 13.275 23.037 16.209 10.562 20.269 7.231
4.477 4.568 7.849 5.024 4.038 5.993 8.985 6.293 8.171 3.431 5.224 10.316 5.784 2.66 1.978 12.901 16.732 13.964 12.985 12.191 17.632 8.192 5.271 5.147 14.569 13.524 7.062 15.518 15.774 23.783 24.029 25.665 18.17 17.891 20.244 13.175 22.445 31.068 26.36 16.115 13.672 10.612 11.056 15.237 24.842 29.846 16.979 15.051 18.416 16.057 15.484 13.277 20.784 12.434 10.568 14.276 13.196 19.699 13.867 12.249 20.192 14.593 9.995 18.2 7.065
3.322 3.442 6.25 3.773 3.011 4.69 7.124 4.765 6.345 2.492 4.039 8.327 4.324 1.881 1.351 10.931 12.794 10.182 9.403 8.869 13.304 5.838 3.701 3.678 11.794 10.224 5.05 12.094 11.844 17.962 17.784 19.002 13.178 13.132 15.077 9.462 17.088 23.721 19.681 11.716 9.923 7.473 7.76 11.027 18.733 22.684 12.355 11.096 14.115 12.171 11.828 10.066 16.62 9.375 7.959 11.181 10.154 15.743 10.583 9.309 16.287 11.322 7.592 14.979 5.234
3.514 3.557 6.082 3.879 3.084 4.532 6.702 4.704 6.051 2.542 3.832 7.413 4.15 1.872 1.358 8.871 11.162 9.487 8.943 8.526 12.514 5.92 3.777 3.665 10.337 9.412 4.89 10.639 10.745 16.083 16.546 18.052 13.047 12.92 14.676 9.562 16.258 22.652 19.682 12.185 10.26 7.834 8.04 11.03 18.185 22.629 13.26 11.9 14.785 12.985 12.594 10.798 17.055 10.218 8.631 11.635 10.698 16.037 11.354 10.034 16.824 12.321 8.447 15.555 5.977
3.535 3.775 7.336 4.181 3.335 5.558 8.679 5.533 7.626 2.755 4.921 10.808 5.197 2.111 1.509 15.413 17.028 12.639 11.315 10.545 16.278 6.563 4.109 4.269 15.646 12.92 5.931 15.795 15.045 23.005 22.02 23.076 15.272 15.317 17.83 10.678 20.672 28.688 22.788 12.886 10.9 7.996 8.424 12.448 21.655 25.52 12.78 11.444 15.021 12.699 12.365 10.417 18.08 9.544 8.128 12.001 10.742 17.223 10.927 9.507 17.492 11.566 7.524 16.147 5.026
