0.652 0.985 1.069 0.665 0.588 1.366 1.694 1.49 3.02 0.995 7.344 4.897 4.017 4.341 3.645 7.27 15.58 6.143 12.823 9.434 17.751 6.599 2.803 3.658 8.418 10.258 5.636 14.057 17.331 45.021 47.865 70.75 43.158 39.018 39.311 57.142 44.449 61.277 47.355 9.891 13.885 15.243 8.208 26.496 45.427 23.916 19.597 10.693 34.512 53.252 23.354 14.318 31.573 9.86 9.731 21.05 21.915 43.658 19.287 6.824 29.419 47.174 19.745 21.274 8.475
0.671 1.01 1.097 0.696 0.643 1.586 1.936 1.705 3.383 1.165 7.999 5.265 4.323 4.73 4.032 7.97 16.004 6.529 13.37 9.971 18.45 7.071 3.081 4.222 10.28 12.361 6.784 16.647 19.582 46.077 47.108 67.308 42.083 38.349 39.031 56.402 44.285 60.802 47.598 10.175 14.532 16.044 8.63 27.838 45.602 23.982 19.669 10.818 35.227 52.927 23.545 14.536 32.285 10.188 10.173 22.327 23.041 44.398 19.748 7.009 30.364 47.5 20.215 21.831 8.788
0.654 0.981 1.067 0.671 0.595 1.334 1.598 1.385 2.695 0.913 6.25 4.332 3.565 3.85 3.249 6.356 13.393 5.507 11.294 8.458 15.682 6.007 2.58 3.377 7.661 9.167 5.05 12.246 14.955 38.003 41.644 63.003 40.002 36.695 37.377 54.45 43.04 59.411 46.61 9.955 13.996 15.386 8.348 26.406 44.456 23.887 19.716 10.907 34.764 53.455 24.072 14.907 32.668 10.417 10.31 22.036 22.777 44.383 20.121 7.221 30.662 49.045 21.106 22.797 9.237
0.757 1.153 1.252 0.778 0.7 1.701 2.067 1.788 3.601 1.165 8.682 5.452 4.448 4.864 4.098 8.283 17.269 6.691 14.18 10.34 19.659 7.222 3.075 4.081 9.894 12.126 6.58 16.621 19.965 50.134 51.292 74.847 45.702 41.742 42.553 62.534 48.627 67.805 52.507 10.93 15.494 17.14 9.183 30.48 52.047 27.008 22.206 12.084 40.375 62.196 27.003 16.594 37.508 11.542 11.462 25.456 26.502 52.955 22.986 8.078 35.877 57.41 23.791 25.895 10.256
0.548 0.817 0.891 0.565 0.503 1.12 1.349 1.183 2.304 0.806 5.381 3.888 3.225 3.495 2.972 5.747 11.968 5.079 10.243 7.771 14.195 5.565 2.413 3.166 7.109 8.446 4.684 11.159 13.565 33.722 37.436 56.501 36.561 33.482 33.989 48.8 38.619 52.486 41.238 8.952 12.571 13.805 7.533 23.326 38.243 20.664 16.99 9.451 29.335 44.11 20.095 12.465 26.818 8.681 8.589 18.09 18.56 35.257 16.225 5.879 24.395 38.364 16.759 17.978 7.366
0.574 0.873 0.948 0.593 0.535 1.291 1.588 1.388 2.821 0.917 6.907 4.317 3.539 3.897 3.307 6.699 13.91 5.358 11.394 8.309 15.768 5.809 2.511 3.367 8.111 9.996 5.481 13.841 16.653 41.371 41.671 59.508 35.985 32.73 33.271 48.39 37.501 51.664 39.905 8.435 12.114 13.557 7.398 24.313 40.683 21.077 17.317 9.528 31.014 46.643 20.322 12.572 27.949 8.766 8.791 19.312 20.064 39.096 17.077 6.097 26.438 41.295 17.225 18.639 7.504
0.79 1.193 1.294 0.794 0.691 1.588 1.979 1.738 3.539 1.149 8.593 5.872 4.781 5.09 4.208 8.366 18.537 7.289 15.195 11.137 21.064 7.731 3.195 4.056 9.106 11.015 5.988 14.999 18.859 51.706 57.261 87.616 53.429 48.097 48.188 70.705 55.045 76.767 59.236 12.018 16.477 17.696 9.286 29.947 53.414 28.334 23.172 12.427 40.802 65.737 28.695 17.355 38.6 11.783 11.416 24.691 25.865 53.781 23.677 8.192 35.873 59.935 24.862 26.804 10.424
0.619 0.929 1.008 0.64 0.577 1.316 1.602 1.411 2.793 0.953 6.665 4.467 3.699 4.049 3.461 6.84 14.102 5.705 11.788 8.788 16.279 6.237 2.749 3.707 8.614 10.434 5.825 14.272 17.254 42.166 43.839 62.907 38.921 35.401 35.904 51.477 40.319 54.7 42.634 9.305 13.422 15.09 8.403 26.712 43.585 23.174 19.112 10.728 33.435 49.087 22.049 13.786 29.743 9.688 9.768 20.844 21.48 40.295 18.277 6.697 27.833 42.492 18.34 19.673 8.149
0.706 1.11 1.205 0.737 0.683 1.807 2.142 1.817 3.687 1.154 8.841 5.259 4.213 4.649 3.896 8.056 16.339 6.088 13.266 9.495 18.367 6.488 2.718 3.808 10.1 12.119 6.328 16.693 19.274 46.998 46.048 66.098 39.494 36.175 37.192 55.607 42.693 60.731 46.634 9.168 13.367 14.803 7.585 27.942 47.884 23.724 19.522 10.323 38.279 58.837 24.317 14.736 35.695 10.181 10.235 24.506 25.31 52.175 21.427 7.171 35.742 57.108 22.436 24.917 9.409
0.644 0.978 1.062 0.658 0.58 1.321 1.609 1.393 2.775 0.897 6.574 4.334 3.547 3.821 3.196 6.389 13.83 5.364 11.319 8.3 15.741 5.788 2.453 3.205 7.319 8.888 4.873 12.227 15.153 40.049 42.67 63.759 38.757 35.363 35.899 52.884 41.285 57.615 44.61 9.248 13.056 14.368 7.738 25.255 44.131 23.245 19.172 10.471 34.239 53.628 23.418 14.407 32.102 9.982 9.891 21.505 22.46 45.248 19.868 7.024 30.644 49.735 20.712 22.501 8.944
0.591 0.88 0.969 0.622 0.549 1.147 1.328 1.15 2.168 0.793 4.942 3.985 3.413 3.74 3.215 6.051 12.537 5.688 11.258 8.788 15.731 6.407 2.791 3.602 7.659 8.732 4.812 10.898 13.129 32.664 39.431 63.757 44.478 41.609 42.545 60.443 48.099 64.195 50.508 11.116 15.39 16.657 9.053 26.979 42.94 23.481 19.262 10.754 32.321 47.869 22.239 13.804 29.034 9.519 9.331 19.09 19.251 35.586 16.789 6.144 24.937 39.338 17.729 19.002 7.872
0.712 1.08 1.172 0.724 0.644 1.571 1.972 1.735 3.583 1.157 8.897 5.698 4.645 5.038 4.218 8.536 18.251 7.036 14.848 10.8 20.553 7.5 3.146 4.092 9.726 12.032 6.544 16.588 20.313 52.625 54.595 79.879 48.12 43.337 43.608 63.665 49.146 68.111 52.321 10.744 14.99 16.4 8.714 28.709 49.763 25.773 21.003 11.305 37.407 58.266 25.121 15.266 34.184 10.45 10.257 22.615 23.679 48.058 20.786 7.231 31.861 51.558 21.193 22.873 8.96
0.724 1.144 1.243 0.756 0.695 1.872 2.252 1.916 4.009 1.219 10.038 5.79 4.612 5.145 4.314 9.081 18.721 6.76 15.057 10.629 20.874 7.226 3.016 4.107 10.933 13.391 6.984 18.688 21.802 54.63 52.907 75.537 44.408 40.543 41.594 62.09 47.182 66.869 50.869 10.052 14.504 16.118 8.332 30.322 52.272 25.582 20.983 11.094 40.714 62.441 25.437 15.423 37.182 10.589 10.594 25.252 26.156 54.11 21.944 7.4 36.329 57.96 22.453 24.891 9.431
0.623 0.968 1.052 0.631 0.56 1.464 1.772 1.495 3.093 0.925 7.59 4.456 3.549 3.856 3.169 6.637 14.264 5.163 11.373 8.017 15.838 5.429 2.171 2.805 7.275 9.087 4.72 12.586 15.15 40.281 40.648 60.68 35.886 32.677 33.329 50.56 38.637 55.73 42.451 8.152 11.222 12.178 6.161 22.57 41.668 20.761 16.929 8.756 32.568 53.063 21.79 12.967 31.263 8.813 8.534 20.259 21.443 46.711 19.035 6.263 30.799 52.14 20.324 22.438 8.302
0.707 1.071 1.16 0.699 0.599 1.419 1.797 1.564 3.232 1.003 7.925 5.219 4.19 4.413 3.589 7.259 16.648 6.279 13.295 9.577 18.517 6.549 2.614 3.231 7.291 8.99 4.823 12.418 15.864 45.728 50.486 78.262 46.659 41.824 41.805 62.59 48.418 68.902 52.725 10.243 13.744 14.488 7.379 24.527 46.693 24.502 19.937 10.402 35.575 60.453 25.704 15.259 34.695 10.197 9.71 21.419 22.838 50.425 21.541 7.204 32.614 57.218 23.032 24.925 9.353
0.711 1.068 1.162 0.723 0.632 1.399 1.711 1.517 3.048 1.039 7.341 5.341 4.413 4.728 3.952 7.686 16.647 6.872 14.055 10.499 19.401 7.378 3.121 4.013 8.836 10.432 5.719 13.887 17.321 46.185 52.681 81.08 50.828 45.818 45.814 65.835 51.472 70.356 54.619 11.447 15.84 17.136 9.161 28.621 48.657 26.191 21.474 11.742 37.089 57.409 25.671 15.705 34.11 10.733 10.479 22.148 22.841 45.344 20.603 7.313 31.038 50.218 21.421 22.959 9.168
0.58 0.882 0.958 0.6 0.538 1.259 1.521 1.313 2.614 0.848 6.233 3.922 3.217 3.53 2.99 6.029 12.579 4.853 10.332 7.554 14.343 5.292 2.29 3.065 7.277 8.93 4.904 12.328 14.898 37.352 38.046 55.116 33.58 30.814 31.518 46.2 36.018 49.981 38.784 8.217 11.825 13.25 7.255 23.849 40.274 21.019 17.377 9.607 31.317 47.497 20.813 12.942 28.837 9.086 9.133 19.999 20.793 40.586 17.83 6.398 27.754 43.666 18.323 19.928 8.056
0.727 1.104 1.199 0.755 0.681 1.587 1.911 1.651 3.27 1.071 7.769 4.892 4.02 4.43 3.773 7.589 15.643 6.079 12.909 9.469 17.897 6.66 2.915 3.942 9.394 11.498 6.341 15.867 19.05 46.878 47.426 68.041 41.629 38.242 39.178 57.159 44.664 61.654 47.981 10.3 14.945 16.861 9.322 30.455 50.584 26.505 21.947 12.238 39.428 58.929 26.053 16.291 36.026 11.507 11.636 25.355 26.276 50.354 22.34 8.1 34.697 53.787 22.824 24.762 10.134
0.575 0.858 0.94 0.597 0.526 1.121 1.322 1.159 2.243 0.806 5.243 4.089 3.453 3.752 3.194 6.065 12.709 5.589 11.166 8.587 15.499 6.173 2.669 3.45 7.441 8.591 4.736 10.986 13.408 34.094 40.341 63.779 42.649 39.194 39.613 56.199 44.338 59.498 46.612 10.126 14.05 15.241 8.264 24.993 40.496 22.064 18.113 10.072 30.702 45.936 21.097 13.051 27.705 8.99 8.817 18.221 18.5 34.879 16.31 5.928 24.369 38.597 17.081 18.278 7.498
0.7 1.049 1.141 0.718 0.644 1.494 1.777 1.526 2.938 0.993 6.667 4.481 3.656 3.952 3.336 6.536 13.432 5.518 11.288 8.443 15.66 6 2.572 3.409 8.031 9.648 5.278 12.859 15.391 37.727 40.274 60.162 38.513 35.534 36.475 53.578 42.629 59.39 46.96 10.007 14.064 15.443 8.297 26.658 44.964 24.084 19.88 10.94 35.691 55.38 25.015 15.471 34.44 10.906 10.784 23.454 24.351 47.875 21.619 7.685 33.25 53.647 23.162 25.153 10.133
0.574 0.918 0.998 0.617 0.597 1.656 1.978 1.699 3.496 1.118 8.532 5.089 4.059 4.543 3.855 8.003 15.782 5.864 12.805 9.199 17.684 6.272 2.704 4.016 10.828 12.72 6.614 17.555 19.803 46.109 43.763 60.423 35.547 32.388 33.313 49.194 37.439 52.557 40.145 7.903 12.09 13.488 6.89 25.64 41.893 20.23 16.633 8.858 33.099 48.853 19.759 12.026 29.455 8.322 8.613 20.905 21.206 42.275 17.057 5.705 29.063 44.629 17.141 19.061 7.215
0.556 0.837 0.92 0.572 0.491 1.035 1.198 1.028 1.987 0.685 4.544 3.572 2.987 3.187 2.634 4.965 10.831 4.697 9.565 7.272 13.327 5.136 2.128 2.653 5.564 6.242 3.319 7.685 9.538 26.67 34.336 59.009 39.723 36.55 36.86 53.431 42.406 58.748 46.375 9.612 12.953 13.647 7.099 21.378 36.116 19.911 16.448 8.969 28.582 46.358 21.427 13.098 28.684 8.996 8.606 17.875 18.224 36.629 17.153 6.037 25.785 43.756 19.235 20.774 8.24
0.625 0.933 1.018 0.635 0.552 1.218 1.456 1.255 2.431 0.822 5.565 4.037 3.304 3.518 2.926 5.648 12.199 5.116 10.384 7.814 14.456 5.539 2.311 2.92 6.411 7.558 4.102 9.831 12.166 32.371 37.762 60.258 39.38 36.178 36.762 53.922 42.952 59.821 47.249 9.888 13.461 14.389 7.581 23.568 40.579 22.11 18.177 9.897 31.792 51.134 23.359 14.289 31.416 9.891 9.556 20.251 20.991 42.298 19.431 6.837 29.188 48.838 21.265 22.949 9.134
0.59 0.886 0.967 0.611 0.538 1.135 1.331 1.176 2.321 0.829 5.544 4.297 3.639 3.954 3.352 6.391 13.462 5.799 11.738 8.933 16.171 6.338 2.752 3.601 7.807 8.978 4.949 11.641 14.361 37.368 44.026 68.531 43.968 39.723 39.62 55.62 43.34 57.917 44.967 9.717 13.645 14.934 8.161 25.006 40.915 22.278 18.381 10.263 31.409 46.335 20.972 12.984 27.583 8.914 8.806 18.258 18.527 35.051 16.333 5.964 24.741 38.708 16.843 17.989 7.372
0.668 1.006 1.089 0.688 0.616 1.39 1.726 1.541 3.105 1.047 7.546 5.083 4.209 4.586 3.904 7.752 16.27 6.458 13.438 9.956 18.513 7.001 3.07 4.129 9.492 11.527 6.451 16.019 19.643 49.172 51.008 72.524 43.917 39.546 39.762 56.746 44.159 59.621 46.163 9.988 14.399 16.171 9.005 28.827 47.512 25.104 20.622 11.527 35.695 52.266 23.339 14.538 31.178 10.137 10.209 21.723 22.461 42.478 19.194 7.02 29.128 44.323 19.025 20.318 8.394
0.71 1.064 1.154 0.731 0.666 1.605 2.003 1.79 3.624 1.246 8.847 5.908 4.87 5.328 4.55 8.999 18.378 7.472 15.299 11.392 21.035 8.066 3.527 4.751 11.275 13.715 7.617 18.683 22.399 53.868 55.459 78.555 48.445 43.608 43.878 62.424 48.604 65.615 50.952 11.022 15.753 17.549 9.63 30.481 49.371 26.013 21.244 11.78 36.921 54.306 24.193 14.973 32.432 10.423 10.429 22.454 23.176 43.92 19.728 7.122 29.855 45.838 19.584 20.946 8.558
0.662 1 1.081 0.67 0.587 1.298 1.618 1.462 3.005 1.012 7.393 5.322 4.394 4.697 3.916 7.675 16.77 6.756 13.949 10.313 19.134 7.173 3.044 3.957 8.752 10.349 5.699 14.12 17.791 47.993 53.559 80.045 48.405 43.06 42.644 60.873 47.198 64.136 49.353 10.283 14.374 15.658 8.421 26.638 45.65 24.359 19.927 10.881 34.21 52.182 23.029 14.07 30.451 9.548 9.38 19.891 20.572 41.091 18.489 6.566 27.956 44.568 18.743 20.028 7.983
0.655 1.001 1.087 0.687 0.648 1.627 1.941 1.684 3.287 1.129 7.533 4.827 3.946 4.328 3.689 7.308 14.334 5.781 11.924 8.858 16.441 6.25 2.748 3.924 9.814 11.632 6.327 15.67 18.042 41.279 41.127 58.048 35.974 32.982 33.837 49.415 38.771 53.93 42.261 8.872 12.968 14.356 7.611 25.795 42.453 21.991 18.171 9.939 34.006 51.175 22.374 13.816 31.747 9.752 9.879 22.426 23.115 45.114 19.621 6.845 31.335 49.056 20.466 22.406 8.868
0.678 1.03 1.134 0.71 0.618 1.285 1.441 1.224 2.341 0.816 5.316 4.176 3.547 3.846 3.218 6.076 12.961 5.619 11.58 8.832 16.128 6.241 2.654 3.414 7.282 8.139 4.352 10.009 12.277 33.46 42.544 71.903 47.595 43.787 44.228 63.538 50.137 68.85 54.08 11.398 15.812 17.073 9.126 27.782 45.998 25.28 21.063 11.705 37.064 57.517 26.255 16.232 35.43 11.246 10.987 22.878 23.14 44.845 20.916 7.514 32.04 52.308 22.775 24.629 9.939
0.533 0.806 0.897 0.575 0.506 1.035 1.13 0.935 1.704 0.617 3.787 3.119 2.728 3.042 2.626 4.936 10.203 4.607 9.334 7.336 13.263 5.336 2.316 2.994 6.322 7.02 3.785 8.366 9.896 25.144 32.407 56.76 40.446 38.236 39.196 55.747 43.841 58.704 46.006 9.989 13.886 15.042 8.148 24.34 38.77 21.207 17.572 9.869 30.369 45.804 21.168 13.162 28.087 9.138 8.973 18.401 18.399 33.902 15.917 5.822 24.123 38.764 17.341 18.699 7.71
