3.483 7.18 6.215 3.541 6.612 6.74 7.475 8.675 10.459 4.824 6.458 12.299 9.763 6.372 5.164 11.387 14.024 11.974 10.231 9.448 10.133 6.472 6.579 6.531 8.003 7.772 5.016 5.841 6.073 6.965 6.486 10.961 7.23 8.303 10.837 9.349 11.192 16.534 15.871 11.454 13.561 12.381 14.626 20.827 23.159 16.468 11.263 12.703 24.046 16.044 16.094 16.65 18.954 14.028 15.827 13.795 11.548 17.902 14.925 12.056 15.132 11.475 10.239 9.927 9.327
3.445 6.935 5.995 3.381 6.115 6.144 6.764 7.868 9.497 4.453 5.856 11.11 9.327 6.249 5.047 10.909 13.537 11.731 10.13 9.327 9.884 6.328 6.379 6.311 7.693 7.455 4.769 5.407 5.484 6.131 5.602 9.233 6.202 7.099 9.291 8.17 9.842 14.789 14.875 11.029 12.983 11.87 13.96 19.933 22.732 16.565 11.264 12.443 23.133 15.955 16.089 16.678 18.862 13.875 15.395 13.402 11.207 17.161 14.406 11.606 14.393 10.915 9.632 9.22 8.573
3.295 6.817 5.973 3.448 6.455 6.599 7.327 8.515 10.177 4.628 6.116 11.363 8.887 5.854 4.805 10.668 13.31 11.407 9.773 9.004 9.549 6.06 6.158 6.149 7.626 7.56 4.992 5.907 6.238 7.224 6.751 11.33 7.343 8.347 10.74 9.118 10.763 15.702 15.045 10.962 13.033 11.947 14.118 20.076 22.402 16.063 11.028 12.389 23.075 15.301 15.392 16.058 18.388 13.641 15.288 13.262 11.099 17.137 14.279 11.54 14.453 10.949 9.757 9.436 8.854
3.375 7.125 6.226 3.514 6.731 6.891 7.767 9.352 11.779 5.225 7.008 13.503 10.147 6.391 5.119 11.777 14.816 12.51 10.778 9.997 10.587 6.441 6.402 6.245 7.653 7.457 4.781 5.656 6 7.08 6.676 11.729 7.513 8.681 11.43 9.57 11.255 16.483 15.394 10.826 12.859 11.588 13.624 19.485 21.772 15.418 10.451 11.814 22.83 14.541 14.542 15.309 18.002 13.287 15.079 13.074 10.901 17.352 14.458 11.673 14.987 11.36 10.141 9.816 9.174
2.84 5.902 5.169 2.99 5.581 5.652 6.218 7.144 8.419 3.857 5.137 9.574 7.63 5.073 4.186 9.202 11.187 9.421 8.033 7.406 7.882 5.069 5.221 5.275 6.563 6.471 4.246 4.985 5.197 5.928 5.474 9.002 5.875 6.708 8.658 7.449 8.876 12.999 12.565 9.198 10.921 10.018 11.84 16.746 18.564 13.285 9.149 10.343 19.283 12.938 13.108 13.689 15.584 11.512 12.914 11.265 9.511 14.71 12.261 9.939 12.45 9.463 8.476 8.252 7.798
3.349 6.863 5.935 3.295 6.163 6.355 7.239 8.823 11.274 5.082 6.665 12.834 10.009 6.364 5.01 11.277 14.52 12.697 10.953 10.037 10.539 6.407 6.245 5.985 7.227 7.011 4.461 5.175 5.41 6.311 5.929 10.491 6.877 7.888 10.359 8.742 10.287 15.286 14.67 10.418 12.234 10.971 12.82 18.539 21.294 15.311 10.276 11.341 21.739 14.278 14.293 14.961 17.477 12.951 14.614 12.652 10.453 16.486 13.903 11.219 14.286 10.821 9.542 9.118 8.426
3.572 7.531 6.535 3.612 6.921 7.193 8.301 10.227 13.044 5.649 7.44 14.379 10.868 6.826 5.39 12.439 15.995 13.829 11.83 10.727 11.171 6.68 6.546 6.321 7.751 7.614 4.871 5.77 6.129 7.254 6.835 12.318 7.883 9.05 11.838 9.763 11.41 16.919 15.923 11.098 13.053 11.594 13.546 19.719 22.609 15.972 10.606 11.742 22.761 14.602 14.743 15.575 18.31 13.426 15.25 13.181 10.893 17.483 14.678 11.849 15.287 11.509 10.162 9.749 9.046
3.14 6.472 5.604 3.126 5.872 6.044 6.865 8.339 10.617 4.785 6.317 12.155 9.408 5.98 4.735 10.694 13.681 11.895 10.276 9.461 9.979 6.089 5.977 5.764 6.994 6.805 4.353 5.088 5.357 6.289 5.941 10.544 6.925 7.993 10.546 8.924 10.533 15.629 14.929 10.597 12.484 11.214 13.119 18.89 21.497 15.374 10.34 11.466 21.92 14.264 14.235 14.859 17.288 12.762 14.376 12.416 10.258 16.138 13.522 10.887 13.838 10.458 9.231 8.833 8.173
3.03 6.254 5.41 2.998 5.644 5.798 6.599 8.108 10.534 4.745 6.287 12.214 9.366 5.885 4.627 10.549 13.572 11.8 10.267 9.51 10.034 6.047 5.88 5.618 6.775 6.552 4.158 4.853 5.121 6.056 5.751 10.353 6.825 7.941 10.598 8.988 10.621 15.812 15.092 10.67 12.591 11.285 13.177 18.964 21.603 15.46 10.373 11.5 22.104 14.18 14.059 14.676 17.175 12.643 14.224 12.235 10.059 15.873 13.256 10.633 13.562 10.234 9.013 8.596 7.914
3.279 6.922 6.051 3.433 6.563 6.737 7.583 9.051 11.223 4.98 6.659 12.723 9.611 6.108 4.922 11.232 14.038 11.867 10.16 9.37 9.917 6.093 6.102 5.996 7.379 7.219 4.659 5.524 5.854 6.869 6.446 11.198 7.153 8.209 10.7 8.931 10.48 15.29 14.261 10.051 11.919 10.751 12.648 18.089 20.183 14.276 9.697 10.965 21.088 13.574 13.655 14.378 16.818 12.446 14.154 12.315 10.309 16.377 13.685 11.087 14.209 10.787 9.649 9.372 8.8
3.078 6.423 5.665 3.323 6.242 6.334 6.91 7.801 9.017 4.092 5.432 10.018 7.867 5.287 4.444 9.912 12.274 10.282 8.622 7.877 8.344 5.367 5.548 5.641 7.077 7.096 4.754 5.665 5.971 6.834 6.273 10.102 6.397 7.204 9.214 7.921 9.483 13.988 13.684 10.197 12.29 11.431 13.624 19.28 21.229 15.142 10.478 11.882 21.996 14.537 14.672 15.36 17.591 13.062 14.613 12.6 10.535 16.128 13.299 10.775 13.467 10.198 9.122 8.862 8.357
3.121 6.197 5.328 2.972 5.289 5.273 5.794 6.777 8.261 3.921 5.138 9.843 8.535 5.773 4.634 9.922 12.357 10.791 9.381 8.654 9.16 5.877 5.902 5.824 7.075 6.831 4.331 4.838 4.847 5.372 4.895 8.09 5.556 6.414 8.504 7.611 9.252 14.109 14.515 10.849 12.702 11.569 13.532 19.301 22.154 16.196 10.908 11.886 21.897 15.223 15.276 15.718 17.582 12.783 13.997 12.106 10.061 15.271 12.783 10.226 12.572 9.496 8.309 7.885 7.277
3.632 7.516 6.507 3.693 6.971 7.138 7.943 9.329 11.501 5.258 7.052 13.537 10.509 6.738 5.41 12.092 15.106 12.866 10.984 10.198 10.948 6.859 6.881 6.745 8.218 7.956 5.106 5.962 6.23 7.216 6.766 11.642 7.594 8.724 11.441 9.781 11.639 17.127 16.206 11.564 13.708 12.462 14.715 21.022 23.37 16.596 11.335 12.817 24.579 16.132 16.103 16.705 19.292 14.367 16.291 14.159 11.822 18.534 15.484 12.504 15.83 12.019 10.736 10.412 9.763
3.267 6.691 5.752 3.24 6.078 6.223 6.93 8.174 10.207 4.724 6.345 12.289 9.636 6.166 4.913 10.932 13.751 11.827 10.139 9.453 10.205 6.403 6.388 6.219 7.525 7.246 4.625 5.368 5.597 6.502 6.141 10.72 7.12 8.248 10.95 9.483 11.373 16.889 16.113 11.514 13.621 12.362 14.561 20.789 23.122 16.399 11.147 12.52 23.939 15.685 15.512 15.925 18.24 13.517 15.233 13.153 10.89 16.943 14.094 11.31 14.23 10.757 9.551 9.204 8.573
3.092 6.4 5.699 3.342 6.184 6.203 6.641 7.422 8.72 4.066 5.318 9.719 7.895 5.488 4.635 10.299 12.912 10.605 8.791 8.023 8.563 5.559 5.681 5.725 7.178 7.298 4.96 5.852 6.072 6.783 6.085 9.618 6.169 6.965 9.011 8.021 9.755 14.605 14.669 11.19 13.457 12.516 14.721 20.611 22.772 16.379 11.25 12.564 22.921 15.092 15.175 15.965 18.358 13.578 14.826 12.497 10.283 15.638 13.116 10.644 13.128 9.86 8.744 8.44 7.914
2.776 5.687 4.904 2.75 5.162 5.29 5.907 7.023 8.85 4.062 5.416 10.5 8.212 5.226 4.135 9.248 11.74 10.099 8.647 8.02 8.574 5.296 5.216 5.023 6.037 5.784 3.657 4.207 4.347 5 4.66 8.049 5.245 5.996 7.871 6.716 7.96 11.751 11.176 7.954 9.392 8.502 10.008 14.37 16.169 11.573 7.87 8.837 17.091 11.27 11.223 11.663 13.608 10.198 11.587 10.075 8.382 13.212 11.123 8.985 11.423 8.697 7.748 7.482 6.977
3.493 7.486 6.507 3.526 6.763 6.999 8.156 10.265 13.459 5.711 7.552 14.761 10.908 6.749 5.303 12.497 15.983 13.902 12.036 10.866 11.177 6.502 6.281 5.987 7.291 7.088 4.46 5.28 5.624 6.687 6.266 11.458 7.292 8.437 11.147 9.092 10.555 15.731 14.783 10.21 12.062 10.622 12.313 17.937 20.814 14.75 9.724 10.745 20.944 13.105 13.283 14.239 16.903 12.244 13.952 12.033 9.876 16.006 13.393 10.783 14.102 10.587 9.296 8.869 8.18
2.494 5.02 4.295 2.401 4.375 4.433 4.924 5.751 7.018 3.307 4.399 8.501 7.04 4.631 3.702 8.037 9.983 8.704 7.511 6.917 7.408 4.752 4.783 4.695 5.674 5.439 3.45 3.921 3.999 4.522 4.187 7.096 4.821 5.57 7.361 6.483 7.858 11.859 11.74 8.559 10.06 9.167 10.785 15.421 17.429 12.495 8.455 9.374 17.653 12.013 11.987 12.275 13.798 10.127 11.316 9.839 8.163 12.5 10.427 8.37 10.397 7.852 6.926 6.633 6.164
3.44 7.171 6.289 3.635 6.829 6.973 7.728 8.925 10.582 4.827 6.423 11.996 9.426 6.192 5.075 11.202 13.695 11.572 9.84 9.033 9.587 6.105 6.233 6.231 7.684 7.509 4.887 5.718 5.942 6.755 6.193 10.124 6.457 7.246 9.174 7.698 9.006 12.951 12.204 8.767 10.338 9.42 11.104 15.724 17.436 12.457 8.582 9.736 18.382 12.372 12.588 13.237 15.274 11.448 13.042 11.516 9.793 15.348 12.967 10.623 13.475 10.344 9.338 9.157 8.707
3.543 7.165 6.162 3.456 6.353 6.462 7.169 8.382 10.274 4.759 6.274 11.98 9.629 6.247 4.969 10.866 13.591 11.757 10.045 9.203 9.755 6.117 6.057 5.864 7.032 6.715 4.244 4.818 4.901 5.512 5.036 8.395 5.474 6.166 7.943 6.772 7.992 11.747 11.311 8.124 9.518 8.623 10.113 14.455 16.342 11.764 7.998 8.91 16.956 11.5 11.542 11.987 13.805 10.338 11.714 10.265 8.581 13.369 11.324 9.188 11.58 8.841 7.864 7.586 7.088
3.826 7.788 6.732 3.804 7.022 7.142 7.918 9.246 11.274 5.207 6.882 13.07 10.455 6.812 5.463 11.988 14.948 12.88 11.028 10.14 10.768 6.783 6.771 6.614 8.003 7.71 4.922 5.644 5.792 6.564 6.038 10.097 6.603 7.486 9.685 8.289 9.822 14.463 13.963 10.09 11.888 10.821 12.738 18.211 20.566 14.832 10.131 11.336 21.506 14.534 14.624 15.232 17.541 13.108 14.823 12.975 10.87 16.921 14.285 11.592 14.602 11.14 9.923 9.587 8.972
3.28 6.73 5.822 3.291 6.144 6.278 6.982 8.183 10.042 4.603 6.112 11.672 9.186 5.922 4.737 10.491 13.106 11.226 9.569 8.804 9.364 5.854 5.83 5.678 6.867 6.603 4.206 4.842 4.986 5.675 5.226 8.79 5.677 6.417 8.275 7.005 8.249 12.053 11.435 8.159 9.602 8.701 10.229 14.608 16.372 11.706 7.984 8.973 17.174 11.468 11.516 12.005 13.913 10.428 11.861 10.384 8.702 13.662 11.535 9.368 11.882 9.074 8.113 7.87 7.387
3.603 7.501 6.509 3.691 7.003 7.158 7.96 9.37 11.548 5.205 6.961 13.319 10.19 6.483 5.194 11.686 14.589 12.301 10.458 9.67 10.301 6.373 6.361 6.212 7.564 7.313 4.677 5.461 5.697 6.583 6.127 10.473 6.696 7.624 9.899 8.327 9.796 14.262 13.323 9.424 11.147 10.085 11.882 16.951 18.816 13.341 9.101 10.31 19.882 12.962 12.977 13.562 15.835 11.829 13.469 11.735 9.833 15.564 13.048 10.572 13.492 10.276 9.213 8.965 8.426
2.646 5.422 4.76 2.741 5.014 5.005 5.427 6.22 7.413 3.46 4.545 8.445 7.089 4.844 4.01 8.72 10.693 8.991 7.627 7.054 7.504 4.833 4.944 4.999 6.253 6.243 4.11 4.75 4.868 5.449 4.966 8.054 5.368 6.164 8.081 7.181 8.663 12.886 12.993 9.748 11.519 10.538 12.319 17.275 19.297 13.929 9.488 10.512 19.146 12.938 13.053 13.592 15.336 11.16 12.189 10.429 8.715 13.338 11.154 8.953 11.046 8.353 7.408 7.134 6.68
3.857 8.356 7.295 4.057 7.911 8.232 9.492 11.618 14.587 6.185 8.254 15.942 11.814 7.43 5.955 13.939 17.611 15.017 12.769 11.55 12.042 7.216 7.19 7.053 8.769 8.662 5.573 6.703 7.179 8.509 7.973 14.259 8.921 10.235 13.301 10.814 12.594 18.529 17.13 11.844 14.018 12.447 14.586 21.191 24.029 16.769 11.159 12.519 24.376 15.449 15.761 16.785 19.749 14.424 16.523 14.338 11.934 19.346 16.174 13.101 17.055 12.829 11.412 11.059 10.365
2.9 6.134 5.313 2.827 5.353 5.538 6.532 8.436 11.469 4.897 6.406 12.624 9.377 5.741 4.434 10.472 13.642 12.118 10.649 9.608 9.793 5.58 5.257 4.899 5.877 5.668 3.521 4.124 4.386 5.246 4.945 9.26 6.016 7.017 9.403 7.72 8.962 13.53 12.939 8.954 10.546 9.236 10.627 15.557 18.442 13.251 8.666 9.435 18.378 11.449 11.533 12.389 14.8 10.674 12.089 10.369 8.412 13.607 11.413 9.149 11.976 8.977 7.796 7.337 6.672
3.329 7.139 6.304 3.683 7.12 7.306 8.134 9.444 11.203 4.973 6.713 12.513 9.34 6.029 4.994 11.311 13.713 11.336 9.617 8.892 9.483 5.99 6.196 6.282 7.899 7.853 5.206 6.315 6.791 8 7.532 12.762 8.067 9.232 11.859 9.859 11.553 16.53 15.124 10.688 12.729 11.577 13.697 19.332 20.987 14.672 10.108 11.627 22.058 14.203 14.376 15.126 17.49 12.968 14.778 12.93 10.978 17.331 14.404 11.74 14.979 11.41 10.335 10.186 9.719
3.436 7.308 6.288 3.387 6.602 6.996 8.309 10.533 13.687 5.696 7.409 14.554 10.97 6.789 5.246 12.34 16.397 14.373 12.142 10.771 11.053 6.425 6.197 5.911 7.284 7.23 4.588 5.456 5.811 6.94 6.559 12.282 7.76 8.875 11.59 9.385 10.935 16.491 15.549 10.638 12.4 10.822 12.612 18.818 22.124 15.444 9.973 10.836 21.405 13.693 13.943 14.764 17.47 12.679 14.446 12.402 10.133 16.586 13.997 11.268 14.689 10.932 9.551 9.088 8.366
3.062 6.472 5.667 3.306 6.287 6.404 7.075 8.109 9.487 4.321 5.856 10.965 8.508 5.597 4.653 10.315 12.329 10.228 8.682 8.034 8.637 5.606 5.874 6.015 7.564 7.493 4.963 5.949 6.319 7.348 6.908 11.589 7.585 8.772 11.387 9.755 11.652 16.927 15.893 11.425 13.569 12.393 14.633 20.481 22.069 15.388 10.586 12.096 22.571 14.739 14.817 15.33 17.272 12.64 14.206 12.347 10.42 16.116 13.255 10.718 13.454 10.194 9.191 9.025 8.596
3.395 7.252 6.366 3.608 6.957 7.133 8.054 9.664 12.039 5.277 7.09 13.608 10.148 6.404 5.166 11.944 14.9 12.501 10.722 9.891 10.44 6.357 6.365 6.257 7.722 7.557 4.863 5.788 6.154 7.248 6.793 11.826 7.468 8.577 11.18 9.255 10.818 15.731 14.559 10.189 12.108 10.897 12.815 18.316 20.405 14.383 9.756 11.077 21.438 13.637 13.742 14.565 17.164 12.661 14.443 12.579 10.545 16.884 14.089 11.421 14.741 11.195 10.036 9.768 9.186
