1.913 3.854 6.091 2.207 10.819 9.6 12.45 16.123 15.541 4.283 4.021 28.851 15.772 2.424 2.781 12.342 16.456 15.177 11.213 8.43 9.144 3.646 3.618 4.706 7.275 5.967 4.048 3.84 5.955 9.946 9.085 20.863 9.064 12.942 11.362 8.328 10.629 21.632 15.249 7.898 9.124 7.634 12.019 18.419 27.701 15.519 4.606 5.608 21.564 12.979 8.32 10.968 26.105 18.093 14.777 12.718 12.534 22.491 21.45 15.791 22.859 13.995 10.749 11.854 10.453
2.968 6.022 9.293 3.47 15.74 13.714 17.204 21.563 20.404 5.795 5.621 36.548 20.106 3.206 3.852 16.347 21.137 19.155 14.163 10.776 11.738 4.851 4.953 6.495 9.824 8.053 5.548 5.335 8.147 13.089 11.803 25.694 11.279 16.005 14.103 10.481 13.367 26.212 18.457 9.764 11.433 9.732 15.141 22.567 32.763 18.436 5.69 7.18 26.244 15.916 10.378 13.709 31.094 21.492 17.614 15.317 15.215 26.595 25.116 18.582 26.508 16.457 12.875 14.331 12.788
2.82 5.687 8.676 3.255 14.263 12.832 16.436 21.171 20.412 5.775 5.585 34.817 20.343 3.226 3.877 15.898 20.281 18.813 14.055 10.68 11.548 4.771 4.838 6.249 9.164 7.415 5.089 4.876 7.361 11.681 10.701 23.829 10.959 15.67 13.964 10.38 13.147 25.508 18.428 9.795 11.463 9.744 14.898 21.949 32.572 18.901 5.842 7.391 26.261 16.018 10.407 13.703 30.723 21.826 17.993 15.705 15.572 26.882 25.638 19.103 27.234 17.047 13.295 14.708 13.034
1.848 4.143 7.159 2.224 14.438 11.312 14.611 18.6 17.028 4.045 3.8 36.432 16.62 2.032 2.312 14.376 18.727 16.261 11.437 8.431 9.467 3.361 3.386 4.765 8.267 6.553 4.264 4.08 6.963 12.505 10.796 26.728 9.736 14.816 12.534 8.835 11.891 26.439 16.759 8.02 9.655 7.907 13.709 21.919 32.82 16.238 4.263 5.212 26.146 13.561 8.311 11.659 31.289 19.216 15.245 12.923 12.794 25.102 22.716 15.823 24.22 13.541 10.188 11.584 10.107
2.274 4.549 7.14 2.585 12.58 11.255 14.618 18.892 18.09 4.944 4.619 32.889 17.929 2.742 3.141 13.723 18.45 17.047 12.558 9.401 10.154 4.038 3.991 5.158 7.948 6.543 4.445 4.215 6.528 10.989 10.136 23.641 10.264 14.671 12.874 9.418 11.991 24.517 17.317 8.95 10.302 8.595 13.483 20.756 31.482 17.583 5.202 6.314 24.006 14.499 9.279 12.185 29.043 20.156 16.428 14.087 13.826 24.737 23.597 17.321 24.984 15.235 11.65 12.776 11.221
2.87 6.401 10.32 3.491 18.926 15.115 18.782 23.384 21.7 5.711 5.668 42.915 21.671 2.971 3.669 19.04 23.642 20.555 14.795 11.205 12.532 4.855 5.083 6.992 11.164 8.849 5.944 5.782 9.317 15.255 13.101 28.96 11.577 16.985 14.633 10.646 14.015 28.334 18.738 9.487 11.512 9.685 15.887 23.833 33.942 17.913 5.175 6.729 28.516 15.646 9.935 13.763 33.01 21.286 17.179 14.931 14.973 27.475 25.126 18.064 26.72 15.858 12.373 14.156 12.581
1.986 4.22 7.06 2.328 13.631 11.052 14.277 18.139 16.75 4.207 3.933 33.958 16.069 2.154 2.445 13.343 17.577 15.511 11.084 8.223 9.088 3.369 3.351 4.542 7.578 6.1 4.033 3.831 6.29 11.065 9.724 23.469 8.969 13.332 11.379 8.126 10.697 23.085 15.053 7.428 8.77 7.228 12.093 19.111 28.594 14.667 4.054 4.912 22.335 12.179 7.621 10.423 26.948 17.111 13.741 11.702 11.549 21.971 20.176 14.328 21.494 12.374 9.383 10.522 9.216
1.82 3.574 5.593 2.017 9.917 9.293 12.422 16.511 16.069 4.342 3.956 28.421 16.145 2.437 2.714 11.578 16.059 15.283 11.344 8.433 9.026 3.545 3.429 4.355 6.693 5.569 3.786 3.574 5.558 9.643 9.219 22.675 10.142 14.515 12.797 9.307 11.758 24.416 17.645 9.061 10.272 8.461 13.14 20.504 32.208 18.267 5.317 6.295 23.525 14.39 9.113 11.815 28.447 20.194 16.414 13.941 13.517 24.093 23.244 17.037 24.451 14.859 11.171 12.032 10.411
2.475 4.906 7.39 2.841 11.941 10.688 13.408 17.166 16.91 5.077 4.919 29.519 17.821 2.977 3.555 14.154 18.004 16.507 12.408 9.52 10.289 4.359 4.416 5.679 8.272 6.71 4.608 4.374 6.461 9.954 8.986 18.8 8.912 12.459 11.204 8.461 10.68 20.342 14.932 8.095 9.408 8.05 12.221 17.82 25.777 15.313 4.886 6.137 21.221 13.339 8.763 11.403 24.832 17.897 14.816 12.998 12.938 22.098 21.234 16.016 22.603 14.478 11.403 12.622 11.271
2.153 4.343 7.075 2.435 13.167 11.536 15.141 19.694 18.741 4.856 4.387 35.348 18.329 2.628 2.866 13.756 18.741 17.189 12.437 9.121 9.817 3.707 3.575 4.661 7.485 6.117 4.057 3.795 6.036 10.524 9.582 23.039 9.502 13.623 11.749 8.398 10.753 22.848 15.723 7.839 8.949 7.335 11.84 18.746 28.908 15.634 4.366 5.131 21.505 12.589 7.874 10.426 26.38 17.865 14.388 12.165 11.87 22.061 20.973 15.157 22.287 13.219 9.916 10.871 9.478
2.421 4.911 7.364 2.955 11.727 10.134 12.056 14.507 13.72 4.291 4.325 23.339 13.93 2.455 3.092 12.128 14.936 13.406 10.109 7.915 8.69 3.873 4.111 5.479 8.079 6.692 4.758 4.675 6.987 10.526 9.393 18.164 8.686 11.976 10.807 8.344 10.62 19.417 14.254 7.991 9.517 8.409 12.837 18.305 25.178 15.092 5.083 6.674 22.339 14.247 9.652 12.738 26.389 18.918 15.745 14.023 14.164 23.565 22.309 16.943 23.44 15.287 12.362 13.947 12.748
2.071 4.094 6.087 2.363 9.488 8.387 10.399 13.467 13.785 4.32 4.253 24.673 15.191 2.571 3.099 12.119 15.145 13.719 10.31 7.99 8.716 3.775 3.863 4.983 7.179 5.783 3.959 3.736 5.408 8.05 7.191 14.706 7.408 10.657 10.061 7.923 10.257 19.727 14.912 8.253 9.673 8.378 12.698 18.35 26.228 15.928 5.205 6.614 22.57 14.495 9.622 12.484 26.353 19.013 15.763 13.915 13.924 23.543 22.657 17.167 23.986 15.499 12.273 13.584 12.137
1.914 3.688 5.43 2.01 8.444 7.762 10.284 14.691 15.964 4.736 4.497 27.961 16.863 2.682 3.111 12.572 16.051 14.427 10.92 8.51 9.307 3.844 3.774 4.703 6.619 5.144 3.378 3.076 4.394 6.709 6.196 14.226 7.382 11.13 10.687 8.266 10.576 20.632 15.217 8.123 9.366 7.929 12.021 17.633 26.025 15.825 4.975 6.154 21.994 13.894 8.873 11.252 24.491 17.957 15.01 13.228 13.204 22.994 22.271 16.62 23.645 15.112 11.724 12.768 11.127
1.845 3.693 5.602 2.126 9.145 8.281 10.718 14.116 13.876 4.001 3.872 23.516 13.952 2.253 2.71 11.005 13.894 12.961 9.906 7.649 8.337 3.485 3.539 4.568 6.676 5.41 3.727 3.582 5.423 8.692 8.135 18.551 8.962 13.071 11.931 9.002 11.457 22.174 16.198 8.714 10.236 8.761 13.372 19.544 28.788 17.05 5.353 6.778 23.819 14.558 9.425 12.288 27.038 19.287 15.908 13.923 13.804 23.533 22.272 16.566 23.383 14.701 11.445 12.576 11.09
1.841 3.563 5.353 1.976 8.665 8.2 11.228 15.901 16.526 4.711 4.388 27.783 17.08 2.687 3.073 12.327 15.756 14.911 11.491 8.79 9.432 3.804 3.689 4.571 6.496 5.13 3.418 3.168 4.695 7.598 7.268 17.751 8.964 13.296 12.293 9.194 11.557 22.781 16.952 9.004 10.348 8.654 13.029 19.234 29.605 18.054 5.536 6.738 23.845 14.643 9.274 11.866 26.866 19.764 16.443 14.342 14.1 24.366 23.504 17.544 25.121 15.783 12.046 12.97 11.183
1.96 3.888 6.168 2.148 11.35 10.678 14.459 19.18 18.333 4.676 4.214 33.356 17.846 2.551 2.816 12.459 18.005 17.001 12.314 8.959 9.512 3.591 3.425 4.308 6.663 5.526 3.701 3.45 5.358 9.436 8.97 22.747 9.505 13.639 11.769 8.38 10.586 22.762 16.099 8.026 9.03 7.312 11.502 18.578 30.187 16.426 4.578 5.363 20.956 12.766 8.034 10.509 26.717 18.703 15.126 12.71 12.276 22.653 22.075 16.039 23.517 13.99 10.425 11.242 9.696
2.962 6.177 9.558 3.571 16.236 13.529 16.518 20.217 18.895 5.453 5.448 34.593 18.761 2.98 3.704 16.273 20.241 17.911 13.22 10.191 11.26 4.715 4.95 6.642 10.13 8.231 5.702 5.557 8.551 13.429 11.752 24.381 10.526 14.947 13.103 9.796 12.601 24.13 16.635 8.866 10.589 9.106 14.285 20.814 28.992 16.148 5.075 6.589 24.356 14.396 9.462 12.688 28.196 19.046 15.613 13.71 13.757 23.938 22.218 16.421 23.434 14.573 11.585 13.109 11.819
3.076 6.488 10.075 3.699 17.309 14.273 17.448 21.404 19.988 5.691 5.672 36.966 19.749 3.079 3.817 17.178 21.224 18.713 13.753 10.559 11.673 4.828 5.065 6.82 10.448 8.438 5.813 5.664 8.774 13.818 12.041 25.123 10.759 15.309 13.38 9.956 12.834 24.692 16.929 8.951 10.707 9.167 14.453 21.083 29.398 16.27 5.045 6.549 24.692 14.392 9.4 12.66 28.39 19.051 15.568 13.639 13.673 23.948 22.162 16.304 23.361 14.429 11.428 12.947 11.634
4.568 9.228 13.89 5.404 22.207 19.343 23.653 29.465 28.288 8.465 8.399 48.398 28.428 4.76 5.887 23.6 29.161 26.16 19.571 15.105 16.437 7.069 7.338 9.6 13.965 11.29 7.812 7.508 11.092 16.702 14.777 29.538 13.791 19.162 17.112 12.919 16.279 30.069 21.562 11.7 13.758 11.897 18.047 25.721 35.885 21.023 6.796 8.79 30.229 18.733 12.361 16.213 34.543 24.474 20.204 17.836 17.887 30.273 28.639 21.51 30.236 19.379 15.443 17.312 15.624
3.829 8.315 13.132 4.612 23.258 18.773 23.051 28.419 26.39 7.219 7.197 50.287 26.136 3.777 4.686 22.667 27.932 24.303 17.606 13.415 14.903 5.959 6.239 8.46 13.17 10.483 7.111 6.906 10.869 17.362 14.927 31.892 13.123 18.927 16.37 12.018 15.624 30.675 20.551 10.608 12.78 10.825 17.371 25.6 35.924 19.342 5.797 7.544 30.115 16.934 10.886 14.885 34.48 22.586 18.312 15.988 16.035 28.733 26.365 19.144 27.887 16.864 13.267 15.113 13.495
3.439 6.907 10.795 3.858 18.969 17.125 22.357 28.831 27.322 7.259 6.779 48.979 26.265 3.915 4.509 19.565 26.658 24.503 17.811 13.173 14.102 5.518 5.422 6.921 10.493 8.568 5.771 5.429 8.303 13.853 12.721 29.849 12.598 17.957 15.561 11.242 14.211 29.118 20.383 10.387 11.887 9.817 15.308 23.714 36.469 20.005 5.817 7.068 26.793 16.204 10.342 13.597 32.832 22.735 18.486 15.77 15.427 27.81 26.67 19.503 28.313 17.125 13.049 14.29 12.511
1.846 3.599 5.324 2.025 8.261 7.427 9.475 12.763 13.387 4.107 3.968 23.707 14.57 2.405 2.838 11.175 14.089 12.795 9.636 7.449 8.098 3.431 3.437 4.355 6.198 4.915 3.301 3.062 4.402 6.619 5.989 12.86 6.554 9.574 9.068 7.066 9.075 17.564 13.168 7.172 8.324 7.119 10.755 15.632 22.748 13.848 4.442 5.555 19.243 12.28 8.019 10.298 22.067 16.047 13.348 11.767 11.743 20.088 19.445 14.676 20.673 13.299 10.424 11.441 10.106
2.464 4.817 7.179 2.688 11.393 10.342 13.522 18.626 19.299 5.639 5.4 33.354 19.985 3.201 3.777 15.33 19.281 17.437 13.237 10.226 11.087 4.578 4.544 5.723 8.127 6.377 4.243 3.923 5.685 8.724 7.964 17.702 8.768 12.855 11.937 9.056 11.462 22.047 16.103 8.607 9.991 8.491 12.878 18.736 27.461 16.559 5.208 6.511 23.152 14.38 9.22 11.841 26.083 19.017 15.848 13.985 13.977 24.224 23.286 17.435 24.949 15.928 12.421 13.634 11.986
1.951 3.89 5.833 2.281 9.336 8.313 10.322 13.1 12.882 3.949 3.881 22.269 13.52 2.306 2.804 11.042 13.909 12.773 9.713 7.566 8.276 3.589 3.703 4.83 7.083 5.825 4.075 3.937 5.884 9.133 8.404 17.738 8.738 12.447 11.465 8.859 11.345 21.6 16.107 8.902 10.476 9.096 13.847 20.062 28.645 17.189 5.603 7.147 24.254 15.306 10.131 13.173 27.857 19.961 16.472 14.463 14.392 24.092 22.833 17.143 23.761 15.217 12.013 13.271 11.847
1.699 3.363 5.017 1.914 7.951 7.113 9.062 12.107 12.381 3.702 3.61 21.542 12.761 2.093 2.521 10.16 12.759 11.498 8.735 6.837 7.52 3.195 3.25 4.18 6.025 4.814 3.272 3.087 4.53 6.965 6.404 14.04 7.057 10.406 9.8 7.588 9.754 18.757 13.768 7.469 8.764 7.555 11.534 16.761 24.132 14.472 4.642 5.902 20.721 12.976 8.442 10.902 23.385 16.789 13.911 12.261 12.259 20.939 19.932 14.88 20.92 13.35 10.484 11.561 10.238
1.825 3.607 5.503 2.027 9.064 8.472 11.492 15.799 15.82 4.388 4.131 26.464 15.984 2.474 2.879 11.782 15.011 14.311 10.941 8.302 8.91 3.58 3.518 4.424 6.377 5.076 3.417 3.217 4.853 7.92 7.497 18.153 8.755 12.888 11.673 8.623 10.849 21.409 15.717 8.307 9.638 8.083 12.255 18.125 27.937 16.692 5.068 6.255 22.392 13.511 8.593 11.177 25.666 18.59 15.425 13.448 13.23 22.924 21.976 16.368 23.569 14.667 11.23 12.201 10.591
2.068 4.088 6.073 2.385 9.475 8.379 10.295 13.129 13.286 4.22 4.17 23.638 14.897 2.576 3.118 12.063 14.983 13.598 10.272 7.973 8.67 3.78 3.88 5.015 7.23 5.867 4.052 3.849 5.588 8.313 7.431 14.933 7.519 10.705 10.07 7.953 10.293 19.714 15.16 8.523 10.035 8.747 13.249 19.094 27.174 16.664 5.508 7.012 23.568 15.194 10.146 13.173 27.587 20.031 16.619 14.66 14.641 24.494 23.497 17.853 24.818 16.111 12.788 14.149 12.663
2.292 4.691 7.212 2.749 12.101 10.452 12.903 15.941 15.026 4.374 4.323 26.901 14.991 2.452 3.015 12.688 16.206 14.639 10.9 8.396 9.229 3.905 4.068 5.409 8.203 6.771 4.728 4.607 7.057 11.209 10.073 21.325 9.476 13.434 11.91 8.955 11.475 22.136 15.632 8.393 9.933 8.567 13.329 19.612 27.862 15.788 4.987 6.412 23.015 14.024 9.241 12.247 27.062 18.704 15.367 13.456 13.447 23.19 21.785 16.184 22.887 14.356 11.359 12.733 11.461
2.436 5.202 8.452 2.895 15.624 12.667 16.069 20.238 18.844 4.978 4.82 37.348 18.548 2.602 3.094 15.719 20.057 17.623 12.734 9.609 10.637 4.109 4.177 5.613 8.962 7.158 4.791 4.58 7.291 12.153 10.546 23.946 9.482 13.907 11.939 8.652 11.287 23.171 15.302 7.756 9.236 7.711 12.577 19.174 27.855 14.677 4.263 5.347 22.602 12.541 7.998 10.925 26.751 17.268 14.009 12.122 12.08 22.321 20.535 14.817 21.998 13.019 10.095 11.41 10.101
2.498 5.379 8.351 3.081 14.356 11.792 14.21 17.207 15.948 4.564 4.628 29.554 15.877 2.478 3.17 14.51 17.852 15.731 11.614 9.012 10.118 4.262 4.612 6.387 9.931 8.113 5.69 5.684 8.978 14.18 12.443 25.669 11.154 15.92 14.05 10.562 13.749 26.284 18.135 9.659 11.705 10.134 16.042 23.211 31.831 17.625 5.476 7.25 27.101 15.8 10.33 13.979 30.775 20.635 16.789 14.703 14.758 25.565 23.484 17.189 24.337 15.052 11.951 13.6 12.263
