3.724 5.238 7.933 4.683 6.844 9.324 11.625 7.658 9.403 4.119 7.362 10.91 6.682 6.939 4.015 14.643 15.219 11.294 10.349 8.907 11.82 4.61 5.426 5.262 12.9 7.031 6.322 10.804 10.327 13.131 15.219 16.366 12.174 12.152 14.614 8.857 13.071 16.196 15.399 9.653 9.528 6.813 9.054 9.119 12.588 12.247 6.545 6.339 11.363 9.796 8.955 8.898 11.927 6.677 8.757 8.439 8.834 12.596 7.577 8.498 7.326 7.14 8.739 9.085 4.799
3.743 5.711 8.673 4.977 7.489 9.798 11.339 7.258 9.201 4.147 8.231 11.867 6.999 7.454 4.41 16.16 14.524 10.146 9.483 8.53 11.686 4.614 6.119 6.353 15.347 7.701 7.125 12.579 11.499 14.036 15.373 15.708 11.502 11.793 14.279 8.656 13.305 15.919 14.586 9.275 9.543 6.835 9.179 9.052 12.049 11.25 6.065 6.366 11.839 9.739 8.803 8.841 11.714 6.486 8.921 8.599 8.987 12.393 7.209 8.294 7.285 7.346 9.138 9.292 4.888
3.9 5.367 8.277 4.97 7.29 10.079 12.635 7.95 9.562 4.128 7.373 11.603 7.176 7.385 4.2 15.73 16.794 11.691 10.275 8.766 11.921 4.64 5.408 5.244 13.897 7.778 6.93 11.627 11.3 14.553 16.679 17.489 12.547 12.291 14.9 9.006 13.338 16.96 16.015 9.749 9.558 6.896 9.316 9.465 13.169 12.587 6.512 6.183 11.388 10.249 9.367 9.177 12.399 6.842 8.913 8.676 9.214 13.329 7.837 8.665 7.413 7.252 9.021 9.576 5.007
3.337 4.927 7.764 4.352 6.619 9.049 10.948 6.81 8.623 3.651 7.079 10.717 6.154 6.522 3.697 14.974 14.186 9.81 9.068 7.93 10.963 4.072 5.043 5.038 13.438 6.594 5.958 10.731 10.001 12.721 14.406 15.079 10.862 11.015 13.526 7.934 12.284 15.192 13.961 8.522 8.697 6.194 8.47 8.478 11.811 11.127 5.728 5.726 10.979 9.112 8.218 8.204 11.192 5.968 8.157 7.862 8.262 11.912 6.766 7.756 6.686 6.615 8.303 8.566 4.352
3.664 4.867 7.348 4.561 6.678 9.327 12.335 7.734 9.06 3.817 6.607 10.594 6.849 6.883 3.767 14.142 16.791 11.661 9.9 8.273 11.246 4.352 4.898 4.493 12.087 7.343 6.453 10.412 10.267 13.66 15.985 17.017 12.099 11.586 14.01 8.494 12.386 16.156 15.69 9.337 8.835 6.234 8.417 8.645 12.392 12.161 6.17 5.641 10.169 9.718 8.945 8.606 11.706 6.49 8.267 7.977 8.592 12.703 7.539 8.163 6.846 6.64 8.25 8.957 4.649
3.35 4.651 7.365 4.279 6.343 8.913 11.235 6.967 8.627 3.613 6.535 10.39 6.128 6.328 3.521 14.06 14.744 10.253 9.329 7.985 10.936 4.059 4.703 4.5 12.332 6.485 5.754 9.885 9.656 12.544 14.515 15.425 11.077 11.023 13.531 7.971 12.01 15.355 14.325 8.65 8.533 6.063 8.251 8.421 12.014 11.521 5.875 5.592 10.536 9.217 8.344 8.202 11.262 6.035 7.98 7.753 8.208 12.047 6.897 7.759 6.628 6.473 8.086 8.525 4.325
3.957 5.327 7.89 4.845 7.089 9.815 12.899 8.345 9.85 4.197 7.188 11.032 7.153 7.303 4.087 14.808 17.358 12.624 10.918 9.101 12.078 4.727 5.352 4.928 12.406 7.527 6.755 11.009 10.699 14.145 16.732 18.063 13.117 12.675 15.141 9.225 13.399 17.11 16.725 10.171 9.684 6.849 9.172 9.413 13.382 13.236 6.878 6.364 11.126 10.301 9.583 9.324 12.538 7.04 9.003 8.621 9.189 13.456 8.137 8.914 7.505 7.237 8.869 9.5 5.022
4.501 6.44 10.333 5.952 8.892 12.251 14.725 8.983 11.166 4.803 9.16 14.53 8.479 8.855 5.038 19.903 19.352 12.822 11.569 10.148 14.227 5.391 6.565 6.669 18.414 9.346 8.307 14.566 13.932 17.604 19.642 20.121 14.252 14.264 17.596 10.433 15.975 20.105 18.353 11.123 11.314 8.189 11.142 11.173 15.365 14.293 7.315 7.215 14.092 12.124 10.883 10.763 14.667 7.867 10.59 10.381 10.975 15.768 8.939 10.062 8.71 8.652 10.956 11.465 5.855
3.535 5.175 8.294 4.707 7.1 9.71 11.552 7.056 8.874 3.808 7.456 11.618 6.701 7.049 4.014 16.012 15.097 10.021 9.128 8.061 11.34 4.269 5.323 5.46 14.915 7.392 6.592 11.764 11.081 13.915 15.455 15.798 11.207 11.306 13.959 8.237 12.756 15.887 14.444 8.781 9.022 6.492 8.827 8.802 12.064 11.195 5.738 5.764 11.33 9.561 8.566 8.52 11.604 6.194 8.449 8.248 8.693 12.443 7.019 7.967 6.91 6.891 8.742 9.078 4.616
4.146 5.641 8.621 5.277 7.723 10.668 13.504 8.415 9.986 4.318 7.641 12.174 7.662 7.824 4.425 16.461 18.089 12.385 10.708 9.115 12.434 4.875 5.65 5.408 14.462 8.358 7.432 12.225 11.969 15.544 17.793 18.578 13.232 12.853 15.594 9.488 13.956 17.913 16.972 10.242 9.955 7.216 9.815 10.012 13.956 13.319 6.843 6.432 11.768 10.887 9.952 9.664 13.052 7.232 9.336 9.1 9.733 14.109 8.304 9.102 7.762 7.598 9.457 10.133 5.307
4.088 5.63 8.73 5.194 7.638 10.624 13.423 8.426 10.232 4.365 7.784 12.252 7.467 7.685 4.333 16.571 17.77 12.432 11.077 9.44 12.815 4.898 5.674 5.435 14.494 7.985 7.111 11.991 11.706 15.175 17.523 18.553 13.35 13.143 15.983 9.573 14.219 18.129 17.089 10.373 10.161 7.283 9.863 10.052 14.161 13.61 7.012 6.645 12.249 10.933 9.957 9.76 13.268 7.258 9.485 9.213 9.774 14.228 8.311 9.245 7.897 7.708 9.578 10.147 5.251
3.412 4.494 6.725 4.177 6.114 8.584 11.726 7.446 8.752 3.616 6.179 9.758 6.334 6.313 3.38 12.817 16.058 11.386 9.774 8.105 10.903 4.131 4.57 4.043 10.692 6.602 5.773 9.237 9.182 12.413 14.846 16.223 11.657 11.165 13.488 8.117 11.779 15.454 15.227 9.023 8.426 5.815 7.797 8.05 11.845 11.951 6.043 5.464 9.669 9.272 8.515 8.18 11.198 6.199 7.862 7.51 8.086 12.087 7.23 7.827 6.512 6.271 7.736 8.407 4.317
4.163 6.069 9.563 5.468 8.214 11.191 13.411 8.324 10.406 4.495 8.625 13.211 7.708 8.133 4.674 18.281 17.477 11.894 10.858 9.523 13.169 5.01 6.197 6.281 16.702 8.409 7.577 13.42 12.644 15.942 17.868 18.463 13.246 13.343 16.344 9.713 14.881 18.448 16.911 10.359 10.583 7.649 10.404 10.418 14.291 13.368 6.924 6.909 13.206 11.153 10.047 10 13.548 7.317 9.907 9.632 10.135 14.47 8.288 9.406 8.153 8.089 10.16 10.534 5.421
3.559 5.147 8.453 4.653 7.129 10.041 12.341 7.434 9.5 3.873 7.493 11.95 6.684 7.033 3.849 16.762 16.091 10.787 9.957 8.632 12.174 4.342 5.206 5.144 14.944 7.132 6.327 11.533 10.915 14.128 16.103 16.847 11.89 12.013 14.937 8.541 13.414 16.96 15.46 9.226 9.367 6.559 9.031 9.107 13.053 12.247 6.111 5.982 11.976 9.974 8.97 8.919 12.428 6.414 8.806 8.515 9.005 13.337 7.335 8.419 7.184 7.084 9.024 9.397 4.63
3.787 5.114 7.462 4.563 6.626 9.164 11.974 8.045 9.455 4.076 6.845 10.205 6.724 6.965 3.993 13.79 16.04 12.272 10.638 8.748 11.342 4.54 5.133 4.764 11.398 7.025 6.411 10.515 10.129 13.182 15.759 17.156 12.652 12.19 14.319 8.791 12.658 15.953 15.766 9.834 9.348 6.605 8.694 8.886 12.46 12.42 6.606 6.123 10.438 9.493 8.991 8.88 11.785 6.727 8.566 8.178 8.622 12.534 7.782 8.533 7.196 6.874 8.326 8.866 4.802
3.506 5.081 8.07 4.562 6.89 9.49 11.513 7.108 8.955 3.802 7.23 11.16 6.424 6.79 3.852 15.505 14.974 10.224 9.424 8.221 11.363 4.239 5.153 5.133 13.912 6.892 6.217 11.068 10.463 13.362 15.141 15.813 11.348 11.466 14.095 8.286 12.746 15.889 14.564 8.864 9.032 6.483 8.869 8.923 12.445 11.692 6.003 5.934 11.375 9.555 8.613 8.57 11.701 6.243 8.467 8.204 8.639 12.482 7.084 8.088 6.972 6.885 8.644 8.966 4.565
4.037 5.463 8.266 5.09 7.45 10.313 13.312 8.326 9.862 4.22 7.392 11.702 7.425 7.545 4.221 15.748 17.904 12.363 10.706 9.045 12.248 4.762 5.468 5.115 13.571 8.001 7.109 11.598 11.411 14.989 17.353 18.343 13.106 12.696 15.368 9.329 13.656 17.61 16.828 10.115 9.736 6.994 9.514 9.748 13.773 13.311 6.815 6.351 11.451 10.695 9.779 9.468 12.827 7.111 9.14 8.862 9.497 13.853 8.19 8.968 7.605 7.414 9.185 9.872 5.15
3.557 4.808 7.613 4.579 6.707 9.509 12.22 7.435 8.982 3.751 6.68 11.051 6.676 6.743 3.694 14.708 16.387 10.995 9.698 8.235 11.377 4.241 4.841 4.542 12.948 7.205 6.277 10.425 10.472 13.696 15.827 16.672 11.766 11.468 14.125 8.366 12.421 16.328 15.287 9.067 8.763 6.238 8.515 8.735 12.545 12.059 6.036 5.607 10.61 9.805 8.814 8.543 11.8 6.345 8.228 8.074 8.638 12.774 7.312 8.049 6.848 6.687 8.4 9.042 4.558
4.168 6.418 10.05 5.616 8.592 11.444 13.252 8.188 10.463 4.563 9.331 13.835 7.895 8.448 4.898 19.225 17.08 11.45 10.616 9.531 13.363 5.074 6.729 7.016 18.14 8.739 7.967 14.488 13.241 16.33 17.901 18.174 13.021 13.35 16.406 9.718 15.243 18.479 16.683 10.307 10.788 7.751 10.549 10.41 14.025 12.94 6.741 7.066 13.715 11.199 10.017 10.064 13.563 7.281 10.145 9.823 10.287 14.44 8.164 9.414 8.238 8.299 10.483 10.701 5.476
3.863 5.866 8.979 5.119 7.729 10.219 11.934 7.573 9.575 4.249 8.407 12.237 7.16 7.636 4.488 16.874 15.331 10.659 9.908 8.841 12.127 4.714 6.168 6.358 15.729 7.841 7.219 12.848 11.792 14.542 16.066 16.508 12.031 12.293 14.938 8.985 13.83 16.679 15.265 9.587 9.885 7.117 9.631 9.544 12.827 11.979 6.371 6.608 12.365 10.184 9.186 9.216 12.295 6.746 9.263 8.938 9.349 13.027 7.542 8.664 7.582 7.605 9.479 9.671 5.049
3.56 5.43 8.706 4.737 7.365 10.057 11.921 7.211 9.293 3.896 7.924 12.037 6.678 7.174 4.043 17.111 15.474 10.252 9.506 8.414 11.885 4.334 5.554 5.65 15.575 7.244 6.569 12.202 11.184 14.156 15.814 16.284 11.546 11.825 14.666 8.471 13.451 16.558 14.907 8.996 9.41 6.698 9.256 9.193 12.778 11.816 5.977 6.128 12.169 9.86 8.811 8.85 12.168 6.343 8.885 8.565 8.996 12.995 7.184 8.337 7.203 7.186 9.136 9.367 4.675
3.456 4.6 6.815 4.295 6.292 8.71 11.819 7.412 8.674 3.622 6.272 9.837 6.434 6.408 3.45 13.002 16.227 11.185 9.596 8.019 10.813 4.129 4.654 4.126 10.895 6.793 5.955 9.441 9.398 12.7 15.002 16.23 11.608 11.125 13.473 8.16 11.837 15.506 15.161 8.941 8.413 5.888 8 8.25 12.04 12.002 6.041 5.519 9.723 9.435 8.584 8.223 11.23 6.237 7.922 7.58 8.202 12.137 7.253 7.846 6.555 6.359 7.837 8.524 4.387
3.518 5.2 8.019 4.552 6.859 9.27 11.245 7.184 9.062 3.898 7.469 11.033 6.459 6.813 3.9 15.18 14.526 10.395 9.664 8.46 11.527 4.357 5.42 5.393 13.656 6.871 6.238 11.087 10.301 13.001 14.767 15.596 11.423 11.596 14.128 8.393 12.844 15.757 14.657 9.093 9.183 6.507 8.815 8.808 12.186 11.622 6.105 6.119 11.429 9.507 8.612 8.602 11.623 6.315 8.568 8.227 8.618 12.297 7.127 8.153 7.046 6.966 8.655 8.896 4.579
3.344 4.826 7.63 4.267 6.466 8.983 11.199 7.018 8.909 3.693 6.954 10.617 6.094 6.394 3.55 14.695 14.479 10.295 9.597 8.303 11.424 4.16 4.95 4.778 12.853 6.346 5.675 10.151 9.548 12.368 14.322 15.35 11.145 11.302 13.933 8.113 12.52 15.679 14.603 8.87 8.897 6.243 8.534 8.617 12.323 11.829 6.063 5.919 11.276 9.409 8.521 8.47 11.65 6.168 8.351 8 8.413 12.338 7.009 8.031 6.858 6.714 8.389 8.687 4.369
4.066 5.694 8.884 5.228 7.721 10.655 13.182 8.278 10.119 4.355 7.946 12.399 7.486 7.764 4.423 16.905 17.377 12.088 10.812 9.298 12.696 4.879 5.769 5.674 15.086 8.096 7.224 12.385 11.934 15.267 17.416 18.244 13.119 12.989 15.804 9.471 14.19 17.895 16.739 10.222 10.15 7.307 9.876 9.988 13.873 13.199 6.835 6.587 12.306 10.79 9.81 9.674 13.107 7.167 9.46 9.203 9.731 14.041 8.18 9.136 7.849 7.703 9.61 10.109 5.245
3.553 4.842 7.555 4.547 6.652 9.375 12.08 7.437 9.022 3.781 6.704 10.84 6.555 6.643 3.664 14.358 16.1 11.007 9.848 8.368 11.418 4.261 4.886 4.539 12.503 6.99 6.133 10.16 10.194 13.326 15.513 16.509 11.787 11.557 14.194 8.433 12.475 16.299 15.304 9.142 8.842 6.306 8.612 8.853 12.717 12.312 6.214 5.806 10.756 9.869 8.866 8.615 11.844 6.407 8.308 8.122 8.655 12.735 7.355 8.141 6.941 6.763 8.422 9.018 4.566
3.266 4.476 7.67 4.345 6.47 9.427 11.713 6.814 8.566 3.469 6.494 11.345 6.346 6.462 3.464 15.26 15.558 9.873 8.944 7.726 11.129 3.933 4.523 4.444 13.983 6.926 5.928 10.408 10.421 13.468 15.282 15.754 10.855 10.771 13.594 7.751 11.989 15.858 14.302 8.374 8.323 5.853 8.027 8.205 11.868 11.08 5.396 5.087 10.585 9.318 8.264 8.079 11.413 5.831 7.808 7.765 8.276 12.415 6.708 7.521 6.435 6.339 8.191 8.744 4.226
3.665 5.098 7.736 4.624 6.769 9.271 11.592 7.442 9.027 3.938 6.978 10.604 6.538 6.786 3.919 14.376 15.234 10.93 9.824 8.409 11.23 4.393 5.142 4.96 12.51 6.957 6.283 10.574 10.216 13.131 15.167 16.128 11.793 11.679 14.084 8.55 12.607 15.802 14.948 9.232 9.1 6.597 8.905 9.059 12.571 12.097 6.369 6.109 10.952 9.648 8.822 8.693 11.664 6.497 8.479 8.207 8.656 12.41 7.391 8.253 7.094 6.922 8.506 8.93 4.718
3.373 4.606 7.497 4.425 6.5 9.276 11.632 6.941 8.52 3.554 6.453 10.906 6.365 6.478 3.564 14.526 15.492 10.103 9.061 7.779 10.883 4.002 4.631 4.451 13.087 6.941 6.053 10.219 10.308 13.311 15.185 15.772 11.043 10.863 13.5 7.915 11.898 15.66 14.345 8.506 8.353 5.996 8.231 8.422 12.002 11.331 5.638 5.298 10.348 9.39 8.371 8.145 11.303 5.982 7.852 7.788 8.305 12.246 6.862 7.626 6.54 6.421 8.136 8.721 4.345
4.428 6.011 8.872 5.553 8.142 11.096 14.225 8.953 10.435 4.549 7.939 12.356 8.095 8.263 4.695 16.858 19.146 13.247 11.245 9.504 12.802 5.136 5.96 5.616 14.421 8.822 7.933 12.807 12.403 16.291 18.743 19.619 14.015 13.503 16.209 10.018 14.577 18.597 17.908 10.813 10.413 7.573 10.354 10.624 14.759 14.148 7.308 6.838 12.064 11.409 10.548 10.186 13.607 7.677 9.821 9.486 10.203 14.734 8.833 9.622 8.16 7.97 9.835 10.582 5.642
