4.337 4.462 9.848 4.249 7.538 8.7 11.04 9.091 11.781 4.056 6.748 13.226 7.723 2.938 1.786 24.814 23.126 18.043 15.004 11.117 26.074 8.032 3.951 4.809 22.709 13.953 8.956 14.659 18.831 28.462 19.942 21.242 16.906 15.97 22.492 9.861 23.738 26.967 26.286 15.324 14.423 9.393 12.539 15.512 23.261 30.227 14.822 13.504 22.404 18.701 17.871 16.165 29.74 13.573 15.146 20.127 19.17 30.706 17.786 15.019 19.379 14.852 12.213 18.164 7.404
5.269 5.447 11.814 5.155 9.014 10.346 13 10.714 13.768 4.812 7.99 15.397 9.059 3.467 2.154 27.907 26.894 21.05 17.353 12.82 29.586 9.389 4.657 5.723 25.846 16.214 10.285 16.627 21.259 31.864 22.61 23.949 19.167 18.15 25.462 11.366 26.941 30.785 30.078 17.655 16.65 11 14.711 18.153 26.981 35.045 17.477 15.972 26.444 22.337 21.372 19.416 35.42 16.561 18.424 24.485 23.465 37.345 22.135 18.748 24.211 18.738 15.438 22.775 9.459
4.929 5.069 11.189 4.773 8.464 9.739 12.341 10.133 13.137 4.489 7.482 14.65 8.487 3.195 1.934 27.009 25.602 19.923 16.493 12.19 28.813 8.865 4.333 5.258 24.827 15.24 9.641 15.793 20.298 30.8 21.628 23.028 18.349 17.351 24.52 10.718 25.933 29.594 28.899 16.796 15.838 10.326 13.828 17.115 25.754 33.718 16.554 15.139 25.344 21.255 20.344 18.449 34.231 15.661 17.501 23.397 22.368 36.108 21.083 17.857 23.213 17.818 14.616 21.763 8.839
5.284 5.199 11.502 5.02 8.788 10.347 13.497 11.219 14.661 5.078 7.965 16.072 9.484 3.628 2.065 30.195 29.262 23.262 19.389 14.222 33.415 10.239 4.903 5.448 27.503 17.189 11.163 18.171 23.847 37.147 25.953 27.548 21.801 20.361 28.628 12.566 29.804 34.192 33.545 19.552 18.066 11.587 14.965 18.568 28.548 37.806 18.582 16.55 27.023 22.516 21.42 19.252 35.584 16.205 17.737 23.487 22.399 36.142 20.874 17.422 22.134 16.842 13.78 20.534 8.461
5.206 4.922 10.51 4.718 7.937 9.429 12.511 10.592 13.888 4.868 7.221 14.454 8.784 3.351 1.855 25.116 27.141 22.835 19.321 14.068 32.815 10.259 4.796 4.985 23.841 15.882 10.406 16.353 21.723 35.031 25.153 26.836 21.215 19.587 27.32 12.128 27.789 32.792 33.019 19.433 17.565 11.101 13.842 17.079 26.76 36.989 18.703 16.481 26.596 22.587 21.611 19.4 36.172 16.825 18.094 23.802 22.991 37.894 22.378 18.711 23.544 17.926 14.467 21.112 8.784
4.906 4.773 10.236 4.565 7.784 9.131 11.892 9.984 13.014 4.605 7.055 13.947 8.376 3.248 1.86 24.964 25.109 20.602 17.453 12.893 29.868 9.416 4.529 4.93 23.38 15.019 9.846 15.686 20.536 32.185 22.963 24.499 19.514 18.204 25.386 11.347 26.202 30.312 30.127 17.829 16.405 10.563 13.44 16.554 25.38 34.073 17.207 15.384 24.903 21.018 20.102 18.127 33.321 15.544 16.91 22.245 21.353 34.533 20.411 17.168 21.707 16.606 13.532 19.775 8.284
6.204 5.903 12.227 5.721 9.461 11.256 14.843 12.711 16.461 5.996 8.812 17.176 10.764 4.247 2.439 29.452 32.761 27.674 23.178 16.871 37.516 12.331 5.902 6.217 27.768 19.349 12.896 19.94 26.386 41.889 30.511 32.13 25.499 23.506 32.273 14.814 32.7 38.636 38.847 23.186 20.913 13.463 16.676 20.424 31.359 42.686 22.059 19.311 30.209 25.764 24.481 21.946 39.466 18.964 20.165 26.15 25.295 40.48 24.348 20.215 24.937 19.173 15.587 22.488 9.752
5.608 5.262 11.381 5.152 8.744 10.577 14.244 12.001 15.714 5.421 7.966 16.33 9.981 3.789 2.087 28.796 32.335 26.269 21.686 15.542 36.324 11.063 5.152 5.286 26.561 18.2 11.944 18.763 25.319 41.098 28.705 30.278 23.703 21.801 30.571 13.448 31.044 36.961 36.795 21.311 19.167 12.058 15.024 18.783 29.987 41.269 20.243 17.61 28.236 23.844 22.641 20.19 37.749 17.162 18.414 24.365 23.523 38.674 22.225 18.392 23.057 17.452 14.139 21.032 8.733
4.58 4.33 9.314 4.223 7.137 8.538 11.35 9.635 12.579 4.425 6.573 13.219 8.109 3.09 1.708 23.577 25.505 21.299 17.713 12.754 29.282 9.252 4.299 4.499 21.897 14.799 9.698 15.257 20.327 32.587 23.402 24.681 19.411 17.835 24.782 11.044 25.172 29.743 29.846 17.504 15.71 9.916 12.366 15.283 23.855 32.689 16.491 14.322 22.826 19.319 18.357 16.408 30.258 14.143 15.089 19.78 19.097 31.15 18.371 15.162 18.89 14.409 11.67 17.154 7.202
6.076 5.832 12.614 5.706 9.742 11.645 15.403 12.937 16.841 5.918 8.894 17.967 10.912 4.224 2.391 32.425 34.109 27.498 22.761 16.517 38.03 11.849 5.647 6.009 29.728 19.727 12.986 20.618 27.416 43.34 30.409 32.026 25.267 23.414 32.692 14.571 33.574 39.216 38.748 22.668 20.655 13.227 16.704 20.773 32.33 43.361 21.499 18.873 30.168 25.361 24.06 21.547 39.525 18.227 19.666 25.911 24.883 40.085 23.29 19.319 24.203 18.445 15.076 22.36 9.415
5.095 5.237 10.951 5.034 8.56 9.834 12.287 10.268 13.057 4.855 7.806 14.682 8.928 3.624 2.306 26.591 25.308 19.913 16.604 12.512 27.691 9.322 4.801 5.815 24.735 15.847 10.394 16.509 21.006 30.939 22.251 23.49 19.022 18.051 24.862 11.606 26.153 29.658 28.916 17.449 16.455 11.108 14.54 17.751 25.83 32.903 16.93 15.418 24.64 20.895 19.941 18.137 31.792 15.412 16.923 22.038 21.075 32.436 19.565 16.564 20.883 16.343 13.6 19.624 8.582
5.298 5.156 11.75 5.031 8.941 10.657 14.093 11.625 15.295 5.147 8.037 16.777 9.759 3.653 2.012 32.184 31.437 24.487 20.125 14.576 35.094 10.333 4.847 5.27 28.913 17.876 11.502 18.954 25.193 39.753 27.17 28.744 22.535 20.977 29.817 12.786 31.08 35.763 34.87 19.962 18.375 11.62 15.026 18.857 29.591 39.36 18.802 16.591 27.372 22.606 21.436 19.186 36.153 15.986 17.534 23.47 22.334 36.497 20.565 17.041 21.785 16.426 13.432 20.447 8.245
4.548 4.526 10.785 4.37 8.092 9.579 12.624 10.246 13.613 4.375 7.191 15.314 8.557 3.083 1.672 30.84 28.499 21.567 17.564 12.662 31.765 8.878 4.105 4.652 27.246 15.933 9.987 17.033 22.565 35.562 23.814 25.322 19.709 18.429 26.635 10.985 28.16 32.057 30.937 17.304 16.089 10.052 13.382 16.895 26.633 35.27 16.269 14.479 24.672 20.077 19.032 17.014 32.869 13.994 15.613 21.186 20.008 33.167 18.193 15.072 19.654 14.679 11.972 18.6 7.174
5.474 5.694 12.392 5.474 9.621 11.094 13.939 11.504 14.754 5.251 8.739 16.896 9.992 3.907 2.455 31.861 29.898 22.984 18.785 13.905 31.753 10.173 5.139 6.375 29.1 18.139 11.613 18.932 24.236 35.918 25.27 26.615 21.306 20.208 28.241 12.742 29.971 33.915 32.767 19.265 18.198 12.123 16.181 19.925 29.325 37.319 18.508 16.805 27.439 22.972 21.825 19.755 35.345 16.533 18.307 24.121 22.936 35.693 20.927 17.564 22.394 17.348 14.4 21.248 8.971
4.847 4.896 10.795 4.682 8.265 9.636 12.375 10.203 13.264 4.655 7.478 14.903 8.687 3.386 2 28.09 26.717 20.5 16.825 12.478 29.315 9.117 4.503 5.171 25.647 15.697 10.055 16.625 21.634 32.956 22.864 24.144 19.294 18.247 25.684 11.42 27.144 30.777 29.721 17.336 16.34 10.741 14.085 17.422 26.31 34.052 16.708 15.1 24.743 20.58 19.515 17.623 32.113 14.754 16.254 21.543 20.447 32.317 18.781 15.715 20.048 15.35 12.662 18.83 7.875
4.513 4.471 9.435 4.303 7.302 8.538 10.981 9.199 11.867 4.316 6.647 12.941 7.834 3.143 1.879 23.08 23.017 18.371 15.445 11.552 26.103 8.471 4.222 4.701 21.54 13.894 9.182 14.623 19.014 29.074 20.643 21.859 17.573 16.533 22.914 10.492 23.833 27.303 26.776 16.003 14.934 9.87 12.638 15.547 23.382 30.536 15.529 13.993 22.322 18.851 17.951 16.235 28.986 13.776 14.994 19.599 18.751 29.394 17.542 14.76 18.526 14.295 11.777 17.1 7.392
6.039 6.003 12.83 5.753 9.866 11.503 14.791 12.358 15.997 5.75 8.969 17.537 10.506 4.162 2.467 31.881 31.057 24.769 20.833 15.551 35.574 11.394 5.635 6.336 29.569 18.737 12.294 19.745 25.639 39.268 27.84 29.552 23.697 22.286 31.008 14.043 32.334 36.947 36.24 21.546 20.099 13.2 16.998 20.905 31.49 41.23 20.822 18.767 30.229 25.43 24.239 21.915 39.527 18.591 20.312 26.653 25.467 40.262 23.859 20.08 25.352 19.508 16.042 23.426 9.978
5.07 4.676 9.636 4.486 7.408 8.943 12.177 10.462 13.683 4.78 6.846 13.546 8.577 3.265 1.805 22.088 27.937 23.62 19.663 14.03 32.307 10.111 4.686 4.695 21.081 15.664 10.351 15.735 21.296 35.537 25.488 26.953 21.107 19.256 26.725 11.937 26.62 32.641 33.183 19.358 17.134 10.698 13.016 16.066 25.915 37.122 18.651 16.157 25.532 22.046 21.031 18.736 34.995 16.313 17.272 22.601 22.119 36.78 21.558 17.898 22.209 16.91 13.54 19.625 8.256
4.841 4.814 10.779 4.616 8.189 9.597 12.472 10.306 13.503 4.613 7.381 14.934 8.687 3.287 1.874 28.436 26.962 21.196 17.649 12.965 30.875 9.319 4.459 5.047 25.812 15.798 10.167 16.738 21.897 34.015 23.63 25.151 19.892 18.634 26.339 11.43 27.581 31.502 30.794 17.839 16.577 10.615 13.865 17.223 26.466 34.968 17.017 15.251 25.207 20.921 19.92 17.919 33.387 15.038 16.58 22.062 20.991 34.021 19.515 16.325 20.91 15.874 12.977 19.432 7.892
4.914 4.746 10.089 4.658 7.849 9.293 12.114 10.292 13.285 4.805 7.271 14.285 8.849 3.447 1.978 25.76 26.75 22.197 18.475 13.461 30.059 9.865 4.704 5.143 23.879 16.075 10.608 16.646 21.845 33.968 24.638 25.904 20.542 18.988 26.135 11.904 26.687 31.149 31.07 18.484 16.73 10.753 13.525 16.602 25.177 33.583 17.211 15.028 23.68 20.067 19.053 17.094 30.702 14.701 15.724 20.442 19.696 31.333 18.764 15.523 19.238 14.86 12.171 17.756 7.629
4.303 4.448 9.649 4.207 7.367 8.45 10.623 8.757 11.27 3.924 6.522 12.56 7.387 2.826 1.756 22.744 21.656 16.972 14.105 10.483 24.28 7.65 3.796 4.668 21.052 13.145 8.404 13.587 17.347 26.02 18.431 19.602 15.687 14.856 20.845 9.261 22.01 25.098 24.544 14.419 13.615 8.962 11.983 14.786 21.998 28.595 14.237 13.051 21.628 18.235 17.478 15.884 29.062 13.513 15.09 20.061 19.214 30.697 18.112 15.393 19.925 15.393 12.681 18.733 7.729
6.438 6.416 13.27 6.254 10.461 12.188 15.513 13.128 16.739 6.295 9.683 18.39 11.429 4.685 2.873 32.983 32.466 26.367 22.149 16.572 36.053 12.243 6.196 7.067 30.565 20.234 13.56 21.242 27.376 41.111 29.744 31.286 25.225 23.684 32.382 15.23 33.571 38.383 37.759 22.914 21.264 14.209 18.125 22.121 32.567 41.971 21.853 19.54 30.497 25.882 24.597 22.243 38.661 18.909 20.423 26.365 25.27 38.824 23.537 19.745 24.44 19.07 15.826 22.752 10.118
4.422 4.64 10.792 4.42 8.202 9.51 12.134 9.817 12.851 4.207 7.338 14.909 8.376 3.056 1.832 29.68 27.101 20.229 16.263 11.801 28.79 8.376 4.051 5.097 26.464 15.627 9.68 16.472 21.337 32.357 21.954 23.236 18.255 17.282 24.812 10.453 26.589 30.022 28.742 16.19 15.333 9.882 13.548 16.927 25.653 33.041 15.424 14.003 23.845 19.538 18.506 16.634 31.234 13.649 15.381 20.733 19.559 31.503 17.593 14.654 19.152 14.513 11.931 18.278 7.173
4.513 4.611 10.349 4.438 7.956 9.253 11.849 9.747 12.684 4.336 7.185 14.344 8.338 3.159 1.876 27.795 25.522 19.761 16.331 12.02 28.38 8.611 4.197 5.04 25.003 15.204 9.774 16.159 20.903 31.761 22.006 23.373 18.495 17.414 24.589 10.687 25.94 29.382 28.509 16.504 15.462 9.989 13.29 16.491 24.906 32.271 15.617 14.083 23.31 19.291 18.357 16.533 30.478 13.735 15.278 20.3 19.257 30.817 17.592 14.731 18.922 14.444 11.9 17.87 7.256
4.174 4.216 8.982 4.004 6.886 7.943 10.08 8.399 10.826 3.899 6.215 11.959 7.133 2.82 1.709 21.719 20.717 16.44 13.837 10.385 23.741 7.677 3.835 4.466 20.18 12.674 8.254 13.261 17.044 25.776 18.39 19.559 15.744 14.873 20.689 9.395 21.689 24.709 24.23 14.446 13.561 8.966 11.681 14.319 21.328 27.79 14.099 12.826 20.823 17.576 16.812 15.264 27.534 13.028 14.337 18.851 18.038 28.518 17.011 14.414 18.34 14.19 11.693 17.033 7.238
5.467 5.367 11.278 5.171 8.723 10.249 13.261 11.131 14.38 5.213 7.932 15.501 9.433 3.774 2.239 27.197 27.884 22.408 18.885 14.084 31.824 10.28 5.094 5.585 25.525 16.72 11.093 17.539 22.921 35.353 25.089 26.604 21.345 20.03 27.755 12.686 28.717 33.113 32.593 19.467 18.092 11.899 15.135 18.653 28.272 37.22 18.912 17.01 27.085 22.923 21.846 19.735 35.359 16.767 18.217 23.813 22.826 35.963 21.432 18.043 22.615 17.417 14.316 20.76 8.962
5.567 5.722 12.67 5.441 9.679 11.191 14.227 11.699 15.173 5.258 8.717 17.177 9.973 3.818 2.306 32.59 30.516 23.459 19.277 14.253 33.512 10.384 5.126 6.176 29.703 18.135 11.521 19.018 24.539 37.099 25.889 27.43 21.865 20.689 29.172 12.858 30.916 35.074 33.98 19.76 18.633 12.217 16.278 20.116 30.157 39.028 19.096 17.35 28.75 23.957 22.794 20.605 37.754 17.284 19.192 25.505 24.245 38.547 22.364 18.785 24.16 18.531 15.256 22.703 9.345
5.561 5.341 10.587 5.16 8.425 10.01 13.186 11.381 14.536 5.421 7.915 14.844 9.626 3.922 2.362 24.317 29.267 24.382 20.161 14.661 31.331 10.662 5.275 5.638 22.629 17.056 11.611 17.519 23.074 36.524 26.577 27.691 22.021 20.33 27.619 13.048 27.949 33.458 33.596 20.18 18.228 11.963 14.81 18.112 27.735 37.703 19.612 17.242 26.309 22.715 21.545 19.306 33.769 16.62 17.588 22.556 21.991 34.404 20.897 17.395 21.146 16.42 13.4 19.011 8.565
6.29 6.218 11.992 5.957 9.458 10.895 13.687 11.735 14.733 5.8 8.577 15.453 9.976 4.239 2.688 24.467 26.557 22.321 19.174 14.585 30.528 11.015 5.727 6.409 23.855 16.979 11.575 17.279 22.058 33.125 24.689 26.122 21.375 20.138 27.139 13.297 27.855 32.45 32.495 20.292 18.884 12.896 16.205 19.648 28.714 37.616 20.56 18.722 28.759 25.16 24.19 22.114 37.631 19.447 20.909 26.712 25.997 39.526 25.236 21.618 26.586 21.146 17.553 24.241 11.334
5.968 5.625 11.307 5.409 8.867 10.618 14.214 12.28 15.857 5.759 8.321 15.934 10.25 4.061 2.356 25.987 32.251 27.2 22.511 16.193 35.608 11.726 5.631 5.841 24.451 18.417 12.406 18.772 25.019 40.62 29.483 30.863 24.351 22.326 30.555 14.108 30.661 37.129 37.566 22.281 19.904 12.767 15.645 19.164 29.99 41.834 21.485 18.724 28.903 24.939 23.693 21.157 38.033 18.317 19.35 24.988 24.412 39.245 23.5 19.492 23.846 18.349 14.84 21.248 9.306
