0.728 1.666 1.331 1.399 2.603 3.663 2.19 2.023 2.644 0.882 1.008 4.91 3.487 1.471 1.962 3.649 4.933 4.402 3.235 2.835 3.219 0.722 4.876 4.303 5.186 4.466 3.802 4.138 5.14 5.858 6.604 7.166 5.2 4.99 4.798 4.351 4.719 6.058 6.113 4.41 4.953 4.239 4.614 5.316 6.756 5.672 3.507 3.386 4.982 4.225 4.227 4.769 6.678 3.943 4.158 4.144 3.734 5.211 5.043 3.202 3.443 3.416 3.783 3.825 1.488
0.886 1.908 1.566 1.641 2.884 3.957 2.477 2.313 2.963 1.077 1.237 5.165 3.84 1.729 2.268 3.993 5.284 4.784 3.607 3.194 3.588 0.903 5.178 4.706 5.588 4.898 4.245 4.595 5.608 6.346 7.117 7.701 5.734 5.511 5.312 4.852 5.231 6.586 6.666 4.948 5.519 4.801 5.2 5.94 7.425 6.349 4.076 3.955 5.632 4.843 4.835 5.39 7.337 4.522 4.733 4.711 4.281 5.802 5.639 3.702 3.955 3.923 4.286 4.316 1.804
0.718 1.639 1.322 1.397 2.545 3.468 2.068 1.921 2.505 0.863 1.013 4.707 3.303 1.423 1.928 3.544 4.684 4.126 3.049 2.707 3.108 0.729 4.811 4.209 4.969 4.254 3.662 4.013 4.949 5.58 6.24 6.731 4.91 4.761 4.618 4.216 4.587 5.85 5.865 4.255 4.781 4.106 4.456 5.087 6.341 5.281 3.303 3.226 4.719 4.01 4.028 4.533 6.219 3.718 3.941 3.92 3.55 4.895 4.689 2.996 3.238 3.258 3.625 3.669 1.463
0.827 1.841 1.491 1.571 2.818 3.805 2.312 2.152 2.78 0.991 1.154 5.129 3.623 1.602 2.155 3.897 5.105 4.515 3.371 3.007 3.437 0.841 5.285 4.624 5.447 4.695 4.055 4.437 5.456 6.134 6.822 7.326 5.407 5.25 5.106 4.689 5.094 6.451 6.471 4.752 5.33 4.611 4.999 5.686 7.028 5.885 3.74 3.656 5.271 4.495 4.505 5.048 6.848 4.157 4.399 4.392 3.986 5.431 5.205 3.38 3.638 3.642 4.032 4.082 1.682
0.678 1.672 1.319 1.392 2.695 3.821 2.166 1.991 2.669 0.822 0.963 5.278 3.6 1.415 1.947 3.802 5.192 4.532 3.241 2.83 3.276 0.66 5.186 4.492 5.397 4.546 3.832 4.211 5.298 6.056 6.856 7.459 5.265 5.067 4.88 4.397 4.807 6.274 6.292 4.406 4.995 4.218 4.618 5.362 6.892 5.67 3.379 3.284 5.018 4.205 4.22 4.806 6.863 3.89 4.136 4.122 3.698 5.298 5.089 3.112 3.393 3.408 3.825 3.869 1.398
0.925 2.142 1.73 1.842 3.281 4.306 2.543 2.4 3.13 1.108 1.358 5.956 4.05 1.782 2.49 4.502 5.762 4.982 3.699 3.344 3.884 0.953 6.21 5.29 6.13 5.217 4.552 5.035 6.162 6.857 7.582 8.096 5.915 5.817 5.702 5.25 5.748 7.281 7.235 5.286 5.989 5.172 5.627 6.381 7.811 6.437 4.08 4.07 5.927 5.014 5.056 5.669 7.611 4.562 4.894 4.868 4.432 6.05 5.711 3.666 4.016 4.084 4.551 4.592 1.877
0.868 1.913 1.55 1.618 2.922 4.13 2.559 2.375 3.073 1.063 1.202 5.392 4.015 1.741 2.271 4.089 5.536 5.048 3.766 3.295 3.685 0.863 5.263 4.79 5.781 5.067 4.34 4.681 5.768 6.596 7.47 8.148 6.005 5.725 5.474 4.957 5.334 6.778 6.886 5.044 5.632 4.865 5.289 6.1 7.783 6.679 4.208 4.052 5.862 5.022 5.001 5.603 7.808 4.719 4.926 4.909 4.437 6.118 5.994 3.878 4.139 4.073 4.445 4.469 1.788
0.937 2.119 1.702 1.794 3.265 4.43 2.665 2.469 3.204 1.122 1.305 5.994 4.175 1.81 2.447 4.485 5.892 5.182 3.838 3.416 3.911 0.936 6.115 5.295 6.256 5.375 4.61 5.053 6.255 7.043 7.814 8.364 6.141 5.95 5.797 5.332 5.808 7.391 7.414 5.418 6.1 5.278 5.747 6.564 8.144 6.794 4.286 4.193 6.091 5.177 5.176 5.815 7.93 4.757 5.038 5.053 4.578 6.274 6.008 3.878 4.179 4.167 4.62 4.682 1.907
0.888 1.906 1.558 1.63 2.892 3.948 2.476 2.282 2.906 1.068 1.21 5.133 3.766 1.686 2.199 3.91 5.156 4.628 3.474 3.075 3.455 0.873 5.136 4.615 5.482 4.791 4.104 4.447 5.482 6.199 6.87 7.343 5.492 5.269 5.114 4.726 5.119 6.461 6.543 4.874 5.447 4.776 5.2 5.947 7.38 6.291 4.059 3.935 5.58 4.813 4.778 5.323 7.186 4.449 4.638 4.67 4.248 5.719 5.552 3.686 3.91 3.849 4.205 4.257 1.814
0.8 1.963 1.507 1.584 3.182 4.645 2.63 2.403 3.228 0.969 1.085 6.416 4.29 1.652 2.253 4.49 6.229 5.448 3.873 3.356 3.849 0.76 6.141 5.211 6.42 5.429 4.504 4.936 6.296 7.251 8.195 8.882 6.248 5.975 5.737 5.174 5.653 7.433 7.479 5.218 5.949 5.018 5.529 6.478 8.451 6.959 4.12 3.975 6.104 5.067 5.058 5.79 8.42 4.676 4.979 5.01 4.463 6.474 6.239 3.808 4.139 4.065 4.544 4.607 1.651
0.816 1.84 1.471 1.542 2.767 3.802 2.332 2.188 2.837 0.993 1.161 5.089 3.634 1.584 2.131 3.816 5.029 4.504 3.367 2.988 3.37 0.808 5.055 4.412 5.25 4.578 3.943 4.292 5.285 5.984 6.693 7.215 5.324 5.13 4.954 4.529 4.904 6.209 6.26 4.606 5.198 4.515 4.933 5.669 7.137 6.062 3.856 3.781 5.463 4.64 4.623 5.172 7.102 4.275 4.514 4.522 4.096 5.617 5.433 3.53 3.81 3.756 4.098 4.115 1.676
0.718 1.576 1.277 1.305 2.371 3.434 2.101 2.039 2.599 0.87 0.957 4.514 3.493 1.508 1.853 3.381 4.799 4.491 3.345 2.85 3.112 0.721 4.318 3.948 5.062 4.475 3.729 3.961 4.955 5.756 6.596 7.323 5.433 5.127 4.864 4.347 4.605 5.808 5.918 4.316 4.771 4.002 4.302 5.072 6.5 5.594 3.456 3.134 4.671 4.061 4.05 4.531 6.41 3.836 3.908 3.995 3.594 4.939 4.827 3.02 3.315 3.284 3.559 3.569 1.428
0.804 2.027 1.548 1.629 3.222 4.647 2.635 2.44 3.288 0.98 1.14 6.466 4.316 1.666 2.317 4.539 6.22 5.453 3.897 3.394 3.891 0.757 6.209 5.202 6.371 5.406 4.521 4.96 6.288 7.225 8.184 8.891 6.258 6.004 5.755 5.178 5.658 7.409 7.441 5.203 5.965 5.038 5.567 6.524 8.515 7.037 4.183 4.082 6.262 5.178 5.172 5.903 8.55 4.751 5.085 5.102 4.551 6.594 6.348 3.876 4.25 4.179 4.642 4.675 1.663
0.988 2.101 1.747 1.846 3.126 4.088 2.562 2.425 3.08 1.191 1.42 5.395 3.928 1.85 2.481 4.245 5.405 4.803 3.659 3.31 3.76 1.04 5.586 4.999 5.788 5.05 4.453 4.862 5.862 6.52 7.197 7.679 5.77 5.633 5.507 5.097 5.53 6.883 6.906 5.206 5.828 5.119 5.54 6.249 7.594 6.428 4.226 4.182 5.865 5.051 5.065 5.611 7.388 4.633 4.897 4.87 4.462 5.925 5.666 3.776 4.07 4.094 4.485 4.514 1.991
0.883 1.949 1.582 1.659 2.963 4.1 2.531 2.362 3.049 1.075 1.24 5.402 3.951 1.741 2.302 4.111 5.472 4.936 3.693 3.261 3.67 0.888 5.364 4.813 5.752 5.021 4.328 4.692 5.758 6.534 7.343 7.954 5.872 5.64 5.428 4.945 5.342 6.764 6.84 5.035 5.639 4.885 5.311 6.092 7.676 6.538 4.151 4.032 5.805 4.964 4.955 5.542 7.621 4.621 4.854 4.837 4.383 6.003 5.829 3.787 4.062 4.02 4.399 4.427 1.805
0.672 1.444 1.173 1.221 2.224 3.133 1.942 1.779 2.282 0.806 0.889 4.066 3.011 1.317 1.698 3.09 4.191 3.788 2.821 2.474 2.778 0.666 4.051 3.708 4.473 3.894 3.307 3.57 4.429 5.055 5.664 6.116 4.53 4.333 4.176 3.821 4.124 5.246 5.324 3.911 4.349 3.765 4.082 4.68 5.886 5.003 3.164 3.029 4.347 3.738 3.717 4.166 5.753 3.5 3.652 3.665 3.315 4.534 4.422 2.885 3.056 3.002 3.298 3.35 1.374
0.844 1.921 1.532 1.598 3.079 4.522 2.694 2.441 3.207 1.025 1.118 5.984 4.373 1.78 2.303 4.418 6.209 5.615 4.079 3.508 3.959 0.832 5.842 5.32 6.515 5.604 4.697 5.072 6.367 7.361 8.412 9.241 6.653 6.303 5.999 5.38 5.802 7.532 7.657 5.44 6.052 5.122 5.55 6.437 8.342 7.037 4.253 4.014 5.98 5.092 5.086 5.776 8.309 4.862 5.067 5.042 4.515 6.399 6.275 3.928 4.173 4.122 4.584 4.658 1.739
0.656 1.654 1.266 1.331 2.571 3.643 2.091 1.952 2.619 0.8 0.955 5.064 3.417 1.336 1.876 3.594 4.847 4.256 3.066 2.688 3.079 0.619 4.912 4.112 4.963 4.229 3.561 3.911 4.927 5.635 6.357 6.886 4.889 4.703 4.523 4.088 4.466 5.801 5.82 4.109 4.72 4.016 4.442 5.189 6.717 5.58 3.363 3.315 5.038 4.173 4.162 4.728 6.759 3.805 4.075 4.095 3.666 5.253 5.054 3.12 3.43 3.375 3.726 3.739 1.36
0.74 1.893 1.465 1.557 2.94 3.986 2.249 2.121 2.843 0.893 1.12 5.647 3.693 1.477 2.141 4.061 5.305 4.545 3.279 2.928 3.418 0.716 5.689 4.68 5.512 4.637 3.959 4.399 5.495 6.185 6.891 7.386 5.24 5.124 4.994 4.555 5.017 6.483 6.437 4.56 5.261 4.486 4.952 5.717 7.21 5.879 3.571 3.585 5.429 4.489 4.508 5.112 7.122 4.029 4.369 4.376 3.942 5.583 5.274 3.256 3.623 3.638 4.058 4.081 1.517
0.759 1.618 1.32 1.375 2.46 3.414 2.137 1.97 2.518 0.909 1.013 4.44 3.3 1.471 1.903 3.411 4.57 4.137 3.109 2.743 3.081 0.759 4.481 4.09 4.892 4.274 3.659 3.954 4.874 5.539 6.196 6.687 4.99 4.79 4.625 4.239 4.571 5.778 5.855 4.332 4.814 4.183 4.526 5.168 6.451 5.5 3.518 3.384 4.817 4.151 4.13 4.613 6.302 3.883 4.054 4.063 3.685 4.996 4.866 3.204 3.398 3.348 3.668 3.717 1.551
0.844 1.998 1.58 1.667 3.189 4.455 2.571 2.36 3.13 1.01 1.161 6.166 4.194 1.711 2.329 4.492 6.059 5.28 3.822 3.365 3.893 0.835 6.207 5.34 6.379 5.387 4.556 5.015 6.294 7.148 8.017 8.663 6.208 6.007 5.819 5.288 5.771 7.471 7.477 5.304 5.987 5.084 5.54 6.378 8.068 6.639 4.036 3.922 5.898 4.966 4.986 5.666 7.963 4.598 4.895 4.894 4.398 6.207 5.938 3.7 4.013 4.023 4.521 4.594 1.734
1.026 2.287 1.868 1.981 3.452 4.445 2.7 2.533 3.262 1.219 1.474 6.096 4.202 1.909 2.63 4.674 5.896 5.114 3.848 3.499 4.052 1.056 6.476 5.535 6.33 5.428 4.751 5.254 6.413 7.098 7.771 8.238 6.139 6.038 5.957 5.541 6.055 7.595 7.553 5.611 6.322 5.527 5.996 6.755 8.133 6.754 4.381 4.365 6.236 5.328 5.348 5.963 7.841 4.838 5.153 5.159 4.715 6.305 5.962 3.923 4.254 4.313 4.787 4.844 2.078
0.734 1.701 1.366 1.451 2.622 3.475 2.05 1.921 2.511 0.877 1.057 4.82 3.269 1.421 1.974 3.616 4.669 4.045 2.994 2.694 3.126 0.749 5.021 4.262 4.964 4.223 3.66 4.047 4.98 5.56 6.158 6.586 4.808 4.713 4.613 4.241 4.638 5.895 5.864 4.266 4.826 4.156 4.521 5.135 6.312 5.203 3.279 3.251 4.755 4.021 4.049 4.552 6.155 3.674 3.934 3.922 3.56 4.882 4.621 2.958 3.229 3.271 3.651 3.693 1.492
0.851 1.989 1.553 1.626 3.111 4.461 2.641 2.438 3.214 1.035 1.167 6.029 4.187 1.711 2.298 4.353 5.943 5.295 3.861 3.369 3.811 0.82 5.839 5.037 6.158 5.31 4.473 4.869 6.116 7.013 7.909 8.57 6.176 5.902 5.661 5.129 5.566 7.195 7.268 5.205 5.894 5.038 5.527 6.426 8.282 6.952 4.257 4.114 6.117 5.138 5.116 5.793 8.237 4.762 5.032 5.053 4.531 6.404 6.21 3.913 4.221 4.131 4.552 4.597 1.749
0.747 1.71 1.375 1.443 2.707 3.846 2.29 2.098 2.749 0.906 1.025 5.131 3.702 1.538 2.033 3.825 5.235 4.685 3.425 2.983 3.391 0.744 5.093 4.578 5.507 4.729 4.013 4.359 5.427 6.208 7.035 7.676 5.553 5.306 5.089 4.595 4.976 6.411 6.482 4.645 5.19 4.423 4.798 5.532 7.058 5.928 3.631 3.479 5.149 4.384 4.387 4.96 6.992 4.13 4.33 4.305 3.876 5.43 5.277 3.328 3.562 3.552 3.949 4.002 1.532
0.695 1.752 1.373 1.47 2.709 3.484 1.952 1.853 2.484 0.826 1.058 5.109 3.22 1.338 1.981 3.732 4.695 3.923 2.861 2.617 3.121 0.704 5.433 4.344 4.946 4.115 3.582 4.038 4.998 5.519 6.063 6.439 4.616 4.602 4.556 4.199 4.643 5.938 5.818 4.154 4.785 4.094 4.486 5.092 6.204 4.981 3.091 3.153 4.74 3.933 3.98 4.501 6.059 3.505 3.835 3.831 3.473 4.823 4.469 2.791 3.127 3.222 3.638 3.667 1.421
0.973 2.048 1.67 1.733 3.108 4.389 2.78 2.555 3.248 1.175 1.289 5.594 4.22 1.88 2.395 4.264 5.771 5.272 3.96 3.468 3.848 0.95 5.462 5.045 6.125 5.396 4.591 4.926 6.088 6.961 7.796 8.404 6.28 5.978 5.745 5.267 5.67 7.178 7.322 5.441 6.051 5.283 5.743 6.604 8.329 7.17 4.6 4.403 6.237 5.388 5.337 5.95 8.171 5.043 5.228 5.257 4.767 6.463 6.342 4.203 4.433 4.316 4.688 4.743 1.993
0.911 1.922 1.585 1.658 2.858 3.832 2.443 2.277 2.882 1.098 1.262 4.982 3.687 1.708 2.232 3.861 5.007 4.512 3.435 3.067 3.439 0.912 5.045 4.535 5.332 4.692 4.072 4.412 5.378 6.045 6.691 7.151 5.404 5.212 5.066 4.689 5.067 6.333 6.403 4.828 5.389 4.749 5.157 5.866 7.216 6.189 4.067 3.969 5.557 4.81 4.782 5.3 7.055 4.447 4.642 4.657 4.254 5.657 5.485 3.692 3.925 3.878 4.215 4.25 1.863
0.707 1.556 1.225 1.266 2.407 3.569 2.187 2.013 2.624 0.867 0.929 4.657 3.394 1.416 1.821 3.394 4.746 4.343 3.203 2.77 3.067 0.679 4.356 3.916 4.899 4.301 3.609 3.874 4.867 5.644 6.417 7.001 5.11 4.83 4.586 4.138 4.445 5.72 5.84 4.227 4.743 4.073 4.458 5.207 6.8 5.835 3.621 3.445 5.034 4.272 4.229 4.767 6.829 4.021 4.192 4.214 3.778 5.306 5.231 3.357 3.568 3.434 3.731 3.76 1.463
0.784 1.749 1.427 1.511 2.669 3.546 2.147 2.014 2.601 0.941 1.121 4.794 3.381 1.514 2.058 3.678 4.759 4.186 3.132 2.813 3.23 0.812 4.979 4.36 5.082 4.371 3.81 4.18 5.103 5.704 6.333 6.792 5.014 4.892 4.772 4.386 4.773 6.024 6.025 4.438 4.984 4.316 4.675 5.298 6.502 5.428 3.468 3.416 4.913 4.193 4.216 4.715 6.335 3.864 4.102 4.078 3.713 5.034 4.8 3.119 3.375 3.41 3.78 3.819 1.589
