4.449 4.776 8.211 4.787 9.212 10.742 9.615 7.756 9.693 4.268 4.886 8.208 6.701 5.297 3.382 15.634 17.169 12.733 12.276 8.52 15.515 6.925 5.912 5.87 13.813 9.748 6.989 9.464 14.375 17.129 18.743 21.593 14.932 13.363 16.396 9.22 15.078 23.428 21.64 11.02 11.172 8.661 10.28 13.586 16.775 21.299 8.857 10.523 16.253 14.062 13.309 15.318 24.769 9.387 9.537 12.161 14.585 15.073 12.821 10.137 12.343 10.435 12.346 13.136 6.145
5.486 5.86 9.599 5.972 10.755 12.39 11.187 9.205 11.226 5.4 6.119 9.839 8.289 6.754 4.553 18.047 19.697 14.95 14.364 10.323 17.645 8.589 7.474 7.502 16.279 11.997 8.938 11.796 17.279 20.248 21.869 24.655 17.544 15.8 18.952 11.316 17.583 26.164 24.198 13.131 13.264 10.606 12.411 15.998 19.314 23.742 10.718 12.414 18.301 16.037 15.208 17.175 26.146 10.861 10.959 13.628 16.061 16.488 14.177 11.419 13.563 11.712 13.646 14.44 7.307
4.266 4.514 7.758 4.514 8.725 10.264 9.247 7.469 9.329 4.104 4.602 7.714 6.296 4.96 3.132 14.819 16.454 12.302 11.907 8.257 15.021 6.696 5.627 5.498 13.063 9.231 6.599 8.892 13.632 16.424 18.134 21.046 14.611 13.021 15.923 8.943 14.504 22.704 21.096 10.776 10.797 8.301 9.762 12.913 16.067 20.607 8.633 10.111 15.604 13.535 12.813 14.764 24.068 9.194 9.197 11.655 13.992 14.518 12.387 9.791 11.874 10.011 11.824 12.611 5.921
5.177 5.548 9.473 5.57 10.624 12.375 11.099 8.978 11.185 4.978 5.684 9.487 7.778 6.172 3.966 17.946 19.717 14.695 14.178 9.882 17.854 8.052 6.887 6.839 15.915 11.3 8.145 10.981 16.598 19.751 21.603 24.854 17.259 15.461 18.915 10.711 17.398 26.906 24.883 12.778 12.942 10.061 11.912 15.691 19.333 24.483 10.288 12.183 18.709 16.222 15.367 17.652 28.381 10.872 11.037 14.022 16.785 17.344 14.779 11.713 14.218 12.047 14.224 15.124 7.141
4.793 5.092 8.554 5.09 9.521 11.106 10.031 8.16 10.109 4.573 5.161 8.472 6.975 5.54 3.576 15.526 17.253 13.059 12.656 8.898 15.853 7.291 6.211 6.127 13.927 10.011 7.246 9.649 14.452 17.227 18.934 21.89 15.426 13.859 16.886 9.691 15.507 23.886 22.351 11.678 11.765 9.168 10.767 14.09 17.353 22.05 9.495 11.168 17.027 14.899 14.16 16.256 26.123 10.283 10.385 13.11 15.667 16.25 13.951 11.127 13.45 11.43 13.416 14.261 6.838
3.937 4.242 7.255 4.27 8.148 9.462 8.459 6.839 8.52 3.8 4.37 7.311 5.996 4.768 3.079 13.909 15.189 11.254 10.824 7.547 13.63 6.155 5.294 5.289 12.305 8.725 6.298 8.518 12.86 15.24 16.592 18.992 13.148 11.781 14.417 8.175 13.307 20.502 18.869 9.678 9.838 7.679 9.122 12.014 14.755 18.574 7.788 9.248 14.185 12.27 11.607 13.313 21.258 8.132 8.285 10.542 12.606 12.991 11.047 8.752 10.627 9.018 10.658 11.325 5.355
5.014 5.373 9.176 5.474 10.376 12.062 10.77 8.7 10.752 4.903 5.582 9.351 7.73 6.177 4.017 18.186 19.768 14.554 13.817 9.661 17.176 7.929 6.788 6.797 15.887 11.354 8.203 11.088 16.814 19.907 21.504 24.276 16.841 14.957 18.169 10.492 16.834 25.741 23.611 12.255 12.328 9.729 11.555 15.231 18.662 23.199 9.958 11.566 17.532 15.204 14.304 16.28 25.367 10.044 10.032 12.721 15.171 15.607 13.291 10.562 12.693 10.837 12.776 13.614 6.61
4.331 4.572 7.392 4.616 8.201 9.5 8.657 7.151 8.7 4.2 4.69 7.431 6.262 5.08 3.408 13.116 14.622 11.319 10.96 7.912 13.443 6.601 5.688 5.638 12.025 8.95 6.659 8.677 12.638 14.914 16.286 18.601 13.436 12.133 14.539 8.723 13.417 20.048 18.868 10.341 10.371 8.252 9.57 12.286 14.905 18.566 8.515 9.827 14.488 12.83 12.221 13.848 21.381 9.022 9.052 11.205 13.22 13.665 11.84 9.574 11.362 9.796 11.347 12.008 6.093
5.465 5.904 10.346 5.946 11.679 13.633 12.106 9.683 12.154 5.27 6.083 10.42 8.453 6.647 4.208 20.512 22.401 16.303 15.54 10.668 19.68 8.644 7.369 7.359 17.838 12.431 8.813 12.092 18.607 22.167 24.122 27.613 18.837 16.743 20.628 11.486 19.036 29.76 27.265 13.632 13.823 10.714 12.833 17.104 21.159 26.78 10.906 12.973 20.221 17.378 16.357 18.833 30.44 11.341 11.486 14.773 17.778 18.325 15.481 12.162 14.866 12.547 14.926 15.915 7.353
5.239 5.523 9.232 5.607 10.412 12.188 11.05 9.02 11.083 5.131 5.721 9.36 7.819 6.28 4.096 17.683 19.668 14.963 14.397 10.152 17.728 8.324 7.066 6.955 15.764 11.501 8.414 11.16 16.765 20.04 21.956 25.103 17.68 15.752 18.951 11.016 17.312 26.416 24.578 13.024 12.98 10.153 11.845 15.453 18.982 23.846 10.48 12.04 18.01 15.743 14.895 16.927 26.509 10.698 10.628 13.246 15.74 16.273 13.967 11.142 13.284 11.352 13.299 14.16 6.966
4.824 5.032 8.41 5.006 9.363 11.042 10.074 8.221 10.174 4.608 5.071 8.266 6.808 5.384 3.431 15.146 17.134 13.172 12.853 9.04 16.061 7.401 6.189 5.982 13.647 9.857 7.112 9.388 14.18 17.147 19.094 22.334 15.865 14.203 17.23 9.89 15.631 24.27 22.943 12.072 11.988 9.246 10.715 13.998 17.38 22.374 9.758 11.286 17.156 15.086 14.351 16.489 26.762 10.686 10.602 13.257 15.84 16.514 14.247 11.37 13.661 11.581 13.541 14.426 6.962
6.087 6.496 10.816 6.749 12.296 14.175 12.678 10.307 12.473 5.981 6.766 11.134 9.456 7.715 5.168 21.465 23.1 17.167 16.076 11.425 19.398 9.462 8.187 8.287 18.699 13.827 10.219 13.608 20.255 23.69 25.161 27.657 19.41 17.189 20.576 12.343 19.28 28.749 26.331 14.186 14.238 11.495 13.646 17.871 21.667 26.205 11.835 13.445 19.741 17.313 16.282 18.271 27.052 11.456 11.363 14.259 16.902 17.365 14.916 11.996 14.163 12.293 14.393 15.344 7.84
4.415 4.678 7.529 4.743 8.365 9.65 8.781 7.271 8.822 4.314 4.837 7.637 6.464 5.275 3.576 13.496 14.95 11.552 11.164 8.099 13.654 6.78 5.884 5.867 12.39 9.258 6.933 9.03 13.082 15.356 16.682 18.927 13.685 12.375 14.791 8.947 13.699 20.294 19.014 10.494 10.555 8.455 9.812 12.555 15.148 18.704 8.648 9.974 14.605 12.922 12.3 13.886 21.162 9.01 9.063 11.194 13.161 13.559 11.741 9.513 11.256 9.737 11.264 11.9 6.103
4.135 4.333 7.333 4.306 8.194 9.671 8.764 7.109 8.844 3.957 4.37 7.213 5.898 4.643 2.937 13.527 15.232 11.486 11.148 7.797 14.05 6.373 5.323 5.149 12.045 8.586 6.14 8.184 12.513 15.151 16.809 19.591 13.782 12.305 15.008 8.557 13.67 21.338 20.03 10.378 10.333 7.976 9.305 12.243 15.251 19.626 8.433 9.792 15.001 13.127 12.434 14.305 23.239 9.167 9.078 11.431 13.683 14.236 12.23 9.736 11.737 9.917 11.618 12.386 5.934
4.899 5.178 8.456 5.274 9.477 11.001 9.996 8.226 10.002 4.807 5.37 8.613 7.272 5.904 3.944 15.755 17.45 13.38 12.855 9.223 15.677 7.652 6.572 6.529 14.223 10.562 7.833 10.283 15.146 17.909 19.47 22.043 15.77 14.129 16.885 10.097 15.568 23.268 21.712 11.826 11.818 9.41 10.96 14.152 17.196 21.287 9.725 11.135 16.369 14.434 13.673 15.419 23.482 9.922 9.865 12.211 14.392 14.833 12.811 10.331 12.207 10.529 12.212 12.947 6.592
5.162 5.534 9.723 5.489 10.884 12.793 11.415 9.115 11.511 4.871 5.572 9.543 7.66 5.946 3.684 18.394 20.401 14.975 14.422 9.848 18.449 7.936 6.679 6.572 16.086 11.129 7.798 10.671 16.515 19.879 21.921 25.549 17.495 15.589 19.335 10.604 17.715 28.139 26.109 12.926 13.077 9.994 11.924 15.945 19.929 25.751 10.362 12.413 19.612 16.92 15.988 18.574 30.939 11.356 11.506 14.849 17.972 18.664 15.825 12.419 15.293 12.813 15.247 16.283 7.366
5.334 5.439 8.713 5.414 9.776 11.991 11.351 9.368 11.311 5.278 5.586 8.653 7.29 5.838 3.78 15.312 19.463 15.869 15.377 10.728 17.861 8.526 6.962 6.538 13.971 10.78 7.972 10.296 15.545 19.613 22.59 26.497 18.889 16.46 19.16 11.191 16.77 25.917 25.363 13.656 13.093 10.018 11.28 14.577 18.54 24.61 11.289 12.649 18.461 16.428 15.523 17.478 27.549 11.561 11.049 13.282 15.656 16.501 14.456 11.612 13.591 11.533 13.183 14.089 7.13
5.889 6.363 10.739 6.567 12.166 13.954 12.394 10.053 12.304 5.795 6.673 11.1 9.298 7.539 5.032 21.522 22.859 16.764 15.786 11.168 19.408 9.25 8.067 8.231 18.761 13.575 9.968 13.435 20.04 23.324 24.774 27.402 19.063 16.986 20.519 12.122 19.266 28.838 26.176 13.89 14.087 11.333 13.523 17.706 21.377 25.897 11.38 13.163 19.604 17.007 16.006 18.065 27.173 11.085 11.165 14.131 16.763 17.144 14.616 11.692 13.959 12.067 14.225 15.131 7.554
4.753 5.048 8.457 5.225 9.632 11.184 10.026 8.13 9.876 4.664 5.241 8.657 7.323 5.942 3.935 16.806 18.304 13.618 12.786 9.026 15.465 7.429 6.368 6.386 14.607 10.762 7.906 10.536 15.83 18.685 19.994 22.148 15.49 13.671 16.386 9.723 15.244 22.975 21.118 11.254 11.242 8.995 10.656 14.017 17.132 20.962 9.356 10.625 15.708 13.762 12.93 14.553 21.872 9.115 8.993 11.291 13.426 13.834 11.871 9.513 11.26 9.715 11.388 12.164 6.139
5.773 5.941 9.886 6.009 11.247 13.544 12.411 10.071 12.331 5.617 6.044 9.794 8.257 6.578 4.191 18.474 21.995 16.82 16.18 11.258 19.613 9.096 7.508 7.147 16.445 12.271 8.899 11.618 17.881 22.097 24.594 28.342 19.886 17.504 20.945 12.096 18.813 29.435 27.806 14.536 14.21 10.962 12.659 16.744 21.179 27.314 11.959 13.554 20.328 17.995 16.977 19.294 30.632 12.404 12.016 14.857 17.802 18.613 16.058 12.796 15.162 12.849 14.93 15.995 7.868
3.892 4.116 7.073 4.096 7.922 9.327 8.399 6.777 8.477 3.723 4.169 6.985 5.675 4.452 2.801 13.323 14.847 11.069 10.711 7.431 13.569 6.043 5.067 4.941 11.76 8.282 5.89 7.939 12.19 14.705 16.256 18.918 13.162 11.74 14.394 8.092 13.134 20.608 19.209 9.793 9.81 7.547 8.877 11.746 14.63 18.817 7.885 9.252 14.327 12.448 11.779 13.595 22.257 8.528 8.52 10.822 13.003 13.504 11.532 9.126 11.085 9.34 11.016 11.751 5.512
4.316 4.539 7.795 4.599 8.877 10.489 9.436 7.598 9.421 4.207 4.657 7.817 6.458 5.124 3.254 15.425 17.235 12.776 12.202 8.456 15.171 6.853 5.732 5.583 13.402 9.586 6.877 9.239 14.3 17.298 18.951 21.647 14.964 13.194 16.016 9.116 14.615 22.787 21.06 10.791 10.727 8.321 9.796 13.034 16.277 20.675 8.786 10.103 15.407 13.393 12.591 14.392 22.9 8.95 8.797 11.113 13.332 13.823 11.797 9.344 11.225 9.49 11.187 11.978 5.749
4.813 5.052 8.17 5.056 9.006 10.472 9.567 7.891 9.618 4.588 5.086 8.051 6.744 5.424 3.592 13.962 15.709 12.217 11.876 8.545 14.612 7.113 6.074 5.97 12.784 9.488 7 9.091 13.273 15.747 17.311 19.956 14.468 13.071 15.716 9.376 14.458 21.803 20.708 11.313 11.314 8.948 10.357 13.324 16.263 20.494 9.374 10.835 16.098 14.318 13.674 15.579 24.461 10.3 10.318 12.814 15.19 15.794 13.741 11.124 13.261 11.409 13.226 14.03 7.06
4.408 4.71 8.175 4.667 9.104 10.693 9.577 7.675 9.645 4.139 4.716 7.982 6.435 5.006 3.123 15.03 16.769 12.428 11.979 8.231 15.233 6.664 5.612 5.518 13.238 9.252 6.509 8.834 13.551 16.288 17.975 20.96 14.493 12.94 15.995 8.872 14.668 23.172 21.651 10.861 10.963 8.416 10.002 13.306 16.59 21.412 8.771 10.47 16.435 14.269 13.509 15.669 25.978 9.736 9.849 12.662 15.3 15.917 13.561 10.694 13.127 11.042 13.089 13.973 6.402
4.649 4.955 8.43 5.01 9.5 11.085 9.951 8.063 9.99 4.53 5.121 8.526 7.031 5.603 3.622 16.384 17.969 13.36 12.809 8.972 16 7.346 6.256 6.203 14.433 10.313 7.453 10.029 15.204 18.105 19.73 22.517 15.689 13.981 16.99 9.757 15.631 24.017 22.162 11.505 11.558 9.048 10.676 14.041 17.27 21.698 9.301 10.829 16.455 14.29 13.485 15.4 24.328 9.572 9.57 12.092 14.424 14.878 12.696 10.089 12.141 10.329 12.157 12.944 6.245
4.249 4.36 7.29 4.485 8.427 10.215 9.335 7.505 9.08 4.146 4.445 7.252 6.203 4.987 3.199 14.241 17.145 12.993 12.175 8.353 14.299 6.684 5.503 5.264 12.279 9.355 6.827 8.937 13.829 17.154 18.928 21.341 14.723 12.728 15.08 8.745 13.584 21.395 20.158 10.475 10.138 7.846 9.12 12.205 15.579 19.984 8.698 9.687 14.377 12.696 11.906 13.443 21.064 8.477 8.13 10.073 12.18 12.809 11.034 8.756 10.335 8.782 10.273 11.104 5.487
5.029 5.25 9.137 5.404 10.58 12.607 11.271 8.974 11.077 4.89 5.361 9.131 7.643 6.079 3.831 18.743 21.217 15.466 14.521 9.914 17.784 7.953 6.607 6.411 15.904 11.494 8.235 11.05 17.396 21.203 23.037 25.903 17.57 15.294 18.544 10.494 16.941 26.792 24.552 12.373 12.246 9.486 11.246 15.22 19.246 24.374 10.15 11.528 17.614 15.283 14.3 16.328 25.898 9.925 9.69 12.334 14.979 15.596 13.255 10.438 12.543 10.589 12.6 13.604 6.484
4.958 5.25 8.652 5.442 9.822 11.39 10.262 8.371 10.09 4.866 5.446 8.859 7.561 6.173 4.134 16.821 18.468 13.9 13.051 9.29 15.616 7.676 6.6 6.62 14.747 11.043 8.189 10.809 16.051 18.905 20.219 22.33 15.767 13.953 16.611 10.001 15.465 23.076 21.339 11.573 11.544 9.287 10.948 14.305 17.42 21.228 9.692 10.968 16.026 14.129 13.303 14.908 22.12 9.467 9.344 11.642 13.788 14.212 12.26 9.884 11.629 10.09 11.753 12.528 6.447
4.232 4.446 7.282 4.435 8.04 9.379 8.548 7.017 8.604 4.022 4.465 7.15 5.942 4.746 3.101 12.597 14.158 10.93 10.63 7.587 13.171 6.278 5.334 5.226 11.444 8.392 6.135 8.027 11.842 14.109 15.552 18.006 12.954 11.677 14.109 8.298 12.946 19.722 18.693 10.06 10.064 7.9 9.171 11.87 14.564 18.479 8.289 9.624 14.448 12.796 12.206 13.963 22.206 9.155 9.172 11.453 13.626 14.182 12.301 9.912 11.878 10.17 11.835 12.575 6.219
3.929 4.139 6.933 4.14 7.733 9.066 8.216 6.692 8.272 3.779 4.208 6.89 5.68 4.508 2.903 12.757 14.258 10.799 10.449 7.369 13.06 6.062 5.117 5.009 11.433 8.239 5.95 7.904 11.916 14.289 15.745 18.207 12.89 11.535 14.002 8.099 12.819 19.743 18.516 9.736 9.716 7.579 8.85 11.568 14.276 18.148 7.931 9.197 13.945 12.233 11.593 13.269 21.188 8.515 8.463 10.622 12.66 13.131 11.295 9.024 10.83 9.209 10.758 11.444 5.567
