3.918 4.948 5.831 4.486 5.875 7.482 7.276 6.41 7.041 4.9 5.833 5.813 5.708 5.366 5.314 11.37 11.412 9.541 9.227 7.017 12.669 6.21 5.459 7.551 10.908 10.862 7.421 10.85 13.2 14.34 13.697 15.633 14.176 12.175 10.919 10.766 12.402 15.937 16.957 11.4 11.246 10.387 11.917 13.229 13.7 16.826 11.243 10.043 11.615 17.062 15.589 15.282 18.834 9.756 9.902 11.437 11.583 10.748 10.46 10.196 11.782 9.671 11.178 13.258 7.923
3.58 4.428 5.194 4.015 5.201 6.681 6.59 5.836 6.383 4.435 5.174 5.134 5.022 4.693 4.602 9.89 10.212 8.676 8.393 6.349 11.329 5.609 4.822 6.48 9.438 9.592 6.593 9.472 11.643 12.844 12.371 14.159 12.906 11.079 9.851 9.616 11.006 14.215 15.325 10.39 10.13 9.275 10.571 11.792 12.327 15.291 10.332 9.164 10.482 15.481 14.376 14.216 17.63 9.205 9.166 10.47 10.626 9.888 9.617 9.373 10.837 8.932 10.264 12.227 7.387
4.154 5.227 6.132 4.783 6.18 7.728 7.478 6.609 7.226 5.149 6.129 6.139 6.045 5.721 5.699 11.554 11.521 9.628 9.303 7.214 12.651 6.473 5.804 8.017 11.281 11.14 7.743 11.156 13.402 14.401 13.741 15.543 14.167 12.289 11.163 11.108 12.764 16.141 17.037 11.66 11.586 10.847 12.417 13.694 14.099 17.028 11.6 10.478 12.132 17.393 15.905 15.514 18.828 10.089 10.346 11.971 12.136 11.293 11.008 10.755 12.322 10.227 11.732 13.746 8.416
4.463 5.538 6.449 5.134 6.519 8.03 7.792 6.947 7.548 5.51 6.494 6.524 6.455 6.154 6.154 11.816 11.837 10.036 9.703 7.642 12.904 6.936 6.288 8.526 11.725 11.621 8.316 11.669 13.852 14.829 14.225 15.974 14.623 12.799 11.701 11.646 13.294 16.588 17.48 12.254 12.168 11.438 12.983 14.238 14.626 17.432 12.143 11.022 12.651 17.748 16.359 15.984 19.149 10.611 10.873 12.464 12.662 11.846 11.556 11.292 12.825 10.795 12.289 14.251 8.961
3.175 4.071 4.815 3.703 4.86 6.127 5.892 5.165 5.676 3.975 4.799 4.807 4.732 4.47 4.46 9.335 9.234 7.609 7.326 5.608 10.136 4.998 4.487 6.333 9.028 8.856 6.032 8.876 10.707 11.482 10.891 12.364 11.176 9.62 8.712 8.682 10.058 12.843 13.53 9.056 9.025 8.431 9.729 10.764 11.067 13.457 8.953 8.067 9.44 13.771 12.476 12.128 14.835 7.674 7.945 9.288 9.421 8.732 8.506 8.303 9.587 7.875 9.123 10.764 6.401
3.171 4.13 4.913 3.694 4.924 6.29 6.029 5.238 5.789 3.947 4.799 4.77 4.656 4.348 4.298 9.433 9.293 7.551 7.258 5.459 10.243 4.796 4.252 6.073 8.818 8.612 5.696 8.577 10.441 11.246 10.624 12.166 10.951 9.356 8.425 8.389 9.787 12.68 13.41 8.765 8.757 8.141 9.488 10.582 10.942 13.569 8.842 7.967 9.452 14.208 12.843 12.55 15.705 7.849 8.187 9.688 9.845 9.103 8.888 8.702 10.196 8.276 9.703 11.606 6.704
3.19 4.224 5.084 3.742 5.121 6.695 6.409 5.524 6.158 4.061 4.996 4.954 4.838 4.497 4.439 10.533 10.308 8.292 7.979 5.845 11.548 5.047 4.405 6.421 9.686 9.478 6.097 9.465 11.687 12.676 11.927 13.818 12.285 10.34 9.179 9.069 10.674 14.143 15.013 9.494 9.438 8.637 10.143 11.401 11.821 14.925 9.363 8.315 9.903 15.399 13.747 13.437 17.094 8.056 8.354 9.924 10.072 9.256 9.009 8.779 10.402 8.283 9.847 11.95 6.603
4.128 5.075 5.882 4.733 5.951 7.273 7.067 6.33 6.857 5.08 5.955 5.995 5.943 5.687 5.7 10.661 10.695 9.124 8.837 7.041 11.643 6.437 5.867 7.88 10.713 10.63 7.718 10.694 12.629 13.487 12.963 14.493 13.322 11.729 10.775 10.741 12.205 15.098 15.874 11.29 11.217 10.587 11.958 13.062 13.392 15.819 11.179 10.178 11.614 16.04 14.817 14.456 17.143 9.733 9.955 11.349 11.516 10.792 10.528 10.286 11.603 9.834 11.121 12.805 8.205
3.14 4.078 4.835 3.669 4.852 6.148 5.904 5.154 5.681 3.905 4.728 4.705 4.604 4.312 4.269 9.1 8.97 7.366 7.097 5.361 9.888 4.714 4.207 5.967 8.557 8.373 5.616 8.349 10.096 10.864 10.305 11.781 10.622 9.106 8.209 8.165 9.5 12.237 12.941 8.545 8.536 7.943 9.228 10.27 10.615 13.095 8.612 7.78 9.202 13.701 12.443 12.204 15.222 7.681 8.023 9.464 9.638 8.941 8.738 8.558 9.995 8.167 9.551 11.375 6.633
3.608 4.459 5.264 4.089 5.303 6.789 6.686 5.913 6.458 4.518 5.31 5.308 5.223 4.916 4.865 10.298 10.671 9.038 8.669 6.559 11.65 5.868 5.056 6.908 9.99 10.098 6.955 9.988 12.23 13.412 12.906 14.707 13.376 11.443 10.168 9.932 11.392 14.675 15.79 10.688 10.364 9.5 10.819 12.021 12.48 15.33 10.338 9.094 10.412 15.308 14.252 14.004 17.235 9.013 8.929 10.207 10.372 9.637 9.344 9.077 10.463 8.661 9.961 11.857 7.146
3.161 4.004 4.77 3.582 4.778 6.266 6.132 5.356 5.912 3.955 4.698 4.643 4.523 4.188 4.091 9.481 9.638 8.007 7.708 5.666 10.742 4.927 4.174 5.796 8.724 8.779 5.798 8.647 10.748 11.872 11.346 13.135 11.819 9.993 8.791 8.56 9.935 13.14 14.19 9.242 9.002 8.157 9.43 10.624 11.136 14.12 9.158 8.046 9.366 14.472 13.305 13.189 16.787 8.241 8.25 9.581 9.757 9.035 8.789 8.561 10.087 8.162 9.572 11.626 6.666
4.338 5.472 6.418 5.069 6.528 8.084 7.793 6.908 7.543 5.455 6.528 6.58 6.535 6.25 6.29 12.401 12.278 10.283 9.923 7.758 13.414 7.018 6.412 8.874 12.333 12.139 8.576 12.264 14.583 15.54 14.807 16.65 15.104 13.136 11.995 11.962 13.739 17.239 18.069 12.442 12.393 11.631 13.266 14.537 14.854 17.683 12.048 10.898 12.566 17.742 16.124 15.628 18.68 10.067 10.398 11.981 12.149 11.313 11.011 10.724 12.2 10.183 11.672 13.563 8.344
3.246 4.203 5.049 3.729 5.075 6.713 6.477 5.604 6.242 4.106 4.955 4.892 4.764 4.403 4.303 10.472 10.333 8.361 8.096 5.928 11.683 5.083 4.338 6.137 9.471 9.402 6.079 9.318 11.623 12.732 12.021 13.984 12.465 10.513 9.284 9.086 10.632 14.19 15.163 9.651 9.52 8.625 10.068 11.383 11.903 15.187 9.575 8.459 9.943 15.647 14.036 13.822 17.713 8.414 8.578 10.076 10.241 9.439 9.192 8.956 10.631 8.466 10.039 12.249 6.823
4.301 5.28 6.159 4.839 6.192 7.841 7.732 6.881 7.487 5.32 6.192 6.187 6.09 5.748 5.685 11.698 12.102 10.346 10.005 7.696 13.301 6.875 6.002 8.033 11.489 11.683 8.198 11.594 14.121 15.476 14.905 16.878 15.445 13.347 11.96 11.736 13.371 17.011 18.231 12.6 12.317 11.386 12.915 14.308 14.87 18.088 12.446 11.088 12.587 18.011 16.688 16.344 19.787 10.659 10.608 12.051 12.203 11.373 11.055 10.773 12.301 10.228 11.616 13.645 8.471
3.452 4.195 4.85 3.854 4.837 6.025 5.951 5.327 5.761 4.164 4.785 4.763 4.667 4.393 4.32 8.413 8.753 7.557 7.326 5.716 9.57 5.133 4.505 5.917 8.246 8.396 5.994 8.293 10.011 10.969 10.63 11.997 11.089 9.693 8.758 8.627 9.783 12.309 13.211 9.333 9.168 8.554 9.683 10.727 11.198 13.588 9.609 8.682 9.882 13.954 13.101 12.926 15.627 8.742 8.755 9.94 10.102 9.477 9.253 9.067 10.32 8.699 9.802 11.41 7.287
4.564 5.539 6.418 5.112 6.439 8.06 7.989 7.162 7.751 5.61 6.465 6.468 6.374 6.041 5.986 11.811 12.404 10.756 10.417 8.122 13.584 7.312 6.411 8.458 11.86 12.135 8.699 12.07 14.618 16.032 15.53 17.472 16.093 13.998 12.593 12.362 13.985 17.569 18.836 13.292 12.99 12.078 13.615 15.02 15.6 18.782 13.208 11.816 13.322 18.613 17.327 16.913 20.168 11.196 11.09 12.493 12.619 11.78 11.449 11.167 12.642 10.616 11.926 13.857 8.828
3.092 3.929 4.619 3.54 4.618 5.829 5.633 4.95 5.435 3.793 4.52 4.487 4.377 4.094 4.034 8.452 8.405 6.961 6.728 5.149 9.267 4.557 4.033 5.581 7.946 7.823 5.321 7.778 9.402 10.149 9.669 11.025 10.034 8.667 7.837 7.782 8.975 11.474 12.165 8.196 8.162 7.607 8.766 9.735 10.089 12.412 8.352 7.562 8.851 13.016 11.925 11.734 14.568 7.636 7.883 9.205 9.356 8.708 8.519 8.358 9.705 7.998 9.269 10.995 6.603
3.873 4.753 5.511 4.436 5.575 6.814 6.621 5.927 6.417 4.754 5.572 5.615 5.567 5.327 5.34 10.005 10.039 8.554 8.279 6.596 10.909 6.033 5.493 7.392 10.07 9.995 7.243 10.042 11.875 12.68 12.177 13.603 12.509 11.01 10.115 10.092 11.473 14.194 14.922 10.615 10.542 9.96 11.259 12.305 12.617 14.889 10.535 9.586 10.933 15.074 13.924 13.564 16.046 9.135 9.324 10.633 10.789 10.112 9.863 9.638 10.859 9.206 10.391 11.953 7.683
4.015 5.132 6.062 4.622 6.076 7.724 7.472 6.554 7.21 4.974 5.951 5.908 5.772 5.397 5.322 11.371 11.326 9.395 9.071 6.862 12.526 6.039 5.32 7.423 10.675 10.54 7.122 10.487 12.724 13.782 13.141 15.037 13.618 11.689 10.497 10.381 12.013 15.479 16.462 10.974 10.885 10.079 11.639 12.96 13.445 16.635 11.052 9.937 11.646 17.325 15.856 15.626 19.51 9.993 10.281 12.012 12.22 11.355 11.092 10.857 12.657 10.378 12.087 14.411 8.508
4.435 5.376 6.187 4.878 6.164 7.856 7.964 7.158 7.712 5.465 6.204 6.129 6.014 5.67 5.572 11.297 12.577 11.033 10.563 8.03 13.434 7.117 6.113 7.882 11.091 11.798 8.465 11.72 14.311 16.127 15.76 17.75 16.283 14.012 12.377 11.952 13.462 17.201 18.92 13.249 12.768 11.644 13.038 14.508 15.313 18.874 13.184 11.644 12.986 18.384 17.467 17.185 20.715 11.217 10.899 12.084 12.22 11.469 11.167 10.894 12.44 10.422 11.709 13.736 8.664
3.262 4.165 4.914 3.766 4.919 6.199 5.97 5.226 5.73 4.002 4.802 4.789 4.685 4.394 4.348 9.066 9.017 7.422 7.124 5.442 9.813 4.843 4.316 6.048 8.6 8.437 5.712 8.369 10.109 10.868 10.315 11.712 10.627 9.162 8.303 8.286 9.596 12.262 12.967 8.7 8.671 8.119 9.389 10.425 10.772 13.187 8.838 7.997 9.405 13.809 12.624 12.345 15.235 7.944 8.238 9.678 9.854 9.161 8.954 8.781 10.19 8.393 9.727 11.521 6.89
3.638 4.576 5.376 4.235 5.457 6.776 6.532 5.772 6.296 4.545 5.441 5.494 5.45 5.205 5.233 10.401 10.331 8.608 8.276 6.461 11.201 5.858 5.324 7.41 10.353 10.188 7.14 10.237 12.226 13.032 12.386 13.901 12.629 10.966 10.011 10.009 11.511 14.46 15.164 10.423 10.365 9.755 11.151 12.237 12.509 14.884 10.152 9.162 10.579 14.939 13.583 13.12 15.647 8.455 8.698 10.061 10.201 9.492 9.236 9.003 10.24 8.534 9.761 11.354 7
4.601 6.047 7.215 5.493 7.326 9.264 8.822 7.673 8.477 5.869 7.233 7.273 7.189 6.815 6.848 14.657 14.285 11.584 11.112 8.429 15.668 7.485 6.812 9.883 14.198 13.78 9.235 13.896 16.753 17.834 16.77 19.055 17.032 14.558 13.187 13.204 15.436 19.82 20.732 13.568 13.609 12.719 14.795 16.36 16.712 20.285 13.141 11.83 13.985 20.563 18.336 17.661 21.571 10.767 11.333 13.387 13.574 12.519 12.173 11.852 13.732 11.174 13.069 15.451 8.93
3.198 3.856 4.485 3.503 4.468 5.799 5.864 5.234 5.676 3.958 4.503 4.454 4.355 4.067 3.967 8.449 9.295 8.077 7.755 5.827 10.089 5.162 4.34 5.617 8.17 8.622 6.026 8.428 10.484 11.829 11.527 13.144 12.041 10.292 9.028 8.683 9.828 12.738 14.022 9.631 9.214 8.335 9.369 10.477 11.063 13.801 9.477 8.285 9.278 13.589 12.922 12.804 15.788 8.327 8.05 8.994 9.125 8.515 8.26 8.032 9.246 7.681 8.718 10.406 6.4
4.28 5.439 6.409 4.987 6.486 8.128 7.845 6.917 7.577 5.364 6.432 6.451 6.372 6.043 6.039 12.333 12.251 10.213 9.844 7.576 13.441 6.78 6.107 8.515 12.026 11.856 8.209 11.903 14.285 15.33 14.605 16.544 14.978 12.937 11.723 11.654 13.446 17.081 18.015 12.204 12.126 11.315 12.988 14.334 14.734 17.821 11.977 10.79 12.537 18.115 16.5 16.083 19.566 10.26 10.578 12.271 12.465 11.589 11.287 11.006 12.65 10.466 12.079 14.187 8.543
4.432 5.876 7.045 5.221 7.082 9.136 8.707 7.505 8.342 5.59 6.895 6.857 6.697 6.247 6.19 14.149 13.823 11.067 10.612 7.886 15.294 6.887 6.108 8.912 13.168 12.789 8.288 12.778 15.647 16.829 15.793 18.156 16.206 13.737 12.331 12.297 14.458 18.925 19.965 12.758 12.782 11.845 13.908 15.556 16.056 20.034 12.736 11.431 13.667 20.872 18.64 18.11 22.781 10.994 11.541 13.765 13.964 12.842 12.516 12.229 14.413 11.553 13.659 16.436 9.23
3.395 4.1 4.718 3.711 4.653 5.89 5.961 5.388 5.833 4.151 4.695 4.611 4.476 4.18 4.07 8.082 8.934 7.935 7.682 5.885 9.818 5.223 4.47 5.726 7.918 8.29 5.968 8.25 10.056 11.318 11.172 12.716 11.775 10.206 9.059 8.75 9.81 12.452 13.702 9.69 9.379 8.576 9.572 10.609 11.202 13.899 9.854 8.786 9.873 14.05 13.48 13.469 16.522 9.085 8.897 9.897 9.969 9.335 9.095 8.883 10.155 8.548 9.636 11.324 7.17
4.982 6.165 7.159 5.697 7.192 8.827 8.568 7.639 8.285 6.052 7.096 7.105 6.998 6.641 6.605 12.512 12.544 10.643 10.291 8.121 13.608 7.355 6.649 8.956 12.232 12.11 8.667 12.082 14.311 15.319 14.71 16.509 15.172 13.32 12.2 12.157 13.858 17.251 18.203 12.829 12.761 12.033 13.67 15.014 15.472 18.491 12.998 11.862 13.665 19.184 17.801 17.484 21.063 11.799 12.136 13.967 14.231 13.359 13.078 12.835 14.622 12.356 14.065 16.333 10.348
3.813 4.612 5.383 4.193 5.386 7.051 7.119 6.312 6.839 4.726 5.394 5.352 5.251 4.906 4.789 10.44 11.463 9.838 9.392 6.998 12.282 6.183 5.184 6.741 9.997 10.601 7.319 10.279 12.871 14.528 14.057 16.008 14.585 12.399 10.837 10.424 11.865 15.523 17.091 11.588 11.053 9.971 11.263 12.666 13.394 16.749 11.342 9.859 11.043 16.366 15.505 15.295 18.863 9.762 9.427 10.578 10.796 10.082 9.779 9.506 10.984 9.08 10.334 12.401 7.534
3.941 4.913 5.729 4.567 5.811 7.144 6.909 6.155 6.695 4.902 5.809 5.85 5.806 5.555 5.579 10.692 10.646 8.995 8.695 6.865 11.606 6.244 5.707 7.783 10.687 10.554 7.561 10.643 12.602 13.436 12.856 14.413 13.158 11.518 10.556 10.531 12.035 14.989 15.729 11.006 10.958 10.319 11.717 12.819 13.12 15.558 10.793 9.805 11.258 15.723 14.404 14.008 16.683 9.222 9.495 10.89 11.05 10.324 10.062 9.819 11.126 9.358 10.658 12.325 7.732
