4.223 3.153 9.793 8.682 22.363 21.176 16.81 14.408 14.378 6.071 10.205 17.38 4.312 3.659 3.127 18.261 14.558 12.199 15.034 12.335 21.34 10.285 6.066 7.455 26.91 16.353 14.036 12.728 20.128 25.71 31.378 50.765 19.165 18.216 14.237 10.902 19.72 41.726 37.113 16.625 12.934 7.689 13.644 15.155 24.147 50.027 24.243 21.508 29.57 31.628 39.725 20.401 69.83 29.146 22.636 32.106 24.748 27.291 24.607 25.029 39.881 26.265 16.825 41.257 7.069
3.541 2.693 8.289 7.313 18.104 16.893 13.336 11.425 11.385 4.869 8.199 13.717 3.453 2.984 2.6 14.564 11.489 9.618 11.844 9.796 16.793 8.212 4.931 6.137 21.402 13.042 11.238 10.274 16.159 20.487 24.851 39.759 15.288 14.727 11.703 9.122 16.535 34.137 30.117 13.653 10.803 6.572 11.829 13.285 21.126 42.644 20.732 18.494 25.402 27.057 33.577 17.317 57.375 23.892 18.646 26.413 20.405 22.477 20.273 20.606 32.357 21.261 13.721 33.114 5.765
4.906 3.699 11.5 10.043 25.416 24.284 19.097 16.169 15.97 6.688 11.283 18.907 4.659 4.009 3.478 19.721 15.418 13.007 16.283 13.361 22.908 10.874 6.433 7.973 27.891 16.561 14.262 13.081 20.714 26.096 31.682 51.914 19.296 18.525 14.57 11.221 20.279 41.757 37.042 16.745 13.274 8.032 14.542 16.311 26.037 53.738 26.038 23.421 32.661 34.911 43.655 22.29 77.135 31.841 24.944 35.806 27.625 30.618 27.783 28.524 45.924 30.436 19.681 48.795 8.315
3.975 2.971 9.121 7.966 20.039 19.83 16.314 14.023 13.807 5.733 9.492 15.602 3.825 3.234 2.758 15.257 12.036 10.121 12.824 10.884 18.95 9.171 5.405 6.618 22.829 13.708 11.684 10.679 16.976 21.755 26.577 44.232 17.325 16.624 13.05 9.98 17.781 35.866 31.248 14.199 11.217 6.762 12.12 13.572 21.593 44.304 21.821 19.722 27.707 30.017 37.662 19.219 65.934 27.712 21.577 30.725 23.578 25.788 23.069 23.389 37.323 24.809 15.996 39.467 6.757
4.276 3.219 10.028 8.754 22.287 21.357 16.742 14.131 13.932 5.815 9.813 16.475 4.049 3.482 3.018 17.225 13.502 11.447 14.379 11.778 20.232 9.574 5.653 7.006 24.622 14.616 12.619 11.587 18.379 23.165 28.201 46.388 17.127 16.422 12.886 9.9 17.885 36.91 32.867 14.84 11.751 7.093 12.838 14.378 22.942 47.495 22.983 20.657 28.791 30.709 38.364 19.538 67.791 27.877 21.801 31.266 24.063 26.644 24.16 24.796 39.966 26.454 17.074 42.373 7.186
4.568 3.589 11.09 9.687 22.563 19.613 15.016 12.902 13.061 5.828 10.244 17.318 4.533 4.166 3.847 21.29 16.085 13.147 15.738 12.883 21.41 10.464 6.571 8.6 28.994 17.07 14.773 13.756 21.431 26.099 29.956 43.913 16.536 16.28 13.309 10.796 20.033 39.888 33.714 15.393 12.369 7.586 13.7 15.304 23.83 45.246 21.305 18.998 26.005 27.542 33.911 17.645 57.496 23.855 19.064 27.514 21.674 24.356 22.353 23.065 36.296 24.009 15.844 38.578 6.822
3.381 2.566 7.991 6.995 17.684 16.354 12.634 10.645 10.518 4.439 7.53 12.735 3.172 2.758 2.415 13.88 11.033 9.348 11.614 9.49 16.323 7.757 4.62 5.769 20.463 12.28 10.638 9.74 15.436 19.561 23.797 38.371 14.02 13.472 10.619 8.227 15.003 31.413 27.895 12.497 9.898 6.005 10.909 12.272 19.659 40.349 19.143 17.036 23.449 24.819 30.749 15.656 52.952 21.617 16.876 24.051 18.552 20.546 18.624 19.068 30.364 19.973 12.891 31.498 5.416
4.497 3.442 11.379 9.789 24.66 21.164 15.927 13.539 13.679 5.806 10.464 18.383 4.409 3.946 3.534 23.242 16.873 13.752 16.923 13.647 23.849 11.006 6.648 8.674 33.336 18.482 15.886 14.67 23.883 29.753 34.811 53.113 18.664 18.257 14.565 11.481 22.106 47.163 39.247 17.04 13.547 8.121 14.96 16.742 26.921 53.775 24.144 21.334 29.515 31.162 38.675 19.396 67.225 26.419 20.653 30.053 23.195 26.044 23.664 24.335 39.01 25.139 16.182 40.876 6.754
4.023 3.029 9.47 8.258 21.028 20.106 15.695 13.249 13.1 5.466 9.267 15.61 3.817 3.284 2.849 16.3 12.627 10.635 13.265 10.761 18.378 8.636 5.086 6.304 22.125 13.011 11.198 10.255 16.201 20.265 24.543 40.17 14.681 14.082 11.048 8.488 15.369 31.766 28.317 12.748 10.095 6.09 11.047 12.374 19.763 41.041 19.883 17.928 25.106 26.85 33.73 17.217 60.532 24.937 19.6 28.32 21.866 24.363 22.222 22.939 37.292 24.768 16.028 40.187 6.786
4.496 3.337 10.223 8.981 23.035 23.101 19.042 16.435 16.254 6.754 11.128 18.371 4.503 3.773 3.184 17.617 14.002 11.844 14.901 12.5 21.727 10.561 6.188 7.513 25.973 15.775 13.496 12.27 19.336 24.738 30.513 51.117 19.984 19.033 14.83 11.246 19.895 40.52 35.979 16.329 12.762 7.598 13.442 14.899 23.595 49.121 24.515 22.099 30.944 33.6 42.577 21.9 75.978 32.275 25.108 35.674 27.378 29.965 26.845 27.211 43.583 29.052 18.677 46.148 7.905
4.634 3.507 11.216 9.894 25.703 22.427 16.836 14.165 14.11 5.911 10.264 18.17 4.379 3.831 3.355 21.116 16.698 13.925 17.137 13.743 24.054 11.049 6.544 8.229 31.51 18.365 15.871 14.371 23.206 29.773 35.826 56.257 19.293 18.648 14.61 11.323 21.272 47.228 40.83 17.626 13.848 8.3 15.222 17.2 28 57.825 26.062 23.023 31.574 33.342 41.418 20.769 71.136 28.317 22.082 31.607 24.419 27.267 24.774 25.451 40.819 26.47 16.981 42.055 7.082
3.824 2.807 8.649 7.735 20.35 20.128 16.392 14.169 14.148 5.942 9.812 16.627 4.12 3.415 2.85 16.564 13.473 11.373 14.086 11.635 20.267 9.885 5.761 6.96 25.159 15.626 13.399 12.088 19.061 24.56 30.392 50.19 19.412 18.229 14.062 10.584 18.819 39.798 35.949 16.134 12.352 7.2 12.506 13.699 21.675 45.514 22.544 19.916 27.292 29.301 37.045 19.117 65.649 28.099 21.627 30.347 23.251 25.386 22.701 22.884 36.378 24.046 15.269 37.279 6.388
5.079 3.896 12.101 10.598 26.064 23.442 18.066 15.374 15.368 6.596 11.299 19.136 4.801 4.215 3.726 21.117 16.335 13.466 16.312 13.171 22.257 10.55 6.324 7.937 27.79 16.418 14.058 12.768 20.033 25.046 29.824 46.594 16.942 16.399 13.051 10.24 18.891 39.659 34.646 15.45 12.308 7.543 13.834 15.694 25.258 51.239 24.17 21.627 29.943 31.984 39.992 20.62 70.083 28.993 22.993 33.269 26.097 29.347 26.961 27.931 44.798 29.732 19.44 47.917 8.38
4.349 3.332 10.505 9.144 22.498 19.872 15.271 13.058 13.14 5.638 9.797 16.742 4.143 3.645 3.226 19.06 14.21 11.555 13.943 11.202 18.989 8.914 5.354 6.778 24.372 13.927 11.867 10.792 17.056 21.114 24.722 37.872 13.708 13.324 10.631 8.37 15.668 32.956 28.034 12.425 9.899 6.033 11.06 12.488 20.051 40.303 18.799 16.825 23.369 25.002 31.383 16.141 55.74 22.817 18.133 26.45 20.762 23.468 21.585 22.412 36.154 23.891 15.624 39.106 6.746
4.147 3.159 9.664 8.456 20.451 19.466 16.114 14.112 14.004 5.889 9.732 15.71 3.875 3.306 2.847 15.286 11.938 10 12.453 10.745 19.05 9.617 5.771 7.132 24.104 14.614 12.424 11.285 17.691 22.803 28.122 45.618 18.547 18.061 14.44 11.243 20.171 40.346 34.42 15.478 12.243 7.47 13.455 15.234 24.431 49.719 24.513 21.988 30.539 32.993 41.09 20.997 68.854 28.551 22.192 31.321 24.023 26.189 23.31 23.397 36.438 23.991 15.506 37.552 6.545
4.428 3.286 10.008 8.744 22.025 22.332 18.989 16.56 16.309 6.726 10.983 17.843 4.348 3.622 3.042 16.573 13.166 11.084 14.057 12.14 21.443 10.533 6.172 7.475 25.577 15.511 13.146 11.925 18.895 24.509 30.267 50.813 20.513 19.642 15.358 11.654 20.546 41.117 35.568 16.095 12.613 7.543 13.384 14.937 23.744 48.911 24.329 21.977 31.002 34.022 43.1 22.043 75.443 32.233 25 35.415 27.109 29.437 26.096 26.215 41.651 27.791 17.877 44.055 7.58
5.019 3.797 12.015 10.534 27.353 24.583 18.68 15.687 15.554 6.511 11.185 19.363 4.735 4.125 3.608 21.538 17.268 14.503 17.817 14.323 24.802 11.529 6.816 8.53 31.231 18.649 16.123 14.599 23.238 29.644 36.065 57.541 20.083 19.315 15.115 11.667 21.584 46.832 41.645 18.175 14.29 8.587 15.677 17.642 28.569 59.722 27.57 24.445 33.671 35.655 44.519 22.474 77.581 31.162 24.388 34.966 27.014 30.174 27.472 28.275 45.568 29.811 19.163 47.493 8.026
4.412 3.239 9.943 8.721 22.958 23.483 19.269 16.4 16.008 6.542 10.702 17.72 4.312 3.586 3.004 17.02 13.91 12.074 15.541 13.107 23.034 11.112 6.455 7.793 27.393 16.745 14.45 13.2 20.988 27.08 33.798 57.708 22.22 20.961 16.119 12.055 21.15 43.236 38.819 17.603 13.673 8.051 14.144 15.547 24.524 51.562 25.634 22.988 32.012 34.377 43.131 21.843 75.951 31.689 24.341 34.212 25.87 28.008 24.863 25.039 40.135 26.604 16.943 41.863 7.04
3.771 2.848 8.871 7.742 19.618 18.637 14.525 12.228 12.038 5.039 8.512 14.288 3.53 3.05 2.657 15.193 11.966 10.195 12.829 10.522 18.098 8.58 5.086 6.327 22.278 13.264 11.494 10.581 16.809 21.214 25.849 42.371 15.601 14.979 11.777 9.075 16.435 33.942 30.205 13.633 10.814 6.547 11.879 13.328 21.278 43.833 21.073 18.865 26.149 27.747 34.45 17.515 59.985 24.562 19.167 27.378 21.052 23.266 21.063 21.572 34.549 22.799 14.708 36.205 6.167
4.758 3.603 11.929 10.314 26.454 22.956 17.429 14.828 14.949 6.296 11.262 19.84 4.755 4.202 3.724 24.545 18.072 14.832 18.233 14.711 25.738 11.907 7.131 9.216 35.479 19.928 17.138 15.749 25.547 31.972 37.659 58.028 20.476 19.846 15.694 12.261 23.458 50.395 42.382 18.425 14.471 8.556 15.623 17.432 28.13 57.18 25.786 22.749 31.472 33.303 41.569 20.779 73.264 28.617 22.329 32.436 24.938 27.967 25.348 26.03 42.025 27.041 17.32 44.132 7.186
4.268 3.354 10.591 9.205 21.684 18.538 14.045 12.029 12.197 5.42 9.706 16.654 4.3 3.99 3.712 21.647 16.165 13.253 16.026 13.141 22.209 10.745 6.751 8.96 31.37 18.166 15.786 14.78 23.396 28.64 32.937 48.408 17.852 17.612 14.367 11.634 21.901 44.122 36.868 16.613 13.322 8.109 14.689 16.333 25.442 48.215 22.202 19.641 26.788 28.132 34.375 17.62 57.443 23.23 18.39 26.437 20.611 23.033 20.969 21.483 33.581 21.898 14.325 34.892 6.049
3.543 2.627 8.258 7.205 19.225 18.846 14.654 12.207 11.922 4.872 8.187 13.899 3.36 2.857 2.445 14.411 11.595 10.094 12.841 10.447 18.191 8.5 4.948 6.08 21.884 13.106 11.443 10.49 16.706 21.246 26.373 44.383 15.969 15.138 11.671 8.795 15.756 33.065 30.192 13.518 10.567 6.254 11.193 12.373 19.683 41.886 20.281 18.15 25.227 26.706 33.402 16.788 59.485 24.043 18.597 26.463 20.065 22.078 19.905 20.346 33.095 21.779 13.879 34.731 5.719
4.66 3.498 10.948 9.572 24.801 23.501 18.317 15.471 15.31 6.378 10.8 18.315 4.477 3.841 3.318 19.118 15.049 12.692 15.733 12.751 21.914 10.299 6.053 7.478 26.509 15.772 13.588 12.358 19.502 24.621 30.025 49.109 17.837 17.046 13.311 10.188 18.453 38.767 34.778 15.534 12.215 7.322 13.21 14.755 23.629 49.728 23.931 21.466 29.925 32.008 40.354 20.549 72.488 29.679 23.261 33.479 25.828 28.78 26.205 26.996 43.915 29.068 18.736 46.953 7.907
4.944 3.631 11.407 9.943 26.595 27.19 21.467 17.883 17.412 7.04 11.767 19.859 4.733 3.977 3.367 19.815 15.669 13.629 17.624 14.353 24.915 11.585 6.682 8.146 29.202 17.228 14.976 13.815 22.088 27.883 34.544 59.339 21.55 20.388 15.648 11.695 20.762 42.851 39.125 17.712 13.865 8.166 14.563 16.02 25.317 53.799 26.693 24.234 34.213 36.469 45.834 23.076 83.777 34.228 26.553 38.047 28.71 31.502 28.418 29.13 47.896 31.756 20.261 51.461 8.363
5.774 4.468 13.989 12.167 29.144 25.662 19.697 16.867 17.009 7.397 12.908 21.908 5.503 4.911 4.409 25.529 18.934 15.311 18.382 14.81 24.862 11.776 7.157 9.176 32.301 18.451 15.71 14.373 22.622 27.728 32.091 48.238 17.62 17.232 13.885 11.051 20.738 42.729 36.065 16.063 12.907 7.938 14.588 16.442 26.142 51.304 24.056 21.527 29.821 31.849 39.75 20.599 69.631 28.902 23.039 33.593 26.506 29.978 27.65 28.738 46.018 30.584 20.127 49.886 8.768
4.122 3.172 10.845 9.218 23.205 19.744 14.776 12.567 12.745 5.339 9.863 17.343 4.054 3.701 3.36 22.088 15.881 12.774 15.602 12.538 21.826 9.996 6.054 8.077 30.523 16.845 14.432 13.36 21.667 26.71 30.926 46.691 16.2 15.976 12.777 10.125 19.819 41.806 34.477 14.776 11.71 6.878 12.977 14.5 23.515 47.192 20.73 18.381 25.796 27.306 34.129 16.811 60.627 23.125 18.174 27.005 20.73 23.51 21.367 22.082 36.024 22.911 14.657 38.487 5.935
5.018 3.774 11.762 10.372 26.154 24.274 19.202 16.566 16.688 7.132 12.132 20.674 5.152 4.413 3.809 22.06 17.032 13.978 16.904 13.689 23.267 11.118 6.583 8.15 29.033 17.253 14.688 13.278 20.842 26.16 31.277 49.332 18.53 17.735 13.983 10.825 19.813 41.76 36.691 16.442 12.879 7.715 13.817 15.446 24.706 50.783 24.548 21.917 30.371 32.747 41.509 21.558 74.711 31.584 24.914 35.937 28.143 31.53 28.84 29.732 47.922 31.912 20.7 51.386 8.903
4.353 3.293 10.444 9.178 23.728 21.083 16.064 13.58 13.538 5.68 9.792 17.034 4.139 3.601 3.144 18.983 14.907 12.383 15.155 12.163 21.056 9.754 5.77 7.213 26.723 15.676 13.48 12.186 19.447 24.751 29.816 47.205 16.498 15.902 12.474 9.657 17.963 39.237 34.297 14.96 11.766 7.07 12.914 14.57 23.671 49.438 22.705 20.195 27.922 29.725 37.295 18.842 65.733 26.327 20.693 29.859 23.163 25.987 23.717 24.479 39.625 25.9 16.694 41.748 7.033
4.476 3.395 10.435 9.123 22.413 21.215 17.018 14.664 14.628 6.212 10.456 17.338 4.311 3.709 3.217 17.624 13.523 11.095 13.563 11.18 18.938 9.115 5.421 6.698 22.741 13.476 11.409 10.348 16.153 20.216 24.145 38.633 14.899 14.378 11.421 8.877 16.026 32.506 28.268 12.823 10.196 6.223 11.265 12.71 20.302 41.348 20.291 18.371 25.786 27.999 35.376 18.35 63.065 26.755 21.183 30.632 23.963 26.735 24.386 25.128 40.431 27.084 17.7 43.936 7.663
4.436 3.336 10.24 8.902 22.047 21.506 17.596 15.004 14.637 6.062 10.029 16.366 4.028 3.434 2.955 16.408 13.101 11.11 14.308 12.393 21.784 10.561 6.267 7.734 26.725 16.035 13.693 12.597 20.234 26.146 31.866 52.804 20.73 19.97 15.738 12.099 21.625 43.256 37.152 16.883 13.431 8.171 14.769 16.651 26.559 53.81 26.121 23.484 32.69 34.9 42.901 21.6 71.976 29.635 22.907 32.292 24.583 26.687 23.699 23.868 37.61 24.809 15.976 38.939 6.665
