1.396 5.524 1.805 2.021 6.422 6.746 6.128 5.463 5.866 1.349 4.94 8.992 7.682 3.496 1.922 12.576 14.84 11.862 9.029 7.506 15.511 4.546 3.788 7.63 15.73 12.454 7.638 13.417 15.818 18.75 21.623 28.337 14.495 16.521 13.451 10.892 14.323 18.682 20.108 8.238 16.185 14.663 11.143 14.695 18.503 15.312 7.302 8.599 19.089 11.869 11.18 13.645 21.683 8.89 12.244 9.557 8.04 14.897 10.034 6.628 9.249 9.417 8.14 8.917 7.246
1.514 5.643 1.836 1.939 6.171 6.969 6.59 5.894 6.287 1.439 4.756 9.068 7.981 3.608 1.917 12.22 15.721 12.912 9.798 7.994 16.619 4.756 3.793 7.184 15.917 13.145 7.982 13.847 16.732 20.454 23.817 31.2 15.583 17.396 13.981 11.27 14.849 19.833 21.805 8.828 17.135 15.704 12.012 15.964 20.56 17.141 8.118 9.295 20.927 13.087 12.195 14.859 24.179 9.63 13.05 10.318 8.632 16.284 11.071 7.316 10.106 10.12 8.657 9.494 7.76
1.473 5.37 1.826 1.969 5.918 6.466 6.067 5.47 5.853 1.416 4.662 8.445 7.379 3.448 1.908 11.373 14.042 11.6 8.97 7.468 15.036 4.545 3.737 7.056 14.651 12.055 7.496 12.819 15.281 18.41 21.313 27.686 14.388 16.094 13.099 10.671 13.88 18.134 19.751 8.34 15.887 14.596 11.295 14.839 18.802 15.828 7.771 8.99 19.305 12.322 11.524 13.902 21.891 9.168 12.296 9.813 8.281 15.02 10.398 7.008 9.582 9.584 8.232 8.951 7.368
1.899 6.679 2.353 2.547 7.369 8.188 7.768 7.025 7.483 1.865 5.939 10.576 9.336 4.438 2.505 13.988 17.587 14.605 11.297 9.401 18.457 5.733 4.754 8.768 18.021 15.126 9.511 15.993 19.065 22.951 26.369 33.598 17.593 19.382 15.847 13.008 16.866 22.08 24.157 10.394 19.438 18.052 14.129 18.499 23.406 19.813 9.894 11.404 23.869 15.563 14.508 17.33 26.811 11.502 15.1 12.224 10.393 18.481 13.055 8.905 12.02 11.992 10.323 11.182 9.299
1.428 5.314 1.731 1.829 5.697 6.288 5.938 5.358 5.758 1.332 4.443 8.266 7.244 3.303 1.764 11.14 14.046 11.708 9.035 7.451 15.421 4.487 3.588 6.783 14.486 11.911 7.3 12.653 15.228 18.646 22.008 29.472 15.102 16.927 13.568 10.854 14.086 18.536 20.358 8.363 16.126 14.729 11.273 14.923 19.213 16.216 7.776 8.924 19.843 12.507 11.706 14.242 23.216 9.462 12.782 10.047 8.37 15.567 10.651 7.074 9.743 9.74 8.309 9.037 7.357
1.611 6.479 2.009 2.162 7.389 8.035 7.392 6.533 6.982 1.527 5.489 10.614 9.116 4.012 2.089 14.881 18.166 14.493 10.852 8.845 18.946 5.223 4.178 8.431 18.852 14.992 8.939 15.947 19.104 23.051 26.635 34.911 17.137 19.53 15.732 12.683 16.988 22.673 24.614 9.698 19.479 17.585 13.258 17.736 22.684 18.592 8.599 10.014 23.28 14.132 13.232 16.324 26.641 10.358 14.459 11.275 9.42 18.163 12.019 7.828 11.037 11.156 9.58 10.602 8.582
1.709 7.036 2.251 2.59 8.398 8.537 7.668 6.82 7.339 1.724 6.45 11.508 9.54 4.364 2.476 16.579 18.294 14.156 10.772 9.108 18.894 5.453 4.725 9.754 20.056 15.393 9.419 16.865 19.622 22.851 25.577 32.069 16.175 18.671 15.466 12.86 17.296 22.435 23.684 9.736 19.717 17.716 13.555 18.067 22.393 18.209 8.799 10.676 23.414 14.185 13.345 16.338 25.038 10.121 14.194 11.263 9.618 17.796 11.801 7.896 11.183 11.269 9.743 10.775 8.833
1.403 5.064 1.72 1.848 5.539 6.208 5.891 5.31 5.675 1.361 4.401 8.075 7.095 3.29 1.817 10.682 13.611 11.219 8.633 7.148 14.46 4.296 3.521 6.529 13.899 11.535 7.133 12.196 14.647 17.811 20.623 26.671 13.672 15.166 12.283 9.99 13.018 17.166 18.8 7.853 14.991 13.854 10.754 14.231 18.214 15.346 7.505 8.657 18.732 11.976 11.167 13.447 21.283 8.828 11.723 9.401 7.932 14.448 10.035 6.765 9.229 9.199 7.872 8.555 7.054
1.726 7.042 2.201 2.446 8.078 8.48 7.754 6.912 7.438 1.668 6.162 11.367 9.616 4.311 2.332 16.088 18.745 14.922 11.341 9.411 19.884 5.581 4.628 9.388 19.946 15.635 9.48 16.947 20.019 23.909 27.526 35.945 17.916 20.566 16.64 13.49 17.967 23.592 25.386 10.194 20.558 18.468 14.017 18.754 23.771 19.542 9.218 10.936 24.813 15.041 14.178 17.423 27.941 11.038 15.439 12.033 10.118 19.168 12.686 8.373 11.838 11.924 10.236 11.275 9.14
1.707 6.674 2.173 2.411 7.639 8.046 7.393 6.619 7.111 1.671 5.911 10.718 9.108 4.183 2.32 14.988 17.465 13.978 10.718 8.97 18.501 5.391 4.52 8.958 18.681 14.789 9.09 15.988 18.847 22.406 25.616 32.953 16.766 19.092 15.594 12.772 16.903 22.043 23.667 9.776 19.318 17.494 13.427 17.829 22.437 18.559 8.978 10.623 23.342 14.415 13.542 16.502 25.899 10.536 14.506 11.478 9.714 17.955 12.09 8.091 11.296 11.334 9.749 10.698 8.756
1.331 5.546 1.677 1.836 6.346 6.755 6.184 5.48 5.89 1.269 4.738 9.042 7.655 3.348 1.752 12.82 15.214 12.061 9.062 7.429 16.07 4.348 3.521 7.227 15.977 12.502 7.446 13.47 16.043 19.324 22.359 29.443 14.359 16.486 13.231 10.643 14.293 19.001 20.551 8.033 16.432 14.727 11.084 14.945 19.138 15.656 7.215 8.517 19.951 11.938 11.224 13.892 22.727 8.73 12.3 9.523 7.956 15.443 10.11 6.586 9.386 9.463 8.096 8.957 7.218
1.27 5.042 1.619 1.816 5.708 5.903 5.41 4.869 5.263 1.24 4.46 7.927 6.656 3.058 1.718 11.093 12.651 10.095 7.81 6.604 13.679 3.966 3.369 6.697 13.716 10.746 6.615 11.723 13.759 16.359 18.792 24.385 12.493 14.3 11.682 9.562 12.614 16.334 17.487 7.235 14.402 13.006 9.992 13.336 16.83 13.992 6.813 8.154 17.89 11.021 10.375 12.663 19.914 8.118 11.182 8.848 7.486 13.794 9.287 6.236 8.745 8.73 7.465 8.151 6.655
1.735 6.491 2.307 2.702 7.668 7.734 6.995 6.326 6.808 1.775 6.204 10.371 8.761 4.289 2.609 14.484 16.033 12.789 10.024 8.647 16.878 5.393 4.861 9.47 17.777 13.979 9.016 15.4 17.676 20.392 22.895 28.784 15.258 17.635 14.736 12.331 16.071 20.31 21.395 9.393 18.054 16.354 12.762 16.622 20.295 16.833 8.569 10.354 21.286 13.387 12.773 15.352 22.951 9.847 13.562 10.786 9.313 16.352 11.122 7.667 10.594 10.7 9.328 10.154 8.388
1.461 5.491 1.938 2.247 6.513 6.587 5.934 5.337 5.727 1.473 5.176 8.784 7.425 3.603 2.155 12.359 13.697 10.874 8.474 7.279 14.287 4.543 4.048 7.969 15.203 11.936 7.64 13.096 15.062 17.347 19.412 24.299 12.919 14.951 12.538 10.509 13.755 17.443 18.359 8.029 15.433 13.975 10.868 14.113 17.166 14.183 7.19 8.639 17.783 11.204 10.663 12.825 19.096 8.264 11.385 9.081 7.837 13.765 9.381 6.443 8.882 9 7.867 8.589 7.096
1.439 5.264 1.821 2.016 5.858 6.146 5.697 5.164 5.56 1.394 4.665 8.095 6.925 3.293 1.894 10.923 12.744 10.428 8.192 6.974 13.906 4.3 3.662 6.966 13.796 11.112 6.994 11.975 14.072 16.753 19.309 25.024 13.354 15.082 12.414 10.215 13.213 16.934 18.213 7.876 15.006 13.766 10.75 14.126 17.763 15.075 7.618 8.993 18.862 12.144 11.418 13.735 21.181 9.159 12.223 9.84 8.366 14.783 10.329 7.077 9.657 9.63 8.264 8.909 7.351
1.655 6.091 2.095 2.305 6.918 7.424 6.893 6.198 6.629 1.631 5.447 9.739 8.404 3.955 2.235 13.252 15.834 12.859 9.929 8.331 16.662 5.083 4.27 8.178 16.775 13.606 8.485 14.544 17.19 20.442 23.313 29.671 15.476 17.348 14.257 11.749 15.375 19.978 21.546 9.179 17.572 16.143 12.549 16.491 20.696 17.334 8.602 10.07 21.363 13.63 12.744 15.342 23.64 10.011 13.42 10.793 9.177 16.466 11.408 7.742 10.595 10.608 9.146 9.961 8.24
1.516 6.064 1.971 2.225 7.157 7.429 6.732 5.985 6.415 1.509 5.475 9.911 8.339 3.825 2.141 14.091 16.012 12.563 9.556 8.018 16.561 4.819 4.104 8.327 17.334 13.523 8.287 14.668 17.174 20.146 22.68 28.623 14.476 16.626 13.719 11.358 15.197 19.796 21.042 8.671 17.316 15.627 11.971 15.887 19.77 16.153 7.801 9.332 20.483 12.532 11.783 14.391 22.228 9.018 12.565 9.97 8.49 15.7 10.48 7.007 9.844 9.926 8.588 9.483 7.777
1.415 5.61 1.909 2.274 6.64 6.62 5.948 5.364 5.793 1.447 5.335 8.939 7.442 3.562 2.154 12.58 13.743 10.821 8.431 7.269 14.505 4.441 4.044 8.069 15.285 11.831 7.529 13.119 15.039 17.375 19.538 24.709 12.79 14.953 12.429 10.37 13.665 17.346 18.243 7.79 15.436 13.886 10.762 14.201 17.45 14.375 7.176 8.826 18.604 11.444 10.944 13.264 20.092 8.318 11.68 9.218 7.946 14.26 9.53 6.515 9.168 9.233 7.997 8.729 7.16
1.324 5.871 1.76 2.042 7.074 7.129 6.336 5.585 6.02 1.317 5.287 9.697 7.94 3.499 1.918 14.258 15.609 11.883 8.905 7.45 16.082 4.35 3.741 8.045 17.088 12.835 7.683 14.155 16.475 19.246 21.616 27.441 13.301 15.676 12.857 10.596 14.489 18.994 20.021 7.861 16.571 14.667 11.042 14.929 18.623 14.898 6.931 8.518 19.614 11.445 10.845 13.47 21.156 8.108 11.771 9.152 7.778 14.963 9.597 6.303 9.148 9.261 7.987 8.91 7.204
1.466 5.332 1.927 2.228 6.207 6.32 5.746 5.209 5.581 1.479 5.014 8.403 7.163 3.534 2.15 11.551 13.011 10.489 8.265 7.138 13.808 4.482 4.02 7.702 14.361 11.392 7.382 12.521 14.422 16.705 18.875 23.919 12.88 14.802 12.381 10.322 13.326 16.806 17.722 7.876 14.959 13.605 10.62 13.798 16.908 14.136 7.233 8.688 17.719 11.318 10.775 12.909 19.351 8.417 11.502 9.188 7.893 13.772 9.478 6.551 8.968 9.048 7.875 8.527 7.05
1.479 6.458 1.929 2.165 7.711 8.024 7.174 6.28 6.734 1.423 5.628 10.783 8.991 3.882 2.034 15.633 17.985 13.853 10.255 8.412 18.419 4.916 4.053 8.682 19.188 14.66 8.647 15.852 18.722 22.185 25.257 32.72 15.736 18.393 14.921 12.121 16.537 21.979 23.466 9.044 18.879 16.798 12.548 16.93 21.402 17.197 7.833 9.409 22.271 13.107 12.371 15.399 24.848 9.446 13.615 10.505 8.834 17.264 11.112 7.19 10.374 10.573 9.118 10.168 8.171
1.675 6.371 2.221 2.582 7.544 7.616 6.883 6.202 6.671 1.709 6.044 10.203 8.562 4.132 2.475 14.361 15.776 12.481 9.728 8.368 16.481 5.183 4.622 9.133 17.484 13.69 8.71 15.021 17.309 19.989 22.356 27.877 14.746 16.904 14.148 11.867 15.573 19.783 20.846 9.095 17.59 15.981 12.464 16.296 19.945 16.531 8.391 10.125 20.896 13.167 12.458 14.985 22.304 9.602 13.113 10.526 9.075 15.961 10.92 7.51 10.369 10.445 9.085 9.908 8.21
1.561 6.572 2.037 2.352 7.53 7.6 6.874 6.174 6.698 1.535 5.889 10.314 8.518 3.864 2.188 14.674 16.278 12.775 9.841 8.355 17.53 4.957 4.302 8.81 17.814 13.684 8.381 15.103 17.595 20.78 23.803 30.941 15.607 18.148 14.821 12.132 16.15 20.881 22.216 9.024 18.447 16.509 12.594 16.941 21.342 17.582 8.443 10.316 22.983 13.853 13.117 16.123 25.481 10.124 14.267 11.179 9.471 17.711 11.7 7.81 11.146 11.144 9.508 10.415 8.448
1.502 5.473 1.94 2.179 6.312 6.602 6.072 5.476 5.863 1.499 5.031 8.681 7.435 3.579 2.088 11.867 13.679 11.067 8.627 7.341 14.376 4.55 3.926 7.545 14.809 11.92 7.553 12.838 14.993 17.578 19.874 25.019 13.355 15.046 12.508 10.413 13.556 17.359 18.544 8.118 15.39 14.146 11.079 14.45 17.899 15.04 7.646 9.04 18.629 12.02 11.288 13.516 20.325 8.883 11.87 9.606 8.234 14.41 10.076 6.932 9.437 9.468 8.206 8.9 7.397
1.338 5.736 1.802 2.146 6.799 6.757 6.038 5.403 5.851 1.35 5.33 9.218 7.565 3.459 2.004 13.291 14.422 11.164 8.559 7.291 15.184 4.32 3.861 8.027 15.929 12.095 7.463 13.46 15.52 18.064 20.392 26.022 12.993 15.281 12.561 10.377 13.914 17.918 18.883 7.689 15.858 14.119 10.773 14.456 17.959 14.608 7.018 8.694 19.197 11.447 10.912 13.398 20.779 8.216 11.759 9.175 7.842 14.613 9.543 6.392 9.179 9.241 7.952 8.758 7.115
1.584 5.544 1.762 1.725 5.366 6.483 6.415 5.833 6.229 1.373 4.236 8.289 7.701 3.439 1.715 10.767 15.681 13.851 10.617 8.432 17.547 5.011 3.703 6.553 14.839 13.068 7.915 13.495 16.813 21.539 26.557 37.395 18.969 20.557 16.004 12.35 15.732 21.317 24.43 9.799 18.271 16.851 12.72 16.722 22.243 19.145 8.869 9.632 21.969 14.25 13.201 16.094 27.967 11.292 14.841 11.522 9.353 17.833 12.483 8.089 10.914 10.921 9.257 10.04 8.125
1.59 5.627 1.969 2.134 6.089 6.603 6.23 5.667 6.089 1.522 4.894 8.612 7.503 3.565 2.021 11.297 13.876 11.577 9.099 7.676 15.255 4.717 3.937 7.264 14.628 12.075 7.6 12.866 15.293 18.481 21.531 28.153 14.985 16.74 13.661 11.151 14.314 18.474 20.106 8.685 16.328 15.09 11.812 15.515 19.715 16.867 8.507 9.906 20.782 13.539 12.696 15.215 23.695 10.266 13.532 10.908 9.24 16.304 11.516 7.891 10.678 10.619 9.088 9.762 8.064
1.443 5.507 1.817 1.986 6.213 6.635 6.121 5.482 5.875 1.38 4.801 8.761 7.56 3.48 1.906 12.131 14.542 11.815 9.068 7.544 15.461 4.579 3.776 7.391 15.382 12.37 7.624 13.257 15.712 18.78 21.681 28.294 14.581 16.54 13.471 10.948 14.349 18.721 20.235 8.397 16.303 14.818 11.343 14.929 18.818 15.67 7.569 8.824 19.324 12.107 11.374 13.831 21.902 9.042 12.366 9.751 8.211 15.107 10.267 6.846 9.47 9.546 8.228 9.001 7.355
1.645 6.244 2.14 2.405 7.498 7.941 7.213 6.389 6.798 1.668 5.737 10.406 8.845 4.125 2.348 14.47 16.778 13.138 9.959 8.364 16.829 5.099 4.352 8.641 18.047 14.301 8.801 15.247 17.922 20.897 23.197 28.527 14.747 16.614 13.9 11.655 15.562 20.271 21.526 9.084 17.676 16.234 12.578 16.543 20.47 16.825 8.301 9.836 20.959 13.239 12.311 14.88 22.378 9.447 12.792 10.402 8.908 16.028 11 7.427 10.235 10.32 8.973 9.878 8.21
1.745 7.857 2.368 2.793 9.713 9.605 8.406 7.371 7.943 1.771 7.212 13.101 10.585 4.686 2.621 19.505 20.701 15.412 11.505 9.726 20.935 5.719 5.026 11.006 23.123 17.088 10.213 18.915 21.849 25.11 27.699 34.334 16.735 19.894 16.592 13.883 19.144 24.93 25.913 10.242 21.748 19.229 14.483 19.537 24.021 19.021 8.925 11.137 25.321 14.717 13.915 17.31 26.481 10.254 15.015 11.795 10.098 19.234 12.299 8.1 11.807 11.988 10.392 11.645 9.459
