0.855 0.742 1.121 0.815 0.82 1.895 1.884 1.379 2.205 0.568 0.873 2.509 1.463 0.749 0.748 2.978 4.269 3.71 2.343 2.612 5.397 2.459 2.489 1.878 4.356 3.816 2.147 4.05 4.647 5.176 5.205 10.729 4.48 4.923 6.344 4.859 7.511 11.29 8.021 3.904 3.319 3.021 3.34 5.819 13.384 8.329 3.699 5.6 7.162 5.19 4.695 4.228 9.755 6.182 3.952 4.222 3.05 7.896 6.348 3.414 8.607 6.129 3.039 7.214 3.717
0.753 0.661 0.973 0.728 0.729 1.613 1.643 1.235 1.917 0.539 0.786 2.148 1.331 0.707 0.696 2.573 3.77 3.385 2.201 2.411 4.811 2.335 2.328 1.779 3.912 3.527 2.06 3.703 4.278 4.78 4.835 9.638 4.305 4.618 5.84 4.564 6.84 10.165 7.46 3.762 3.162 2.859 3.111 5.221 11.641 7.611 3.519 5.066 6.389 4.739 4.274 3.848 8.42 5.579 3.633 3.807 2.794 6.764 5.614 3.127 7.344 5.425 2.79 6.164 3.35
0.8 0.695 1.049 0.764 0.773 1.786 1.774 1.303 2.084 0.543 0.861 2.501 1.479 0.769 0.787 3.153 4.519 3.931 2.49 2.801 5.792 2.65 2.706 2.063 4.804 4.213 2.387 4.532 5.199 5.776 5.794 11.818 4.914 5.404 6.946 5.311 8.177 12.161 8.59 4.183 3.57 3.249 3.584 6.18 13.893 8.523 3.754 5.684 7.223 5.205 4.697 4.226 9.651 6.074 3.87 4.135 2.991 7.691 6.129 3.276 8.191 5.794 2.863 6.783 3.482
1.07 0.936 1.403 1.048 1.035 2.421 2.541 1.907 3.054 0.819 1.08 3.063 1.849 0.944 0.85 3.301 5.325 4.877 3.128 3.333 6.942 3.24 3.111 2.252 4.957 4.533 2.559 4.477 5.291 6.078 6.248 13.543 5.927 6.221 7.833 6.064 9.186 14.465 10.653 5.234 4.177 3.62 3.794 6.449 16.471 11.075 5.12 7.092 8.99 6.662 5.911 5.201 11.829 7.947 5.128 5.203 3.704 9.056 7.792 4.349 10.395 7.811 3.978 8.644 4.698
0.885 0.769 1.175 0.863 0.858 2.072 2.147 1.589 2.576 0.66 0.921 2.794 1.661 0.833 0.774 3.277 5.155 4.636 2.911 3.142 6.69 3.038 2.948 2.139 4.978 4.482 2.478 4.545 5.359 6.103 6.201 13.419 5.631 5.921 7.535 5.745 8.858 13.873 9.97 4.738 3.766 3.267 3.486 6.146 15.587 10.035 4.416 6.247 7.996 5.809 5.132 4.51 10.643 6.912 4.343 4.435 3.12 8.105 6.778 3.639 9.055 6.603 3.234 7.395 3.862
1.022 0.895 1.327 0.99 0.985 2.23 2.282 1.714 2.712 0.748 1.027 2.844 1.708 0.895 0.838 3.175 4.826 4.35 2.827 3.071 6.273 2.96 2.912 2.163 4.755 4.287 2.463 4.364 5.089 5.779 5.908 12.36 5.448 5.831 7.372 5.739 8.658 13.23 9.702 4.881 4.028 3.582 3.819 6.425 15.325 10.11 4.757 6.725 8.479 6.298 5.651 5.035 11.186 7.434 4.87 5.031 3.645 8.799 7.408 4.179 9.876 7.329 3.799 8.277 4.506
1.368 1.189 1.771 1.297 1.292 2.916 2.904 2.138 3.368 0.902 1.283 3.519 2.037 1.048 0.998 3.78 5.418 4.717 3.008 3.29 6.663 3.071 3.053 2.275 5.088 4.469 2.534 4.61 5.284 5.915 5.984 12.383 5.321 5.796 7.403 5.721 8.747 13.234 9.561 4.776 4.023 3.628 3.944 6.782 15.935 10.231 4.747 6.983 8.885 6.546 5.935 5.338 12.127 7.867 5.139 5.425 3.936 9.873 8.108 4.512 11.069 8.041 4.121 9.398 4.982
0.745 0.651 0.977 0.729 0.721 1.684 1.773 1.332 2.125 0.571 0.758 2.16 1.312 0.667 0.604 2.369 3.791 3.482 2.229 2.372 4.927 2.314 2.218 1.609 3.565 3.255 1.834 3.234 3.817 4.367 4.476 9.619 4.226 4.418 5.564 4.3 6.513 10.213 7.532 3.681 2.93 2.538 2.67 4.565 11.532 7.763 3.557 4.932 6.26 4.629 4.101 3.608 8.232 5.525 3.544 3.597 2.557 6.314 5.411 2.999 7.191 5.395 2.728 5.971 3.231
1.019 0.896 1.308 0.979 0.982 2.135 2.144 1.616 2.506 0.723 1.043 2.785 1.693 0.916 0.902 3.276 4.704 4.188 2.764 3.061 6.076 2.946 2.969 2.281 4.96 4.429 2.608 4.67 5.364 6.004 6.101 12.161 5.471 5.954 7.53 5.909 8.823 13.006 9.546 4.939 4.235 3.864 4.181 6.896 15.136 9.875 4.731 6.819 8.515 6.346 5.762 5.206 11.176 7.395 4.92 5.183 3.831 9.042 7.462 4.259 9.86 7.261 3.839 8.335 4.568
1.155 1.014 1.474 1.099 1.102 2.355 2.345 1.752 2.679 0.763 1.14 2.971 1.82 0.977 0.983 3.432 4.789 4.218 2.756 3.046 5.924 2.899 2.936 2.284 4.931 4.397 2.603 4.673 5.322 5.882 5.926 11.484 5.18 5.673 7.195 5.662 8.453 12.308 9.04 4.664 4.058 3.761 4.151 6.879 14.634 9.513 4.485 6.64 8.362 6.236 5.703 5.205 11.166 7.382 4.889 5.233 3.909 9.317 7.65 4.315 10.089 7.433 3.891 8.643 4.726
1.239 1.079 1.593 1.177 1.162 2.587 2.618 1.935 2.995 0.806 1.113 2.981 1.768 0.895 0.834 3.04 4.395 3.867 2.446 2.606 5.165 2.431 2.361 1.746 3.813 3.392 1.924 3.418 3.922 4.372 4.409 8.981 3.959 4.228 5.363 4.17 6.309 9.565 7.025 3.489 2.898 2.609 2.848 4.891 11.458 7.587 3.499 5.073 6.488 4.826 4.361 3.924 8.845 5.88 3.82 4.005 2.919 7.255 6.084 3.384 8.178 6.077 3.105 6.99 3.782
1.088 0.954 1.403 1.044 1.051 2.313 2.313 1.735 2.704 0.768 1.148 3.13 1.901 1.027 1.032 3.84 5.482 4.85 3.179 3.549 7.089 3.408 3.46 2.67 5.905 5.247 3.076 5.605 6.425 7.164 7.249 14.403 6.376 6.96 8.824 6.88 10.323 15.151 11.007 5.635 4.843 4.415 4.791 7.96 17.36 11.117 5.225 7.619 9.519 7.026 6.372 5.755 12.479 8.139 5.364 5.676 4.176 10.039 8.178 4.596 10.799 7.851 4.089 9.057 4.878
0.851 0.739 1.117 0.816 0.816 1.897 1.91 1.405 2.243 0.582 0.859 2.486 1.463 0.746 0.726 2.909 4.275 3.762 2.378 2.615 5.422 2.484 2.476 1.848 4.264 3.774 2.12 3.943 4.56 5.112 5.158 10.741 4.528 4.898 6.278 4.816 7.419 11.279 8.076 3.92 3.26 2.926 3.203 5.592 13.206 8.356 3.722 5.493 7.028 5.117 4.6 4.115 9.519 6.11 3.896 4.099 2.946 7.594 6.201 3.35 8.355 6.019 2.988 6.966 3.627
1.308 1.146 1.666 1.241 1.237 2.655 2.647 1.978 3.028 0.862 1.237 3.197 1.924 1.022 0.996 3.48 4.868 4.278 2.79 3.05 5.931 2.874 2.874 2.199 4.723 4.192 2.458 4.373 4.978 5.524 5.582 10.994 4.965 5.411 6.85 5.381 8.044 11.842 8.727 4.509 3.883 3.563 3.894 6.48 14.2 9.334 4.463 6.529 8.218 6.147 5.615 5.105 11.04 7.332 4.881 5.187 3.85 9.193 7.601 4.331 10.15 7.506 3.959 8.73 4.784
0.72 0.629 0.934 0.688 0.694 1.549 1.544 1.146 1.796 0.49 0.757 2.099 1.27 0.673 0.686 2.582 3.674 3.227 2.078 2.322 4.675 2.214 2.253 1.738 3.91 3.464 2.007 3.714 4.253 4.718 4.744 9.445 4.082 4.474 5.713 4.428 6.715 9.886 7.113 3.556 3.058 2.803 3.09 5.223 11.431 7.202 3.269 4.885 6.178 4.522 4.101 3.712 8.219 5.295 3.431 3.663 2.689 6.661 5.384 2.947 7.125 5.137 2.605 5.975 3.161
1.555 1.361 1.966 1.458 1.452 3.049 3.001 2.22 3.354 0.947 1.388 3.475 2.071 1.088 1.073 3.586 4.827 4.143 2.665 2.895 5.486 2.655 2.654 2.04 4.31 3.784 2.212 3.916 4.397 4.806 4.809 9.222 4.175 4.584 5.81 4.573 6.806 9.87 7.263 3.766 3.317 3.104 3.444 5.709 12.087 7.927 3.784 5.672 7.16 5.366 4.942 4.538 9.721 6.455 4.313 4.663 3.504 8.337 6.858 3.904 9.175 6.791 3.589 8.014 4.405
0.932 0.826 1.187 0.905 0.912 1.93 1.96 1.508 2.305 0.706 1.03 2.708 1.727 0.972 0.98 3.441 4.972 4.515 3.051 3.387 6.582 3.325 3.365 2.639 5.592 5.071 3.074 5.406 6.222 6.952 7.072 13.62 6.356 6.857 8.562 6.785 9.901 14.267 10.595 5.611 4.834 4.423 4.748 7.559 15.673 10.348 5.049 7.09 8.695 6.521 5.899 5.328 10.909 7.342 4.931 5.156 3.857 8.665 7.191 4.17 9.167 6.831 3.684 7.663 4.313
0.712 0.626 0.92 0.688 0.697 1.538 1.548 1.17 1.825 0.525 0.799 2.212 1.37 0.751 0.765 2.868 4.125 3.672 2.416 2.7 5.386 2.608 2.652 2.058 4.553 4.066 2.4 4.373 5.024 5.596 5.651 11.119 4.926 5.341 6.731 5.239 7.814 11.385 8.253 4.22 3.605 3.265 3.523 5.8 12.463 7.928 3.698 5.332 6.616 4.866 4.391 3.952 8.494 5.537 3.633 3.822 2.809 6.707 5.453 3.05 7.078 5.137 2.667 5.861 3.159
1.013 0.881 1.336 0.976 0.989 2.326 2.33 1.724 2.781 0.733 1.138 3.425 2.033 1.067 1.075 4.482 6.574 5.753 3.657 4.096 8.56 3.899 3.948 2.982 6.99 6.154 3.48 6.581 7.606 8.512 8.561 17.663 7.327 7.935 10.116 7.698 11.802 17.637 12.421 6.043 5.048 4.497 4.857 8.339 19.114 11.701 5.175 7.573 9.529 6.846 6.118 5.445 12.445 7.839 4.988 5.231 3.744 9.586 7.675 4.122 10.158 7.177 3.558 8.256 4.245
1.02 0.904 1.304 0.991 1.006 2.133 2.153 1.647 2.504 0.766 1.179 3.112 2.015 1.138 1.187 4.119 5.84 5.238 3.498 3.908 7.533 3.812 3.895 3.103 6.623 5.992 3.654 6.505 7.443 8.217 8.271 15.573 7.153 7.74 9.685 7.647 11.199 15.95 11.731 6.158 5.328 4.877 5.295 8.506 17.286 11.142 5.274 7.577 9.363 6.973 6.33 5.752 11.889 7.899 5.241 5.536 4.157 9.545 7.815 4.427 9.889 7.295 3.861 8.262 4.582
0.878 0.778 1.121 0.855 0.852 1.82 1.871 1.436 2.213 0.662 0.909 2.37 1.493 0.819 0.786 2.748 4.149 3.815 2.564 2.802 5.53 2.759 2.741 2.098 4.406 4.035 2.409 4.152 4.832 5.474 5.625 11.268 5.26 5.65 7.078 5.624 8.255 12.239 9.167 4.813 4.085 3.724 3.991 6.409 14.005 9.475 4.653 6.478 8.006 6.044 5.454 4.902 10.138 6.918 4.65 4.823 3.591 8.034 6.811 3.977 8.783 6.646 3.589 7.395 4.206
0.839 0.731 1.11 0.818 0.818 1.949 2.002 1.49 2.412 0.633 0.902 2.726 1.628 0.839 0.796 3.342 5.182 4.645 2.955 3.227 6.818 3.117 3.067 2.256 5.216 4.682 2.627 4.819 5.66 6.433 6.536 13.92 5.871 6.221 7.886 6.026 9.216 14.191 10.163 4.914 3.966 3.463 3.683 6.36 15.565 9.908 4.428 6.254 7.906 5.74 5.083 4.475 10.321 6.672 4.239 4.344 3.078 7.813 6.472 3.514 8.58 6.216 3.091 6.969 3.655
0.885 0.779 1.134 0.853 0.851 1.838 1.871 1.413 2.166 0.624 0.883 2.313 1.433 0.764 0.741 2.608 3.771 3.392 2.225 2.418 4.726 2.329 2.31 1.765 3.78 3.411 2.011 3.544 4.076 4.55 4.614 9.106 4.17 4.479 5.644 4.447 6.613 9.797 7.288 3.748 3.171 2.881 3.129 5.195 11.49 7.681 3.652 5.234 6.587 4.944 4.485 4.056 8.736 5.881 3.892 4.084 3.023 7.16 6.004 3.416 7.895 5.911 3.106 6.739 3.733
2.098 1.839 2.633 1.965 1.949 4.029 3.973 2.95 4.408 1.27 1.806 4.402 2.628 1.382 1.333 4.3 5.725 4.891 3.141 3.353 6.208 3.021 2.972 2.264 4.653 4.07 2.379 4.105 4.573 4.967 4.948 9.364 4.301 4.674 5.873 4.633 6.82 9.846 7.293 3.817 3.343 3.12 3.446 5.667 11.965 7.966 3.867 5.714 7.19 5.431 5.003 4.595 9.723 6.536 4.403 4.735 3.572 8.359 6.942 4.006 9.257 6.924 3.71 8.125 4.535
1.506 1.32 1.909 1.454 1.42 3.104 3.323 2.543 3.908 1.128 1.423 3.562 2.217 1.136 0.999 3.315 5.186 4.84 3.151 3.263 6.349 3.137 2.938 2.129 4.31 3.949 2.272 3.764 4.369 4.953 5.09 10.607 5.016 5.215 6.478 5.1 7.499 11.64 8.936 4.547 3.666 3.2 3.33 5.422 13.153 9.485 4.584 6.282 7.909 6 5.356 4.75 10.257 7.212 4.763 4.84 3.513 8.084 7.119 4.106 9.364 7.324 3.868 8.061 4.587
0.721 0.628 0.948 0.697 0.699 1.633 1.652 1.227 1.974 0.525 0.764 2.25 1.333 0.695 0.673 2.752 4.128 3.662 2.347 2.593 5.413 2.486 2.481 1.851 4.254 3.783 2.143 3.952 4.598 5.195 5.27 11.046 4.678 5.033 6.401 4.91 7.503 11.392 8.15 4.004 3.306 2.931 3.144 5.393 12.788 8.08 3.664 5.265 6.643 4.835 4.32 3.836 8.739 5.619 3.612 3.75 2.684 6.755 5.533 3.031 7.381 5.316 2.678 6.056 3.178
0.799 0.698 1.063 0.796 0.784 1.913 2.083 1.569 2.542 0.666 0.866 2.62 1.627 0.81 0.719 3.01 5.163 4.841 3.055 3.203 6.83 3.185 2.985 2.119 4.775 4.433 2.453 4.325 5.191 6.004 6.171 13.641 5.932 6.034 7.544 5.766 8.743 14.021 10.326 4.886 3.742 3.144 3.243 5.596 14.867 10.094 4.469 6.019 7.619 5.571 4.844 4.188 9.755 6.574 4.113 4.079 2.835 7.121 6.19 3.356 8.101 6.106 3 6.55 3.511
0.898 0.794 1.153 0.878 0.883 1.91 1.97 1.514 2.323 0.697 1.012 2.717 1.754 0.968 0.965 3.453 5.107 4.674 3.114 3.416 6.686 3.366 3.36 2.606 5.571 5.087 3.051 5.373 6.218 6.951 7.052 13.703 6.339 6.742 8.407 6.621 9.71 14.173 10.529 5.45 4.584 4.123 4.412 7.144 15.291 10.144 4.812 6.73 8.325 6.214 5.584 5.015 10.515 7.085 4.675 4.849 3.586 8.272 6.912 3.929 8.791 6.57 3.461 7.311 4.074
0.942 0.824 1.247 0.934 0.923 2.224 2.377 1.786 2.905 0.766 1.007 3.035 1.868 0.954 0.857 3.539 6.058 5.613 3.579 3.799 8.101 3.749 3.574 2.563 5.727 5.314 2.98 5.223 6.262 7.269 7.494 16.512 7.123 7.359 9.19 7.053 10.652 16.909 12.338 5.946 4.646 3.953 4.079 6.897 17.968 11.963 5.405 7.303 9.148 6.697 5.852 5.076 11.57 7.744 4.922 4.912 3.444 8.417 7.276 4.01 9.53 7.128 3.569 7.675 4.138
0.981 0.871 1.227 0.937 0.94 1.88 1.875 1.43 2.11 0.664 0.972 2.333 1.492 0.84 0.855 2.675 3.637 3.233 2.185 2.409 4.444 2.318 2.356 1.888 3.833 3.465 2.147 3.698 4.184 4.59 4.634 8.497 4.106 4.49 5.62 4.527 6.554 9.259 6.993 3.814 3.395 3.192 3.511 5.569 11.041 7.437 3.715 5.39 6.683 5.107 4.718 4.358 8.762 6 4.109 4.408 3.389 7.508 6.265 3.693 8.076 6.117 3.37 7.052 4.059
