1.212 1.207 1.914 1.324 1.666 2.115 2.791 2.223 2.973 1.395 1.988 4.262 3.111 1.933 2.02 3.51 5.402 5.423 4.85 4.594 7.602 3.839 3.718 4.341 6.588 7.489 5.422 6.758 8.47 10.613 12.156 24.429 13 13.562 13.73 13.417 18.243 31.756 22.891 14.981 15.327 11.979 14.907 19.449 26.466 22.402 14.277 17.738 23.976 24.144 22.907 20.071 31.782 21.636 18.832 18.321 16.743 25.134 21.656 18.043 19.64 14.93 12.835 16.824 12.036
1.377 1.384 2.223 1.515 1.92 2.429 3.184 2.509 3.361 1.557 2.27 4.869 3.478 2.137 2.265 3.99 6.065 5.986 5.307 5.035 8.412 4.171 4.094 4.835 7.375 8.284 5.931 7.489 9.391 11.704 13.316 26.705 13.952 14.615 14.875 14.552 19.892 34.554 24.592 15.961 16.542 12.92 16.242 21.217 28.769 24.109 15.258 19.257 26.145 26.162 24.731 21.653 34.611 23.336 20.321 19.886 18.208 27.589 23.564 19.55 21.414 16.23 14.01 18.585 13.159
1.214 1.179 1.807 1.288 1.58 2.006 2.688 2.209 2.908 1.409 1.907 3.998 3.122 1.96 1.994 3.339 5.223 5.487 5.002 4.727 7.643 4.045 3.809 4.328 6.406 7.428 5.521 6.725 8.383 10.589 12.345 24.954 14.194 14.5 14.492 14.075 18.822 32.934 24.908 16.387 16.24 12.654 15.34 19.826 27.172 23.681 15.244 18.308 24.411 24.962 23.836 20.87 32.282 22.661 19.524 18.688 16.958 24.834 21.895 18.313 19.622 14.998 12.738 16.231 11.802
1.012 0.986 1.587 1.087 1.372 1.769 2.393 1.892 2.554 1.156 1.613 3.616 2.637 1.596 1.613 2.833 4.549 4.633 4.123 3.851 6.48 3.19 2.994 3.44 5.321 6.18 4.422 5.458 6.902 8.809 10.231 21.573 11.214 11.569 11.566 11.209 15.423 28.024 19.979 12.816 12.819 9.778 12.116 16.117 22.644 19.178 11.951 14.708 20.236 20.576 19.547 16.979 27.54 18.428 15.872 15.261 13.798 21.161 18.232 15.076 16.379 12.246 10.337 13.611 9.616
1.074 1.073 1.728 1.188 1.503 1.904 2.509 2.003 2.677 1.247 1.814 3.866 2.816 1.723 1.82 3.197 4.849 4.821 4.273 4.041 6.722 3.372 3.297 3.898 5.916 6.646 4.782 6.025 7.539 9.378 10.681 21.32 11.328 11.759 11.915 11.624 15.841 27.538 19.867 12.858 13.161 10.213 12.794 16.704 22.709 19.178 12.099 15.167 20.595 20.713 19.636 17.163 27.368 18.567 16.091 15.648 14.292 21.634 18.57 15.386 16.789 12.714 10.929 14.483 10.26
0.929 0.912 1.441 1.012 1.273 1.631 2.189 1.78 2.392 1.137 1.607 3.481 2.629 1.636 1.692 2.932 4.575 4.687 4.214 3.976 6.546 3.36 3.209 3.718 5.622 6.45 4.709 5.825 7.302 9.187 10.595 21.384 11.658 11.963 11.993 11.646 15.723 27.483 20.16 13.112 13.13 10.163 12.469 16.194 22.098 18.867 11.965 14.584 19.598 19.823 18.798 16.38 25.686 17.618 15.168 14.567 13.208 19.655 17.04 14.134 15.211 11.518 9.797 12.709 9.11
1.23 1.255 1.999 1.389 1.73 2.136 2.719 2.17 2.808 1.346 1.975 3.938 2.893 1.772 1.924 3.302 4.754 4.618 4.046 3.844 6.234 3.238 3.264 3.931 5.798 6.356 4.624 5.851 7.222 8.763 9.794 18.333 10.036 10.418 10.704 10.552 14.219 23.673 17.369 11.351 11.864 9.46 11.999 15.484 20.479 17.31 11.069 14.101 19.013 19.063 18.053 15.898 24.878 17.254 15.085 14.895 13.848 20.712 17.893 14.896 16.354 12.644 11.116 14.817 10.658
1.207 1.189 1.756 1.274 1.526 1.886 2.459 2.042 2.598 1.315 1.754 3.409 2.762 1.788 1.855 3.004 4.535 4.829 4.476 4.291 6.733 3.726 3.578 4.075 5.827 6.703 5.125 6.234 7.665 9.555 11.122 21.5 12.837 13.22 13.33 13.071 17.222 28.98 22.535 15.177 15.246 12.259 14.943 19.064 25.47 22.417 14.836 17.792 23.198 23.646 22.581 19.934 29.713 21.479 18.691 18.06 16.618 23.615 21.058 17.843 19.095 14.936 12.92 16.226 12.095
0.896 0.909 1.462 1.012 1.287 1.626 2.122 1.701 2.279 1.086 1.624 3.428 2.498 1.55 1.683 2.963 4.417 4.344 3.848 3.671 6.077 3.082 3.082 3.691 5.564 6.183 4.464 5.674 7.081 8.723 9.843 19.105 10.184 10.609 10.839 10.629 14.395 24.386 17.536 11.404 11.859 9.344 11.736 15.142 20.141 16.86 10.71 13.51 18.157 18.076 17.018 14.893 23.388 15.933 13.848 13.56 12.458 18.627 15.918 13.174 14.36 10.956 9.518 12.599 8.973
1.008 0.998 1.487 1.083 1.311 1.634 2.132 1.768 2.283 1.162 1.581 3.161 2.526 1.646 1.727 2.847 4.317 4.525 4.168 3.999 6.306 3.474 3.362 3.87 5.612 6.441 4.891 5.965 7.366 9.165 10.571 20.167 11.817 12.193 12.333 12.117 15.968 26.561 20.308 13.699 13.84 11.167 13.638 17.338 22.89 19.893 13.146 15.787 20.552 20.771 19.716 17.371 25.797 18.507 16.11 15.59 14.351 20.361 18.015 15.212 16.245 12.693 11.001 13.855 10.332
1.059 1.08 1.697 1.241 1.556 1.927 2.472 2.073 2.718 1.419 2.078 4.085 3.18 2.057 2.247 3.783 5.432 5.381 4.802 4.611 7.3 4.033 4.092 4.915 7.125 7.852 5.929 7.421 9.085 10.948 12.22 21.984 12.522 12.93 13.213 13.008 17.153 27.605 20.612 13.829 14.226 11.386 14.092 17.802 22.998 19.543 12.768 15.809 20.767 20.718 19.594 17.268 25.995 18.31 16.017 15.638 14.498 20.973 18.159 15.153 16.343 12.769 11.25 14.636 10.739
0.994 0.961 1.403 0.996 1.182 1.472 1.987 1.71 2.201 1.089 1.403 2.666 2.213 1.439 1.457 2.291 3.432 3.861 3.736 3.604 5.657 3.103 2.887 3.185 4.394 5.005 3.87 4.731 5.833 7.311 8.77 18.256 11.597 11.913 11.747 11.174 14.544 25.451 21.025 14.021 13.61 10.472 12.283 15.495 21.395 19.7 13.004 15.353 19.841 20.469 19.932 17.584 26.533 19.332 16.63 15.699 14.069 19.954 18.016 15.32 16.355 12.556 10.57 13.041 9.481
1.237 1.196 1.751 1.255 1.491 1.861 2.511 2.155 2.78 1.392 1.804 3.478 2.903 1.883 1.91 3.029 4.602 5.136 4.919 4.74 7.454 4.122 3.843 4.249 5.919 6.797 5.241 6.363 7.84 9.859 11.768 24.136 15.199 15.548 15.409 14.764 19.23 33.371 27.172 18.143 17.68 13.709 16.154 20.38 27.89 25.36 16.714 19.705 25.514 26.236 25.342 22.311 33.54 24.377 20.934 19.807 17.811 25.208 22.665 19.188 20.428 15.723 13.265 16.369 11.954
1.098 1.098 1.653 1.204 1.473 1.83 2.357 1.951 2.537 1.3 1.821 3.635 2.831 1.854 1.978 3.299 4.89 4.993 4.562 4.391 6.942 3.818 3.762 4.406 6.421 7.244 5.469 6.736 8.316 10.229 11.634 21.691 12.603 13.059 13.308 13.125 17.292 28.269 21.447 14.547 14.881 12.071 14.794 18.703 24.373 21.042 13.972 16.932 22.038 22.142 20.999 18.563 27.546 19.74 17.265 16.806 15.53 22.041 19.385 16.364 17.518 13.74 12.002 15.22 11.349
1.386 1.396 2.096 1.531 1.853 2.246 2.811 2.32 2.934 1.531 2.131 4 3.088 2.013 2.155 3.503 4.948 4.918 4.431 4.258 6.602 3.716 3.722 4.395 6.272 6.917 5.26 6.489 7.908 9.526 10.667 19.067 11.278 11.694 12.016 11.913 15.607 24.964 19.161 13.178 13.624 11.157 13.722 17.28 22.339 19.415 13.084 16.056 20.969 21.164 20.241 18.095 26.898 19.553 17.303 17.029 15.919 22.658 20.033 17.046 18.425 14.662 12.995 16.624 12.483
1.846 1.825 2.805 1.945 2.363 2.899 3.701 2.92 3.722 1.755 2.375 4.687 3.4 2.089 2.133 3.521 5.186 5.144 4.57 4.295 6.891 3.553 3.41 3.921 5.769 6.471 4.717 5.794 7.155 8.852 10.087 19.838 10.917 11.379 11.547 11.319 15.262 26.285 19.444 12.936 13.25 10.486 13.025 16.939 23.038 19.878 12.93 16.059 21.669 22.062 21.172 18.767 29.543 20.63 18.133 17.757 16.377 24.405 21.372 18.051 19.752 15.266 13.245 17.272 12.549
1.383 1.407 2.235 1.544 1.92 2.371 3.018 2.392 3.098 1.475 2.165 4.352 3.166 1.934 2.098 3.618 5.233 5.077 4.445 4.222 6.883 3.541 3.563 4.285 6.353 6.97 5.038 6.391 7.914 9.634 10.781 20.386 11.074 11.498 11.817 11.649 15.732 26.314 19.213 12.516 13.109 10.46 13.254 17.103 22.645 19.087 12.188 15.522 20.933 20.952 19.802 17.42 27.297 18.88 16.491 16.284 15.118 22.61 19.495 16.211 17.781 13.722 12.046 16.035 11.509
1.398 1.388 2.155 1.522 1.88 2.342 3.042 2.471 3.229 1.572 2.209 4.483 3.375 2.119 2.223 3.76 5.601 5.642 5.067 4.815 7.777 4.101 3.999 4.678 6.916 7.774 5.736 7.119 8.824 10.902 12.423 24.042 13.492 13.957 14.159 13.869 18.575 31.512 23.544 15.628 15.908 12.563 15.503 19.945 26.75 23.037 14.944 18.406 24.578 24.882 23.744 20.938 32.437 22.735 19.82 19.265 17.688 26.03 22.726 19.057 20.643 15.923 13.771 17.856 12.965
1.277 1.307 2.03 1.505 1.878 2.314 2.948 2.495 3.251 1.745 2.552 4.935 3.892 2.556 2.81 4.683 6.656 6.591 5.9 5.689 8.9 5.03 5.134 6.175 8.868 9.742 7.429 9.273 11.315 13.559 15.078 26.514 15.392 15.863 16.263 16.059 20.994 33.143 24.972 16.931 17.467 14.142 17.405 21.783 27.764 23.635 15.624 19.243 25.037 24.918 23.533 20.8 30.78 21.948 19.247 18.829 17.525 24.985 21.706 18.163 19.514 15.389 13.637 17.604 13.057
0.888 0.846 1.313 0.931 1.15 1.492 2.061 1.687 2.247 1.053 1.405 3.086 2.428 1.486 1.47 2.478 4.058 4.346 3.939 3.667 6.012 3.103 2.844 3.173 4.771 5.67 4.174 5.046 6.333 8.152 9.648 20.439 11.344 11.422 11.243 10.815 14.614 26.697 19.967 12.814 12.414 9.431 11.368 14.942 21.156 18.445 11.577 13.752 18.603 19.227 18.354 15.905 25.127 17.364 14.764 13.952 12.518 18.695 16.523 13.693 14.616 10.982 9.156 11.7 8.41
1.245 1.216 1.797 1.291 1.537 1.889 2.462 2.026 2.552 1.258 1.641 3.128 2.497 1.579 1.598 2.536 3.803 4.058 3.742 3.552 5.569 3.047 2.882 3.233 4.583 5.274 4.012 4.855 5.954 7.445 8.733 17.344 10.405 10.685 10.711 10.458 13.853 23.948 18.856 12.617 12.571 9.981 12.117 15.585 21.339 19.084 12.585 15.123 19.961 20.664 19.959 17.683 26.904 19.521 16.992 16.388 15.044 21.69 19.525 16.595 17.863 13.931 11.991 15.123 11.207
1.333 1.324 2.061 1.478 1.841 2.316 3.041 2.518 3.331 1.658 2.361 4.849 3.735 2.375 2.51 4.267 6.393 6.494 5.858 5.583 8.991 4.808 4.699 5.512 8.139 9.17 6.816 8.454 10.48 12.938 14.742 28.249 16.03 16.477 16.664 16.286 21.668 36.405 27.328 18.13 18.326 14.447 17.684 22.573 30.002 25.793 16.714 20.381 26.977 27.203 25.843 22.699 34.708 24.38 21.14 20.421 18.678 27.195 23.709 19.794 21.262 16.382 14.128 18.193 13.238
1.049 1.041 1.526 1.13 1.352 1.619 2.101 1.798 2.321 1.237 1.686 3.213 2.617 1.823 1.884 3.099 4.594 4.725 4.29 4.03 6.412 3.786 3.667 4.204 6.056 7.007 5.198 6.512 8.058 9.811 11.078 19.888 12.351 12.675 12.774 12.627 16.408 27.192 21.548 14.819 15.026 12.467 15.209 18.917 24.2 21.229 14.335 17.396 22.43 23.111 22.101 19.603 28.291 20.841 18.132 17.423 15.96 21.724 19.033 16.006 16.931 13.356 11.611 14.287 10.576
0.957 0.948 1.522 1.078 1.373 1.762 2.364 1.948 2.636 1.271 1.851 3.989 3.032 1.885 1.985 3.476 5.331 5.4 4.819 4.552 7.49 3.863 3.747 4.414 6.663 7.548 5.509 6.882 8.603 10.709 12.233 24.131 13.181 13.457 13.505 13.102 17.634 30.354 22.27 14.402 14.436 11.137 13.695 17.683 23.839 20.231 12.756 15.609 20.915 21.036 19.873 17.269 26.947 18.468 15.843 15.197 13.779 20.483 17.665 14.562 15.638 11.836 10.097 13.189 9.42
1.042 1.01 1.468 1.047 1.223 1.501 1.995 1.727 2.222 1.123 1.431 2.651 2.171 1.416 1.438 2.249 3.316 3.671 3.588 3.522 5.537 3.103 2.882 3.17 4.337 4.866 3.744 4.541 5.609 7.022 8.381 17.277 11.411 11.857 11.89 11.364 14.625 25.114 21.078 14.383 14.098 10.936 12.735 15.839 21.519 19.941 13.426 15.926 20.579 21.114 20.57 18.326 27.54 20.272 17.525 16.641 14.934 20.905 18.831 16.062 17.207 13.336 11.258 13.803 10.061
0.986 0.967 1.528 1.06 1.324 1.685 2.247 1.799 2.395 1.116 1.553 3.344 2.478 1.524 1.558 2.689 4.203 4.284 3.838 3.61 5.971 3.024 2.873 3.311 5.023 5.774 4.188 5.171 6.489 8.193 9.47 19.393 10.435 10.773 10.819 10.523 14.315 25.379 18.503 12.038 12.101 9.358 11.553 15.157 20.945 17.914 11.358 13.949 18.941 19.258 18.348 16.038 25.519 17.434 15.081 14.548 13.223 19.912 17.285 14.389 15.602 11.813 10.057 13.123 9.383
1.116 1.111 1.613 1.174 1.372 1.649 2.099 1.792 2.27 1.199 1.58 2.888 2.355 1.585 1.686 2.707 3.951 4.239 4.097 4.085 6.396 3.701 3.581 4.082 5.66 6.307 4.888 5.954 7.33 9.033 10.487 19.873 12.856 13.463 13.83 13.6 17.532 28.348 22.85 15.837 16.052 13.075 15.758 19.706 25.732 22.942 15.587 18.656 23.827 23.868 22.681 20.105 29.116 21.296 18.575 17.956 16.508 22.81 20.258 17.257 18.453 14.604 12.703 15.704 11.736
1.19 1.157 1.724 1.236 1.482 1.839 2.424 1.989 2.528 1.232 1.611 3.154 2.515 1.577 1.587 2.544 3.892 4.16 3.817 3.606 5.701 3.083 2.9 3.245 4.654 5.405 4.085 4.94 6.08 7.657 9.004 18.118 10.67 10.92 10.908 10.632 14.153 24.785 19.283 12.799 12.689 9.997 12.136 15.694 21.673 19.29 12.594 15.11 20.067 20.811 20.064 17.705 27.173 19.539 16.942 16.286 14.899 21.654 19.452 16.458 17.696 13.71 11.736 14.843 10.943
1.035 0.997 1.497 1.079 1.318 1.689 2.321 1.939 2.54 1.24 1.651 3.441 2.848 1.797 1.815 2.975 4.752 5.212 4.806 4.526 7.218 3.868 3.61 4.021 5.843 6.912 5.23 6.332 7.839 9.99 11.845 24.247 14.069 14.204 13.984 13.483 17.903 31.62 24.281 15.795 15.376 11.899 14.294 18.42 25.455 22.369 14.286 16.844 22.176 22.824 21.73 18.872 28.781 20.35 17.346 16.414 14.811 21.463 19.135 15.969 16.936 12.889 10.851 13.623 9.948
0.874 0.895 1.431 1.023 1.301 1.636 2.119 1.744 2.327 1.167 1.77 3.636 2.745 1.738 1.925 3.349 4.885 4.797 4.249 4.073 6.608 3.498 3.557 4.31 6.381 7.028 5.166 6.559 8.123 9.867 11.024 20.392 11.222 11.588 11.874 11.684 15.582 25.463 18.607 12.215 12.695 10.143 12.657 16.065 20.824 17.439 11.189 13.996 18.52 18.347 17.199 15.056 22.955 15.909 13.825 13.532 12.501 18.281 15.679 12.966 14.004 10.821 9.491 12.465 9.017
