1.748 1.806 2.351 1.515 2.59 3.8 4.597 3.967 4.531 0.976 2.254 5.753 3.659 1.661 0.977 3.734 6.482 6.072 2.985 3.001 8.377 1.548 1.371 1.112 6.501 3.34 2.543 2.889 3.708 3.802 9.06 18.762 8.356 10.524 9.225 7.278 9.889 15.845 12.875 6.476 7.509 5.475 8.885 10.267 15.91 11.641 5.27 6.543 15.582 8.129 10.556 10.713 15.796 7.17 9.076 9.484 9.62 17.593 9.41 7.171 8.874 6.011 7.153 6.258 4.217
2.002 2.126 2.676 1.78 2.87 3.969 4.772 4.229 4.741 1.149 2.647 5.705 3.991 1.921 1.23 4.101 6.449 6.38 3.302 3.37 8.161 1.829 1.73 1.517 6.542 3.765 2.956 3.389 4.179 4.239 9.093 18.438 9.191 11.08 9.844 7.878 10.301 15.947 13.706 7.124 8.089 6.104 9.372 10.825 16.177 12.527 5.884 7.265 15.307 9.027 11.145 11.319 15.998 7.913 9.653 10.045 10.2 17.379 10.217 7.812 9.403 6.649 7.752 6.87 4.831
1.957 2.062 2.663 1.74 2.909 4.14 4.932 4.274 4.848 1.093 2.548 6.092 3.946 1.838 1.127 4.102 6.774 6.347 3.187 3.248 8.589 1.686 1.548 1.302 6.809 3.575 2.756 3.152 3.992 4.065 9.215 18.428 8.51 10.642 9.397 7.486 10.059 15.789 13.011 6.67 7.761 5.76 9.165 10.515 15.943 11.861 5.493 6.877 15.648 8.444 10.834 11.003 15.934 7.459 9.407 9.838 9.975 17.699 9.759 7.52 9.274 6.4 7.588 6.682 4.587
2.259 2.458 3.237 2.087 3.54 4.901 5.666 4.851 5.528 1.257 3.025 7.206 4.428 2.073 1.295 4.981 7.621 6.885 3.454 3.63 9.629 1.815 1.691 1.458 8.059 3.8 2.949 3.457 4.4 4.4 9.815 18.618 8.531 10.622 9.44 7.587 10.321 15.934 13.005 6.66 8.022 5.969 9.611 10.749 16.044 11.855 5.544 7.217 16.319 8.577 11.092 11.254 16.23 7.589 9.829 10.259 10.365 18.292 10.025 7.815 9.878 6.789 8.188 7.183 4.954
1.952 2.092 2.705 1.782 2.943 4.07 4.795 4.206 4.766 1.141 2.663 6.07 3.99 1.911 1.211 4.409 6.809 6.485 3.357 3.473 8.86 1.873 1.734 1.512 7.584 3.934 3.062 3.576 4.535 4.599 10.062 19.637 9.748 11.751 10.437 8.351 11.083 17.042 14.4 7.441 8.617 6.472 10.113 11.432 16.981 12.957 6.071 7.619 16.486 9.222 11.55 11.707 16.603 8.065 10.004 10.389 10.472 17.99 10.309 7.882 9.637 6.714 7.905 6.965 4.851
1.845 1.866 2.273 1.468 2.356 3.381 4.288 3.907 4.424 1.033 2.28 5.026 3.647 1.724 1.047 3.437 5.733 6.095 3.137 3.092 7.61 1.698 1.521 1.262 5.499 3.292 2.582 2.913 3.563 3.623 8.222 18.81 9.697 11.386 9.96 7.818 10.124 16.181 14.274 7.228 7.904 5.753 8.752 10.325 16.19 12.79 5.815 6.886 14.711 8.869 10.904 11.041 15.981 7.85 9.341 9.575 9.732 17.201 10.216 7.585 8.899 6.148 7.06 6.18 4.245
2.106 2.308 3.003 1.979 3.256 4.387 5.045 4.388 4.956 1.206 2.879 6.368 4.104 1.981 1.286 4.675 6.832 6.329 3.285 3.451 8.628 1.825 1.731 1.544 7.532 3.758 2.927 3.443 4.331 4.332 9.168 17.096 8.493 10.285 9.223 7.453 9.935 15.095 12.738 6.653 7.855 5.966 9.333 10.431 15.273 11.682 5.562 7.148 15.304 8.549 10.75 10.932 15.43 7.573 9.529 9.946 10.043 17.097 9.865 7.656 9.503 6.687 7.948 7.031 4.945
1.686 1.742 2.191 1.442 2.393 3.464 4.291 3.785 4.263 0.968 2.218 5.122 3.592 1.668 1.018 3.515 6.086 6.059 3.039 3.04 7.811 1.642 1.506 1.258 5.982 3.522 2.729 3.079 3.842 3.962 9.069 19.346 9.12 11.107 9.749 7.683 10.123 16.105 13.554 6.869 7.701 5.697 8.914 10.479 16.047 12.118 5.504 6.675 14.822 8.452 10.53 10.688 15.406 7.306 8.893 9.265 9.414 16.588 9.372 7.046 8.439 5.849 6.813 6.001 4.126
1.976 2.165 2.847 1.831 3.096 4.218 4.877 4.217 4.792 1.104 2.717 6.211 3.904 1.826 1.152 4.491 6.574 6.048 3.053 3.202 8.324 1.649 1.538 1.347 7.195 3.418 2.623 3.099 3.92 3.899 8.489 16.13 7.82 9.515 8.48 6.776 9.128 14.092 11.809 6.007 7.131 5.327 8.499 9.513 14.175 10.739 4.965 6.445 14.291 7.76 9.881 10.06 14.444 6.885 8.762 9.15 9.247 16.175 9.124 7.016 8.808 6.09 7.31 6.421 4.438
1.488 1.458 1.798 1.15 1.914 2.88 3.697 3.293 3.734 0.806 1.758 4.308 3.039 1.358 0.772 2.694 4.994 5.122 2.51 2.408 6.48 1.313 1.117 0.866 4.453 2.645 1.992 2.183 2.718 2.809 6.832 16.012 7.579 9.115 7.928 6.138 8.117 13.447 11.442 5.651 6.155 4.404 6.944 8.339 13.424 10.223 4.494 5.264 12.331 6.998 8.76 8.926 13.322 6.197 7.427 7.706 7.869 14.621 8.201 6.009 7.134 4.841 5.605 4.891 3.27
2.212 2.446 3.195 2.12 3.489 4.693 5.35 4.618 5.207 1.268 3.041 6.742 4.302 2.086 1.368 4.923 7.222 6.578 3.407 3.613 8.992 1.873 1.808 1.625 7.883 3.918 3.075 3.62 4.557 4.558 9.585 17.46 8.473 10.346 9.283 7.551 10.109 15.242 12.71 6.677 8.001 6.109 9.584 10.676 15.489 11.722 5.636 7.323 15.646 8.667 10.947 11.117 15.623 7.642 9.732 10.175 10.275 17.383 9.958 7.811 9.754 6.886 8.223 7.294 5.156
1.465 1.466 1.842 1.185 1.98 2.932 3.668 3.232 3.67 0.8 1.779 4.374 2.978 1.344 0.779 2.784 4.983 4.939 2.435 2.378 6.426 1.278 1.105 0.876 4.624 2.614 1.974 2.193 2.755 2.834 6.771 15.061 7.041 8.605 7.513 5.864 7.814 12.743 10.698 5.342 5.946 4.3 6.822 8.065 12.761 9.617 4.292 5.137 12.024 6.654 8.427 8.58 12.717 5.9 7.2 7.497 7.637 14.041 7.786 5.8 6.988 4.758 5.556 4.861 3.27
1.614 1.643 2.01 1.3 2.087 2.969 3.728 3.375 3.813 0.891 1.982 4.348 3.131 1.478 0.902 2.965 4.881 5.113 2.621 2.593 6.361 1.414 1.276 1.065 4.613 2.733 2.137 2.409 2.939 2.978 6.685 15.013 7.671 9.069 7.97 6.277 8.152 13.002 11.429 5.807 6.394 4.677 7.136 8.398 13.104 10.331 4.716 5.632 12.058 7.252 8.935 9.069 13.125 6.449 7.719 7.943 8.089 14.275 8.468 6.322 7.465 5.182 5.977 5.244 3.613
2.084 2.302 2.928 2.011 3.157 4.193 4.892 4.392 4.895 1.314 3.027 6.059 4.251 2.18 1.499 4.815 6.859 6.802 3.741 3.926 8.875 2.194 2.162 2.023 7.984 4.541 3.665 4.348 5.379 5.418 10.76 20.191 10.891 12.641 11.253 9.142 11.738 17.252 15.071 8.124 9.285 7.223 10.781 12.157 17.369 13.72 6.757 8.432 16.409 10.008 12.084 12.173 16.467 8.623 10.414 10.778 10.858 17.384 10.681 8.298 9.951 7.211 8.347 7.47 5.433
2.271 2.489 3.229 2.126 3.477 4.654 5.344 4.66 5.262 1.288 3.073 6.705 4.342 2.096 1.361 4.9 7.057 6.543 3.405 3.565 8.806 1.887 1.786 1.592 7.573 3.786 2.929 3.429 4.276 4.248 8.854 16.453 8.312 10.024 9.001 7.272 9.653 14.639 12.446 6.519 7.667 5.826 9.062 10.12 14.817 11.436 5.461 7.012 14.941 8.429 10.58 10.783 15.235 7.541 9.472 9.9 10.013 17.05 9.946 7.733 9.608 6.787 8.064 7.143 5.031
1.472 1.501 1.968 1.241 2.158 3.199 3.884 3.334 3.825 0.796 1.827 4.873 3.017 1.336 0.759 3.071 5.342 4.982 2.399 2.39 6.938 1.221 1.037 0.819 5.303 2.586 1.938 2.199 2.843 2.9 7.138 15.097 6.599 8.302 7.233 5.648 7.753 12.619 10.192 5.016 5.821 4.171 6.893 7.964 12.581 9.136 4.044 5.027 12.397 6.299 8.258 8.381 12.57 5.578 7.101 7.406 7.516 14.127 7.414 5.59 6.977 4.646 5.568 4.836 3.21
2.351 2.613 3.438 2.247 3.759 5.044 5.766 4.991 5.64 1.346 3.341 7.387 4.704 2.245 1.463 5.579 7.986 7.329 3.765 3.993 10.096 2.09 2.009 1.813 9.184 4.449 3.45 4.117 5.208 5.195 10.994 20.29 10.053 12.103 10.852 8.746 11.71 17.799 14.989 7.736 9.202 6.984 11.019 12.269 17.902 13.635 6.406 8.338 17.948 9.934 12.494 12.702 17.917 8.715 11.021 11.506 11.599 19.757 11.319 8.73 10.899 7.633 9.127 8.057 5.641
1.604 1.742 2.285 1.491 2.507 3.465 4.024 3.471 3.943 0.917 2.19 5.127 3.228 1.529 0.967 3.646 5.593 5.139 2.611 2.738 7.158 1.411 1.321 1.151 6.138 3 2.34 2.749 3.503 3.53 7.813 14.864 6.986 8.619 7.672 6.168 8.327 12.82 10.581 5.444 6.482 4.858 7.749 8.698 12.916 9.638 4.515 5.814 12.91 6.939 8.869 8.994 12.859 6.098 7.777 8.11 8.186 14.245 7.928 6.14 7.668 5.307 6.348 5.585 3.875
1.432 1.442 1.776 1.147 1.878 2.731 3.447 3.078 3.476 0.781 1.741 4 2.849 1.308 0.777 2.624 4.558 4.672 2.334 2.287 5.845 1.239 1.1 0.893 4.144 2.465 1.893 2.103 2.586 2.644 6.125 13.827 6.711 8.071 7.083 5.545 7.277 11.796 10.145 5.1 5.618 4.087 6.351 7.542 11.874 9.162 4.118 4.909 10.978 6.403 7.959 8.109 11.888 5.678 6.832 7.087 7.235 13.046 7.503 5.578 6.635 4.575 5.303 4.649 3.167
1.477 1.771 2.468 1.5 2.764 3.749 4.206 3.475 3.948 0.794 2.427 5.715 3.3 1.39 0.896 4.329 6.09 5.242 2.363 2.617 7.419 1.212 1.23 1.127 7.148 2.99 2.178 2.729 3.544 3.456 7.792 14.471 6.497 7.756 6.772 5.318 7.496 11.771 9.498 4.467 5.709 4.269 7.292 8.09 12.001 8.643 3.675 5.273 12.445 6.3 8.107 8.195 11.881 5.217 7.034 7.439 7.494 13.443 7.092 5.347 7.105 4.789 6.015 5.239 3.53
1.617 1.866 2.539 1.606 2.846 3.858 4.372 3.699 4.208 0.927 2.536 5.864 3.522 1.601 1.039 4.539 6.453 5.708 2.774 3.03 8.202 1.498 1.477 1.346 7.912 3.488 2.665 3.291 4.254 4.22 9.328 17.183 7.929 9.573 8.512 6.804 9.372 14.459 11.831 5.834 7.198 5.411 8.901 9.856 14.452 10.608 4.758 6.486 14.629 7.63 9.741 9.871 14.095 6.487 8.473 8.877 8.919 15.554 8.462 6.447 8.281 5.664 6.938 6.071 4.166
2.091 2.424 3.227 2.194 3.589 4.665 5.176 4.465 4.961 1.264 3.25 6.699 4.397 2.173 1.527 5.508 7.521 6.786 3.573 3.86 9.09 2.081 2.156 2.1 9.153 4.716 3.691 4.463 5.591 5.569 10.807 18.331 9.493 11.064 10.003 8.19 10.813 15.855 13.473 7.157 8.575 6.764 10.441 11.513 16 12.298 5.955 7.863 15.976 9.246 11.354 11.521 15.646 7.934 9.955 10.431 10.507 16.954 10.024 7.796 9.701 7.028 8.408 7.543 5.437
1.676 1.687 2.054 1.325 2.104 3.01 3.809 3.503 3.998 0.951 2.059 4.574 3.289 1.565 0.947 3.12 5.196 5.516 2.9 2.854 7.06 1.595 1.399 1.15 5.127 3.03 2.355 2.663 3.29 3.355 7.592 17.406 9.381 10.949 9.552 7.479 9.63 15.267 13.58 6.942 7.54 5.477 8.234 9.625 15.06 12.048 5.534 6.496 13.783 8.267 10.154 10.294 14.846 7.372 8.72 8.914 8.996 15.831 9.501 7.054 8.246 5.674 6.457 5.638 3.86
1.874 2.148 2.855 1.874 3.147 4.155 4.661 3.996 4.491 1.089 2.81 6.053 3.81 1.816 1.225 4.719 6.541 5.853 2.979 3.227 8.06 1.672 1.672 1.555 7.696 3.665 2.826 3.43 4.34 4.301 8.877 15.781 7.794 9.255 8.331 6.772 9.107 13.69 11.497 5.948 7.202 5.561 8.789 9.718 13.897 10.54 4.979 6.64 14.11 7.839 9.784 9.946 13.873 6.795 8.668 9.101 9.172 15.367 8.844 6.854 8.65 6.125 7.378 6.546 4.627
1.421 1.59 2.178 1.358 2.47 3.47 4.001 3.364 3.872 0.826 2.145 5.45 3.17 1.423 0.875 3.997 6.064 5.349 2.56 2.77 7.992 1.345 1.25 1.084 7.414 3.127 2.404 2.942 3.873 3.88 9.196 17.6 7.614 9.371 8.253 6.564 9.178 14.41 11.458 5.593 6.929 5.087 8.559 9.499 14.25 10.156 4.52 6.099 14.423 7.14 9.3 9.389 13.665 6.061 8.022 8.361 8.383 15.105 7.871 5.99 7.73 5.156 6.346 5.496 3.706
1.687 1.814 2.321 1.571 2.578 3.604 4.313 3.797 4.251 1.037 2.417 5.306 3.686 1.791 1.163 3.964 6.358 6.199 3.219 3.32 8.134 1.811 1.739 1.545 6.939 3.99 3.16 3.662 4.586 4.706 10.12 19.744 9.612 11.509 10.142 8.113 10.598 16.155 13.621 7.074 8.077 6.149 9.491 10.895 15.954 12.101 5.694 7.048 14.787 8.565 10.54 10.639 14.829 7.282 8.893 9.257 9.355 15.668 9.073 6.937 8.332 5.894 6.876 6.117 4.328
1.692 1.804 2.349 1.529 2.565 3.612 4.251 3.669 4.174 0.944 2.223 5.319 3.368 1.575 0.972 3.6 5.77 5.324 2.678 2.758 7.3 1.41 1.3 1.103 5.876 2.956 2.284 2.632 3.337 3.37 7.575 14.806 6.823 8.554 7.575 6.059 8.182 12.755 10.473 5.382 6.35 4.717 7.537 8.558 12.911 9.59 4.471 5.681 12.914 6.89 8.894 9.034 13.079 6.125 7.817 8.172 8.282 14.688 8.082 6.274 7.821 5.392 6.439 5.665 3.898
1.924 2.05 2.634 1.732 2.842 3.937 4.642 4.06 4.594 1.09 2.525 5.754 3.778 1.801 1.135 4.041 6.303 5.976 3.075 3.16 8.041 1.683 1.556 1.344 6.597 3.457 2.682 3.1 3.9 3.943 8.627 16.94 8.283 10.105 8.977 7.189 9.562 14.782 12.456 6.453 7.48 5.608 8.775 9.966 14.909 11.355 5.334 6.691 14.62 8.157 10.291 10.453 14.929 7.224 9.003 9.378 9.488 16.452 9.391 7.226 8.866 6.187 7.297 6.438 4.48
1.863 2.084 2.717 1.849 2.985 3.931 4.442 3.874 4.328 1.126 2.688 5.645 3.734 1.868 1.273 4.428 6.261 5.78 3.091 3.294 7.836 1.796 1.773 1.653 7.39 3.829 3.026 3.598 4.516 4.537 9.128 16.149 8.322 9.858 8.912 7.3 9.616 14.218 12.101 6.48 7.656 5.976 9.174 10.18 14.388 11.122 5.45 7.013 14.271 8.277 10.171 10.321 14.13 7.203 8.945 9.345 9.41 15.299 9.113 7.113 8.74 6.303 7.441 6.654 4.796
1.756 1.983 2.61 1.73 2.868 3.796 4.282 3.694 4.155 1.029 2.553 5.506 3.509 1.703 1.143 4.249 5.963 5.399 2.8 3.011 7.444 1.581 1.558 1.436 6.972 3.385 2.642 3.176 4.009 3.993 8.255 14.754 7.329 8.76 7.902 6.442 8.618 12.917 10.865 5.689 6.834 5.272 8.263 9.145 13.091 9.973 4.778 6.281 13.223 7.4 9.231 9.382 13.06 6.459 8.184 8.568 8.632 14.402 8.346 6.496 8.128 5.77 6.901 6.128 4.35
