5.854 4.472 4.543 5.081 8.366 11.854 12.601 10.332 12.615 7.242 8.545 10.364 6.262 4.118 4.187 16.469 12.671 16.641 13.823 11.916 13.455 9.281 5.022 8.142 25.409 13.889 10.593 17.576 22.075 24.737 30.131 41.407 19.118 15.716 13.278 17.888 27.59 46.277 33.881 17.351 14.534 13.947 19.636 22.801 28.827 33.714 20.898 20.101 23.372 22.073 22.401 18.472 29.808 16.96 13.373 20.811 20.781 22.636 23.248 22.127 41.533 28.214 22.652 34.517 10.211
5.508 4.196 4.22 4.66 7.517 10.668 11.579 9.678 11.861 6.884 7.99 9.562 5.8 3.779 3.772 13.967 11.278 15.041 12.902 11.261 12.66 8.797 4.759 7.442 22.149 12.891 9.88 15.991 20.315 23.319 29.146 41.361 19.862 16.238 13.611 17.946 27.238 46.14 34.993 18.208 15.121 14.483 20.353 23.834 30.398 35.818 22.344 21.36 24.548 22.975 23.065 18.877 29.932 17.034 13.344 20.402 20.216 21.863 22.373 21.266 39.753 27.012 21.609 32.492 9.571
4.709 3.564 3.542 3.853 6.094 8.468 9.094 7.648 9.572 5.722 6.675 7.963 4.777 3.054 2.978 10.441 8.147 10.507 9.068 8.08 9.291 6.586 3.561 5.471 15.574 8.954 6.704 10.524 13.205 15.389 19.854 29.552 15.183 12.608 10.621 13.945 20.962 35.003 26.756 14.149 11.828 11.377 16.078 19.029 24.595 29.622 18.89 18.374 21.5 20.362 20.54 16.763 26.694 15.15 11.814 18.073 17.938 19.467 20.025 19.169 37.137 26.225 21.505 33.445 9.741
5.163 3.956 4.056 4.57 7.552 10.617 11.213 9.179 11.244 6.474 7.715 9.398 5.729 3.81 3.931 15.148 11.627 15.063 12.463 10.795 12.229 8.505 4.675 7.725 23.194 12.799 9.842 16.216 20.127 22.296 26.841 36.423 16.932 13.987 11.876 16.037 24.512 40.41 29.506 15.224 12.675 11.952 16.7 19.255 24.32 28.534 17.554 16.999 19.896 18.776 19.113 15.721 25.713 14.398 11.386 17.971 17.878 19.493 20.001 18.986 36.416 24.183 19.481 30.417 8.591
5.784 4.365 4.413 4.939 8.316 12.033 12.925 10.601 13.125 7.422 8.822 10.791 6.45 4.19 4.236 17.551 13.466 18.027 14.966 12.907 14.644 10.015 5.332 8.703 28.144 15.265 11.627 19.48 24.64 27.78 34.096 47.338 21.509 17.484 14.557 19.559 30.386 51.806 37.606 19.013 15.636 14.684 20.534 23.728 30.117 35.374 21.491 20.553 23.856 22.335 22.581 18.391 30.184 16.688 12.997 20.434 20.278 22.133 22.708 21.506 41.726 27.486 21.9 34.059 9.504
5.482 4.158 4.277 4.85 8.203 11.665 12.303 9.966 12.315 6.916 8.333 10.233 6.097 3.993 4.135 16.949 12.754 16.671 13.64 11.738 13.373 9.144 4.903 8.317 26.116 13.945 10.608 17.881 22.299 24.713 29.881 40.883 18.347 15.076 12.719 17.424 27.077 45.374 32.536 16.315 13.518 12.713 18.041 20.889 26.622 31.374 18.858 18.278 21.551 20.261 20.64 16.826 28.161 15.32 12.023 19.42 19.26 21.07 21.623 20.462 40.316 26.197 20.915 33.316 8.891
4.216 3.229 3.246 3.565 5.656 7.816 8.3 6.897 8.475 5.056 5.929 7.123 4.329 2.803 2.766 9.661 7.499 9.548 8.138 7.192 8.24 5.926 3.27 5.09 14.494 8.449 6.367 9.956 12.327 14.115 18.052 26.755 13.876 11.639 9.931 13.158 19.884 33.108 25.126 13.202 11.053 10.688 15.17 18.079 23.509 28.308 18.014 17.504 20.447 19.342 19.454 15.832 24.961 14.028 10.941 16.691 16.475 17.77 18.156 17.264 32.744 22.652 18.472 28.435 8.273
5.541 4.179 4.231 4.734 7.961 11.445 12.225 9.991 12.374 6.968 8.291 10.111 6.005 3.89 3.935 16.187 12.244 16.251 13.421 11.551 13.095 8.926 4.745 7.788 24.91 13.357 10.147 17.01 21.381 23.976 29.353 40.778 18.497 15.11 12.624 17.047 26.508 45.19 32.782 16.575 13.693 12.892 18.166 21.104 27.029 32.064 19.52 18.846 22.093 20.796 21.167 17.298 28.759 15.846 12.392 19.702 19.587 21.479 22.14 21.066 41.587 27.444 22.035 34.879 9.635
5.846 4.476 4.555 5.095 8.341 11.733 12.435 10.203 12.427 7.168 8.451 10.229 6.203 4.094 4.176 16.115 12.394 16.116 13.379 11.536 13.011 9.005 4.9 7.969 24.366 13.381 10.198 16.842 21.038 23.463 28.454 38.953 18.128 14.937 12.673 17.08 26.219 43.662 32.092 16.521 13.871 13.316 18.713 21.721 27.471 32.212 20.067 19.371 22.587 21.39 21.763 17.997 29.069 16.597 13.129 20.457 20.451 22.295 22.929 21.865 41.131 28.028 22.626 34.65 10.276
4.749 3.529 3.553 3.987 6.888 10.15 10.966 8.947 11.19 6.188 7.389 9.087 5.321 3.386 3.398 14.926 11.296 15.285 12.577 10.777 12.254 8.24 4.271 7.068 23.851 12.629 9.527 16.201 20.575 23.232 28.668 40.25 17.793 14.297 11.723 15.852 25.033 43.668 31.37 15.506 12.536 11.562 16.292 18.934 24.437 29.165 17.41 16.665 19.506 18.236 18.51 14.952 25.282 13.597 10.472 16.824 16.695 18.378 18.95 17.957 36.396 23.543 18.714 29.971 7.883
5.558 4.203 4.289 4.836 8.152 11.651 12.38 10.088 12.464 7.023 8.393 10.262 6.127 3.995 4.089 16.644 12.623 16.599 13.652 11.752 13.333 9.119 4.88 8.134 25.54 13.78 10.501 17.556 21.935 24.424 29.658 40.799 18.479 15.114 12.667 17.2 26.698 45.052 32.6 16.468 13.56 12.69 17.912 20.785 26.591 31.515 19.102 18.476 21.718 20.447 20.841 17.021 28.409 15.573 12.199 19.539 19.426 21.305 21.931 20.821 41.154 26.967 21.634 34.409 9.31
5.082 3.796 3.797 4.211 7.086 10.34 11.217 9.234 11.485 6.451 7.604 9.247 5.464 3.487 3.464 14.344 11.054 14.873 12.37 10.632 12.006 8.139 4.265 6.855 22.275 12.121 9.165 15.276 19.378 21.983 27.242 38.475 17.508 14.147 11.664 15.585 24.311 42.277 31.038 15.655 12.77 11.926 16.744 19.527 25.198 30.184 18.428 17.702 20.682 19.457 19.782 16.126 26.85 14.813 11.488 18.143 18.075 19.876 20.558 19.614 39.227 26.09 20.975 33.279 9.174
6.236 4.72 4.77 5.324 8.851 12.681 13.606 11.2 13.817 7.883 9.324 11.342 6.823 4.447 4.494 17.922 13.848 18.34 15.271 13.191 14.915 10.258 5.506 8.933 27.956 15.403 11.753 19.451 24.463 27.511 33.688 46.745 21.606 17.633 14.745 19.755 30.469 51.619 37.933 19.401 15.995 15.048 21.027 24.357 31.003 36.644 22.529 21.662 25.23 23.746 24.101 19.736 32.334 18.063 14.132 22.159 22.047 24.089 24.781 23.566 45.748 30.543 24.556 38.327 10.834
4.622 3.423 3.395 3.75 6.415 9.657 10.541 8.583 10.731 5.877 6.922 8.444 4.902 3.084 3.017 13.102 10.183 14.121 11.625 9.916 11.183 7.455 3.828 6.048 20.943 11.16 8.424 14.2 18.363 21.096 26.429 37.659 16.412 13.219 10.765 14.38 22.943 41.337 29.577 14.606 11.876 11.117 15.808 18.66 24.333 29.117 17.416 16.656 19.413 18.194 18.465 14.963 25.147 13.648 10.531 16.677 16.664 18.41 19.06 18.148 36.624 23.808 18.923 30.053 8.099
4.375 3.219 3.15 3.417 5.681 8.614 9.778 8.17 10.237 5.674 6.544 7.868 4.591 2.859 2.748 11.136 9.159 12.898 10.946 9.379 10.476 6.999 3.578 5.483 17.909 10.22 7.711 12.724 16.538 19.404 24.897 36.605 16.428 13.016 10.458 13.588 21.172 38.956 29.252 14.571 11.658 10.773 15.034 17.696 23.253 28.404 17.289 16.409 18.955 17.726 17.913 14.508 24.11 13.315 10.192 15.835 15.808 17.46 18.2 17.457 35.675 23.797 18.993 29.931 8.15
4.758 3.614 3.684 4.147 6.997 10.028 10.632 8.64 10.653 6.016 7.204 8.84 5.271 3.452 3.532 14.778 11.127 14.724 12.121 10.429 11.885 8.132 4.355 7.224 23.48 12.448 9.44 16.027 20.201 22.588 27.5 37.764 17.01 13.931 11.732 15.941 24.825 41.827 30.039 15.085 12.584 11.973 16.854 19.455 24.556 28.605 17.359 16.645 19.382 18.18 18.4 15.03 24.612 13.644 10.683 16.876 16.75 18.243 18.676 17.664 33.736 22.284 17.688 27.313 7.728
5.67 4.215 4.157 4.519 7.373 10.907 12.358 10.403 12.968 7.274 8.379 10.004 5.887 3.712 3.607 13.937 11.462 16.057 13.795 11.897 13.286 8.947 4.642 7.14 22.183 12.837 9.774 16.092 20.742 24.272 31.171 45.78 20.902 16.689 13.561 17.617 26.988 48.665 37.181 18.733 15.157 14.161 19.78 23.228 30.322 36.824 22.617 21.51 24.782 23.148 23.335 18.975 31.071 17.373 13.407 20.721 20.611 22.625 23.527 22.581 45.106 30.45 24.324 37.724 10.534
5.049 3.784 3.862 4.373 7.52 10.879 11.574 9.367 11.658 6.446 7.758 9.548 5.606 3.608 3.691 15.852 11.855 15.755 12.862 11.019 12.553 8.472 4.443 7.526 24.639 12.965 9.806 16.683 20.958 23.388 28.539 39.56 17.437 14.171 11.782 16.145 25.417 43.558 31.08 15.37 12.566 11.699 16.673 19.409 25.009 29.745 17.712 17.105 20.18 18.927 19.289 15.633 26.533 14.229 11.06 17.986 17.841 19.621 20.198 19.122 38.584 24.833 19.777 31.88 8.276
5.236 4.025 4.118 4.622 7.529 10.501 11.088 9.109 11.088 6.44 7.611 9.2 5.65 3.769 3.871 14.312 11.114 14.267 11.841 10.255 11.539 8.068 4.474 7.279 21.144 11.908 9.179 14.864 18.342 20.274 24.318 32.874 15.569 12.891 10.978 14.731 22.33 36.554 27.05 14.151 11.809 11.175 15.589 18.035 22.809 26.857 16.761 16.285 19.069 18.094 18.477 15.304 24.87 14.147 11.251 17.635 17.625 19.25 19.819 18.908 36.059 24.35 19.79 30.846 8.915
4.608 3.411 3.349 3.617 5.803 8.359 9.571 8.388 10.707 6.044 6.933 8.194 4.771 2.981 2.871 10.727 8.668 12.26 11.104 9.799 11.035 7.422 3.83 5.83 17.372 9.92 7.552 12.638 16.59 19.405 25.39 38.645 18.096 14.469 11.753 15.115 22.477 39.167 31.317 16.08 13.064 12.18 16.839 19.441 25.104 30.851 19.235 18.34 21.058 19.468 19.4 15.681 25.486 14.266 10.978 16.907 16.722 18.177 18.892 18.269 36.858 25.39 20.312 31.329 8.674
3.804 2.818 2.746 2.941 4.676 6.729 7.609 6.606 8.421 4.916 5.652 6.714 3.972 2.483 2.366 8.599 7 9.598 8.546 7.586 8.592 5.906 3.082 4.632 13.635 7.997 6.035 9.72 12.563 14.866 19.442 29.666 14.699 11.844 9.656 12.369 18.468 32.079 25.377 13.231 10.735 9.987 13.744 15.953 20.576 25.122 15.901 15.214 17.561 16.442 16.492 13.368 21.529 12.169 9.332 14.188 14.038 15.267 15.813 15.232 30.545 21.657 17.636 27.556 7.854
5.247 4.067 4.197 4.747 7.747 10.768 11.327 9.314 11.329 6.651 7.928 9.66 6.033 4.097 4.269 15.725 12.284 15.76 13.098 11.421 12.938 9.148 5.163 8.493 24.562 13.912 10.835 17.606 21.725 23.949 28.56 38.155 18.068 15.019 12.856 17.282 26.093 42.093 30.878 16.216 13.52 12.702 17.535 20.059 25.001 28.999 17.977 17.368 20.187 19.037 19.321 15.945 25.608 14.537 11.57 18.018 17.917 19.42 19.819 18.736 34.94 23.244 18.731 28.714 8.295
5.782 4.481 4.648 5.293 8.742 12.201 12.806 10.49 12.809 7.48 8.998 11.048 6.89 4.688 4.923 18.651 14.451 18.627 15.403 13.432 15.294 10.783 6.067 10.134 29.905 16.692 13.002 21.37 26.411 29.066 34.606 46.081 21.446 17.798 15.207 20.562 31.199 50.322 36.394 18.914 15.706 14.65 20.198 22.971 28.485 32.81 20.053 19.305 22.401 21.01 21.257 17.439 28.111 15.745 12.497 19.579 19.392 20.975 21.312 20.023 37.339 24.388 19.507 29.904 8.443
4.696 3.452 3.411 3.77 6.569 10.123 11.132 9.03 11.333 6.136 7.241 8.9 5.141 3.211 3.128 14.208 11.155 15.726 12.902 10.966 12.381 8.202 4.164 6.574 23.71 12.582 9.484 16.109 21.048 24.315 30.535 43.485 18.582 14.821 11.941 15.916 25.652 46.86 33.095 16.106 12.951 12.007 17.022 20.049 26.085 31.004 18.248 17.27 19.991 18.609 18.787 15.103 25.462 13.638 10.43 16.525 16.505 18.252 18.859 17.867 36.195 23.098 18.13 28.713 7.565
4.87 3.677 3.786 4.301 7.343 10.489 11.054 8.909 11.049 6.131 7.419 9.136 5.378 3.493 3.62 15.237 11.361 14.89 12.118 10.39 11.86 8.04 4.258 7.305 23.382 12.299 9.292 15.821 19.77 21.916 26.562 36.514 16.139 13.233 11.14 15.365 24.056 40.633 28.94 14.317 11.854 11.162 15.978 18.556 23.767 28.098 16.73 16.237 19.229 18.064 18.421 14.967 25.328 13.615 10.652 17.398 17.242 18.897 19.41 18.361 36.659 23.66 18.828 30.299 7.897
5.174 3.849 3.767 4.063 6.521 9.428 10.536 8.992 11.26 6.566 7.56 9.041 5.414 3.416 3.283 12.175 9.962 13.462 11.709 10.24 11.504 7.927 4.164 6.307 18.954 11.196 8.455 13.557 17.369 20.277 25.997 38.566 19.106 15.43 12.654 16.35 24.755 43.197 33.953 17.696 14.351 13.364 18.413 21.439 27.645 33.561 21.273 20.34 23.491 22.117 22.319 18.221 29.358 16.712 12.86 19.551 19.394 21.104 21.807 20.915 41.156 29.055 23.685 36.946 10.758
3.882 2.864 2.8 3.013 4.829 6.979 8.012 7.021 8.985 5.08 5.821 6.878 3.997 2.486 2.38 8.874 7.17 10.121 9.135 8.056 9.067 6.094 3.133 4.744 14.148 8.092 6.141 10.221 13.392 15.721 20.621 31.562 14.856 11.862 9.607 12.321 18.339 32.167 25.775 13.247 10.735 9.976 13.765 15.897 20.576 25.434 15.944 15.256 17.597 16.332 16.329 13.212 21.582 12.088 9.287 14.315 14.181 15.457 16.105 15.605 31.824 22.085 17.757 27.641 7.63
3.963 3.015 3.022 3.33 5.336 7.6 8.272 6.805 8.192 4.832 5.597 6.759 4.237 2.778 2.738 9.578 7.75 9.725 8.016 6.84 7.599 5.399 2.971 4.576 13.169 8.448 6.559 10.251 12.667 14.111 17.322 25.582 14.144 12.12 10.443 13.847 21.189 36.838 29.548 15.407 12.52 11.722 16.084 18.636 23.982 29.574 19.761 19.258 22.314 20.946 21.009 17.194 27.262 15.424 11.792 17.558 16.838 17.687 17.737 16.719 31.764 22.196 18.22 28.59 8.66
4.43 3.3 3.388 3.867 6.821 9.965 10.548 8.44 10.599 5.741 7.021 8.741 5.036 3.215 3.315 15.262 11.124 14.909 12.036 10.272 11.811 7.866 4.049 7.063 24.314 12.289 9.216 16.135 20.37 22.7 27.743 38.54 16.391 13.294 11.023 15.327 24.49 42.343 29.462 14.181 11.594 10.77 15.499 17.997 23.205 27.47 15.933 15.371 18.21 16.961 17.243 13.834 23.888 12.438 9.607 15.945 15.716 17.275 17.717 16.661 34.101 21.35 16.778 27.356 6.784
3.757 2.813 2.755 2.953 4.629 6.449 7.023 6.018 7.742 4.739 5.558 6.658 3.97 2.494 2.382 8.301 6.51 8.494 7.504 6.834 8.025 5.753 3.082 4.67 13.321 7.696 5.71 8.918 11.301 13.487 17.946 27.67 14.572 12.044 10.02 12.971 19.288 32.053 24.472 12.899 10.669 10.135 14.174 16.646 21.344 25.528 16.165 15.587 18.137 17.081 17.065 13.73 21.614 12.133 9.31 14.063 13.855 14.957 15.342 14.657 28.81 20.879 17.211 26.89 7.742
