1.477 1.712 2.667 1.309 2.806 3.34 4.306 3.843 4.88 1.052 2.065 6.242 3.508 1.56 1.311 3.789 6.429 6.39 4.276 4.078 9.294 2.761 3.092 3.539 7.037 6.757 5.11 5.741 8.073 11.711 10.592 27.427 12.305 12.123 13.255 11.147 16.223 27.383 21.041 9.125 10.894 8.518 12.415 18.06 30.078 20.905 9.988 12.904 19.989 13.576 12.723 10.006 29.319 14.148 14.254 9.999 7.605 23.447 16.068 10.68 17.465 11.251 7.041 12.161 7.284
1.495 1.744 2.68 1.342 2.831 3.327 4.225 3.781 4.744 1.065 2.115 6.122 3.535 1.609 1.392 3.994 6.564 6.525 4.427 4.263 9.474 2.92 3.325 3.853 7.482 7.125 5.442 6.159 8.598 12.233 11.063 27.495 12.709 12.506 13.676 11.56 16.607 27.285 21.133 9.355 11.264 8.924 12.895 18.332 29.557 20.74 10.072 13.017 19.734 13.504 12.665 10.066 28.187 13.978 14.022 9.962 7.679 22.695 15.69 10.495 16.837 10.994 6.985 11.963 7.273
1.356 1.557 2.401 1.199 2.526 3.039 3.944 3.547 4.481 0.981 1.881 5.589 3.258 1.457 1.215 3.385 5.853 5.961 4.022 3.81 8.528 2.61 2.891 3.267 6.381 6.235 4.757 5.316 7.42 10.785 9.875 25.358 11.693 11.412 12.346 10.376 14.941 25.235 19.69 8.588 10.105 7.878 11.316 16.437 27.57 19.461 9.329 11.855 18.117 12.449 11.612 9.122 26.209 13.023 13.029 9.142 6.937 20.837 14.669 9.791 15.745 10.237 6.402 10.849 6.585
1.312 1.561 2.464 1.184 2.624 3.039 3.836 3.384 4.285 0.913 1.93 5.846 3.193 1.418 1.247 3.919 6.284 6.03 3.992 3.868 8.947 2.584 3.01 3.571 7.179 6.622 4.964 5.688 8.058 11.447 10.128 25.78 11.28 11.155 12.353 10.366 15.209 25.15 18.92 8.123 10.02 7.889 11.739 16.796 27 18.323 8.658 11.488 17.843 11.874 11.195 8.864 26.205 12.279 12.406 8.711 6.685 21.143 13.917 9.121 15.117 9.633 6.062 10.885 6.397
1.456 1.7 2.66 1.311 2.824 3.341 4.25 3.752 4.712 1.023 2.043 6.256 3.507 1.575 1.349 4.007 6.811 6.711 4.48 4.29 9.743 2.897 3.286 3.811 7.626 7.287 5.509 6.211 8.741 12.586 11.292 28.598 12.724 12.491 13.655 11.503 16.709 27.803 21.128 9.169 11.024 8.691 12.738 18.426 29.999 20.523 9.772 12.632 19.449 13.157 12.327 9.743 28.257 13.566 13.647 9.619 7.37 22.604 15.355 10.157 16.469 10.587 6.67 11.625 7.011
1.45 1.715 2.681 1.326 2.864 3.342 4.168 3.639 4.519 0.998 2.046 6.24 3.465 1.577 1.39 4.228 7.054 6.824 4.555 4.409 9.947 2.961 3.437 4.056 8.127 7.666 5.8 6.586 9.269 13.17 11.69 28.755 12.724 12.532 13.781 11.673 16.934 27.595 20.741 9.073 11.096 8.873 13.094 18.715 29.508 19.912 9.526 12.438 19.036 12.843 12.074 9.638 27.402 13.111 13.199 9.404 7.305 22.107 14.843 9.796 15.782 10.164 6.489 11.422 6.935
1.33 1.588 2.458 1.199 2.602 2.974 3.719 3.312 4.185 0.923 1.969 5.586 3.111 1.406 1.267 3.822 5.858 5.601 3.763 3.688 8.322 2.486 2.953 3.515 6.828 6.243 4.731 5.462 7.659 10.692 9.499 23.501 10.625 10.625 11.838 10.008 14.557 23.643 18.045 7.933 9.922 7.894 11.633 16.314 25.752 17.831 8.635 11.583 17.762 11.956 11.334 9.06 25.766 12.401 12.551 8.92 6.936 21.092 14.044 9.321 15.344 9.943 6.343 11.225 6.651
1.377 1.664 2.624 1.267 2.818 3.215 3.961 3.437 4.287 0.932 2.033 6.163 3.317 1.492 1.362 4.389 6.947 6.524 4.314 4.241 9.747 2.806 3.359 4.057 8.19 7.464 5.6 6.468 9.166 12.852 11.224 27.671 11.965 11.874 13.247 11.193 16.404 26.484 19.591 8.486 10.699 8.564 12.839 18.141 28.097 18.668 8.863 11.914 18.363 12.16 11.508 9.226 26.646 12.392 12.519 8.922 6.971 21.683 14.065 9.166 15.089 9.618 6.157 11.195 6.635
1.233 1.488 2.313 1.111 2.449 2.774 3.456 3.067 3.888 0.842 1.855 5.241 2.87 1.285 1.175 3.604 5.411 5.101 3.402 3.355 7.634 2.236 2.706 3.245 6.312 5.691 4.295 4.997 7.021 9.753 8.604 21.364 9.525 9.595 10.77 9.095 13.326 21.637 16.393 7.148 9.099 7.237 10.772 15.08 23.736 16.308 7.853 10.728 16.575 11.061 10.534 8.427 24.293 11.507 11.699 8.3 6.472 20.043 13.146 8.679 14.501 9.338 5.948 10.694 6.254
0.98 1.229 1.988 0.877 2.122 2.367 2.944 2.548 3.281 0.632 1.56 4.7 2.361 0.978 0.916 3.159 4.67 4.205 2.671 2.674 6.541 1.676 2.125 2.606 5.347 4.619 3.37 4.011 5.782 8.103 6.916 18.293 7.424 7.586 8.705 7.237 11.043 18.362 13.292 5.409 7.301 5.7 8.922 12.71 20.331 13.249 6.026 8.792 14.166 8.968 8.595 6.803 21.66 9.372 9.61 6.675 5.182 18.03 11.074 6.987 12.521 7.682 4.761 9.277 5.079
1.317 1.611 2.599 1.2 2.796 3.176 3.955 3.427 4.356 0.885 2.031 6.326 3.284 1.424 1.298 4.429 6.891 6.378 4.127 4.054 9.698 2.628 3.182 3.872 7.983 7.119 5.255 6.127 8.786 12.398 10.718 27.656 11.472 11.442 12.863 10.728 16.046 26.481 19.299 8.05 10.314 8.101 12.409 17.731 28.114 18.38 8.464 11.653 18.412 11.888 11.285 8.941 27.512 12.218 12.428 8.672 6.682 22.328 13.994 8.96 15.327 9.539 5.978 11.284 6.418
1.598 1.816 2.699 1.399 2.849 3.47 4.57 4.159 5.147 1.164 2.171 5.903 3.804 1.735 1.454 3.61 6.352 6.977 4.828 4.557 9.626 3.132 3.487 3.844 7.014 7.114 5.621 6.291 8.558 12.365 11.68 29.182 14.261 13.85 14.647 12.276 17.282 28.975 23.416 10.389 12.083 9.373 13.02 18.702 31.861 23.24 11.287 14.058 20.556 14.513 13.505 10.626 28.642 15.243 15.132 10.673 8.156 22.707 16.993 11.532 17.906 11.845 7.451 12.074 7.52
1.274 1.468 2.296 1.102 2.378 2.829 3.703 3.344 4.34 0.913 1.776 5.332 2.925 1.269 1.036 2.935 4.833 4.749 3.147 2.981 6.896 1.992 2.197 2.48 4.929 4.68 3.506 3.924 5.534 8.089 7.326 19.783 8.819 8.783 9.692 8.136 12.006 20.806 16.13 6.948 8.311 6.431 9.431 13.903 23.977 16.932 8.102 10.624 16.898 11.478 10.843 8.494 25.986 12.405 12.635 8.813 6.647 21.308 14.552 9.719 16.416 10.563 6.553 11.411 6.695
1.506 1.737 2.607 1.338 2.722 3.21 4.1 3.75 4.711 1.104 2.127 5.774 3.494 1.613 1.389 3.729 6.007 6.114 4.244 4.09 8.815 2.864 3.225 3.689 6.883 6.614 5.12 5.779 7.972 11.268 10.374 25.357 12.439 12.231 13.319 11.297 15.952 25.993 20.774 9.427 11.23 8.913 12.566 17.578 28.325 20.682 10.296 13.17 19.596 13.658 12.782 10.194 27.333 14.246 14.215 10.183 7.868 22.106 15.829 10.748 16.96 11.318 7.237 12.008 7.406
1.415 1.606 2.42 1.228 2.513 3.037 3.993 3.666 4.656 1.045 1.952 5.442 3.297 1.482 1.224 3.151 5.347 5.598 3.845 3.637 7.936 2.519 2.764 3.061 5.733 5.668 4.383 4.886 6.737 9.786 9.142 23.533 11.38 11.15 12.017 10.117 14.41 24.431 19.658 8.723 10.186 7.913 11.111 15.995 27.282 20.015 9.785 12.377 18.68 13.068 12.203 9.6 26.806 13.886 13.876 9.779 7.421 21.44 15.621 10.578 16.884 11.171 7.009 11.549 7.057
1.143 1.396 2.249 1.034 2.408 2.739 3.432 2.995 3.831 0.769 1.77 5.436 2.839 1.224 1.111 3.743 5.772 5.361 3.469 3.401 8.141 2.208 2.677 3.249 6.644 5.919 4.369 5.1 7.303 10.304 8.94 23.223 9.699 9.702 10.91 9.084 13.606 22.583 16.583 6.887 8.83 6.909 10.579 15.127 24.22 15.991 7.353 10.157 16.107 10.42 9.898 7.816 24.179 10.788 10.987 7.625 5.853 19.65 12.376 7.943 13.661 8.514 5.304 9.986 5.648
1.581 1.895 2.935 1.481 3.162 3.622 4.399 3.815 4.655 1.072 2.275 6.707 3.792 1.765 1.627 5.016 8.037 7.661 5.139 5.027 11.077 3.405 4.059 4.895 9.627 8.944 6.807 7.808 10.919 15.138 13.34 31.128 14.057 13.781 15.217 12.994 18.668 29.458 22.13 9.856 12.262 10.001 14.746 20.568 30.974 20.839 10.084 13.231 19.89 13.516 12.75 10.347 28.142 13.767 13.789 9.983 7.899 23.015 15.474 10.211 16.095 10.519 6.859 12.124 7.489
1.557 1.856 2.811 1.403 2.954 3.346 4.14 3.703 4.641 1.074 2.254 6.066 3.427 1.584 1.443 4.134 6.181 5.9 4.028 3.987 8.754 2.707 3.24 3.846 7.279 6.663 5.107 5.901 8.197 11.316 10.099 24.305 11.304 11.432 12.8 10.945 15.776 25.188 19.448 8.824 11.122 8.985 13.093 18.101 28.07 19.762 9.872 13.302 20.129 13.764 13.108 10.604 28.842 14.281 14.476 10.486 8.291 24.009 16.26 10.971 17.827 11.764 7.646 13.235 7.998
1.464 1.653 2.482 1.264 2.591 3.17 4.215 3.865 4.885 1.079 2.003 5.592 3.474 1.552 1.271 3.192 5.603 6.028 4.128 3.874 8.396 2.67 2.925 3.196 5.932 5.984 4.66 5.18 7.102 10.398 9.811 25.422 12.302 11.975 12.757 10.693 15.208 26.057 21.06 9.242 10.695 8.226 11.487 16.687 29.038 21.297 10.291 12.88 19.312 13.582 12.644 9.887 27.653 14.454 14.392 10.065 7.597 21.879 16.232 10.959 17.361 11.463 7.142 11.677 7.154
1.472 1.813 2.786 1.339 2.947 3.269 3.976 3.51 4.41 0.969 2.266 6.051 3.318 1.491 1.442 4.361 6.214 5.706 3.803 3.825 8.55 2.538 3.221 3.923 7.403 6.535 4.952 5.857 8.163 11.067 9.683 23.129 10.429 10.647 12.124 10.326 15.097 23.923 18.086 7.965 10.563 8.547 12.766 17.482 26.62 18.25 8.885 12.564 19.295 12.871 12.361 10.035 28.088 13.418 13.666 9.832 7.849 23.768 15.528 10.22 17.152 11.148 7.21 13.098 7.67
1.461 1.808 2.75 1.351 2.915 3.215 3.851 3.395 4.214 0.957 2.273 5.88 3.307 1.52 1.516 4.502 6.327 5.792 3.889 3.935 8.601 2.659 3.427 4.21 7.759 6.848 5.238 6.217 8.592 11.476 10.058 23.091 10.64 10.841 12.35 10.585 15.299 23.738 18.009 8.055 10.748 8.821 13.054 17.591 26.056 17.891 8.803 12.436 18.828 12.665 12.168 9.969 26.812 13.091 13.27 9.624 7.778 22.702 14.969 9.871 16.249 10.707 7.022 12.639 7.525
1.443 1.81 2.774 1.347 2.953 3.243 3.857 3.376 4.184 0.924 2.308 5.995 3.364 1.531 1.565 4.742 6.63 6.01 3.991 4.051 8.922 2.723 3.586 4.452 8.206 7.18 5.468 6.535 9.044 12.026 10.472 23.934 10.866 11.078 12.664 10.824 15.713 24.301 18.253 8.022 10.906 8.968 13.381 17.977 26.384 17.849 8.63 12.393 18.841 12.549 12.07 9.887 26.786 12.92 13.092 9.431 7.649 22.647 14.765 9.607 15.926 10.426 6.819 12.504 7.376
1.392 1.718 2.637 1.296 2.818 3.117 3.754 3.306 4.122 0.924 2.199 5.84 3.281 1.532 1.522 4.594 6.556 6.048 4.063 4.081 8.982 2.766 3.539 4.35 8.085 7.165 5.492 6.494 8.975 12.032 10.554 24.423 11.062 11.226 12.69 10.799 15.613 24.323 18.312 8.121 10.696 8.709 12.9 17.453 25.943 17.605 8.565 11.938 18.065 12.081 11.61 9.458 25.766 12.382 12.608 9.037 7.24 21.443 13.949 9.189 15.092 9.871 6.457 11.679 6.918
1.399 1.653 2.522 1.283 2.684 3.104 3.839 3.389 4.171 0.969 1.97 5.598 3.229 1.507 1.354 3.919 6.325 6.18 4.212 4.114 8.983 2.814 3.295 3.893 7.514 7.091 5.446 6.211 8.639 12.079 10.815 25.668 11.874 11.744 12.913 11.021 15.745 25.101 19.24 8.672 10.643 8.616 12.501 17.481 26.997 18.69 9.198 11.988 17.926 12.309 11.587 9.342 25.108 12.543 12.577 9.093 7.159 20.438 14.059 9.429 14.872 9.794 6.353 10.892 6.744
1.238 1.459 2.22 1.1 2.32 2.664 3.356 3.031 3.842 0.871 1.782 4.877 2.772 1.261 1.112 3.148 4.795 4.641 3.156 3.08 6.815 2.097 2.446 2.862 5.438 5.029 3.839 4.396 6.117 8.552 7.695 19.022 8.891 8.935 9.944 8.457 12.22 19.926 15.548 6.975 8.632 6.884 10.003 14.015 22.384 15.949 7.895 10.524 16.087 11.024 10.468 8.39 23.424 11.622 11.78 8.437 6.571 19.432 13.291 8.968 14.68 9.662 6.193 10.686 6.412
1.245 1.536 2.502 1.136 2.699 3.055 3.798 3.271 4.169 0.828 1.952 6.174 3.152 1.349 1.239 4.354 6.745 6.179 3.958 3.896 9.461 2.499 3.056 3.744 7.804 6.894 5.054 5.92 8.533 12.049 10.341 26.959 10.96 10.944 12.353 10.266 15.474 25.624 18.476 7.597 9.838 7.703 11.924 17.081 27.091 17.482 7.948 11.068 17.631 11.257 10.7 8.463 26.558 11.567 11.786 8.183 6.297 21.561 13.302 8.434 14.605 9.002 5.615 10.795 6.061
1.371 1.739 2.825 1.282 3.079 3.405 4.11 3.494 4.397 0.881 2.274 6.95 3.552 1.528 1.506 5.427 8.046 7.167 4.554 4.561 10.981 2.911 3.75 4.703 9.624 8.295 6.081 7.257 10.416 14.348 12.145 30.404 12.299 12.308 14.048 11.72 17.631 28.373 20.174 8.285 11.174 8.881 13.837 19.332 29.288 18.517 8.382 12.016 18.949 12.002 11.489 9.23 28.212 12.277 12.488 8.749 6.877 23.203 14.073 8.793 15.168 9.401 5.971 11.781 6.61
1.469 1.658 2.503 1.259 2.586 3.148 4.183 3.856 4.941 1.087 2.017 5.668 3.413 1.511 1.226 3.11 5.311 5.569 3.794 3.56 7.823 2.452 2.664 2.912 5.455 5.422 4.178 4.633 6.388 9.368 8.793 23.182 11.158 10.933 11.776 9.898 14.188 24.518 19.818 8.71 10.115 7.789 10.946 15.951 27.897 20.572 9.994 12.639 19.311 13.552 12.673 9.924 28.359 14.648 14.671 10.27 7.734 22.757 16.683 11.282 18.188 12.026 7.491 12.357 7.496
1.173 1.444 2.24 1.076 2.387 2.658 3.244 2.859 3.599 0.777 1.835 5.02 2.761 1.252 1.211 3.737 5.404 4.995 3.322 3.32 7.472 2.213 2.801 3.426 6.509 5.766 4.371 5.159 7.197 9.781 8.562 20.521 9.135 9.268 10.485 8.876 12.978 20.62 15.49 6.742 8.855 7.127 10.663 14.648 22.327 15.144 7.267 10.166 15.617 10.363 9.935 8.02 22.674 10.706 10.914 7.76 6.144 18.852 12.199 7.995 13.368 8.632 5.555 10.151 5.92
1.455 1.659 2.448 1.272 2.551 3.065 4 3.678 4.59 1.066 1.993 5.244 3.318 1.53 1.294 3.187 5.334 5.736 4.019 3.839 8.097 2.668 2.979 3.308 5.977 5.952 4.695 5.272 7.183 10.284 9.694 24.073 11.985 11.787 12.638 10.671 14.98 24.824 20.189 9.14 10.745 8.432 11.68 16.504 27.609 20.463 10.17 12.844 18.844 13.311 12.438 9.866 26.107 13.951 13.913 9.926 7.645 20.943 15.542 10.643 16.628 11.116 7.071 11.429 7.109
