5.536 6.301 7.334 7.691 7.101 8.916 8.725 7.615 7.673 6.383 7.364 7.623 7.45 8.397 7.294 15.377 15.381 12.702 13.488 10.552 17.227 10.168 7.477 11.368 14.997 16.306 11.196 13.747 17.258 20.014 17.765 20.067 20.038 14.073 14.406 15.889 15.442 19.581 20.396 14.428 16.05 17.392 15.899 18.789 21.791 22.694 14.443 12.68 13.809 23.464 23.169 20 27.032 13.354 12.068 15.509 15.483 14.483 12.537 10.988 14.987 12.976 13.377 17.309 9.845
6.352 7.126 8.18 8.553 7.953 9.776 9.608 8.494 8.539 7.209 8.176 8.431 8.255 9.191 8.091 15.89 16.06 13.592 14.405 11.523 18.041 11.178 8.408 12.222 15.771 17.13 12.217 14.689 18.092 20.831 18.799 21.097 21.142 15.321 15.607 17.039 16.627 20.681 21.566 15.756 17.331 18.664 17.237 20.116 23.166 24.234 16.077 14.254 15.404 25.124 25.103 22.117 29.434 15.421 14.014 17.586 17.616 16.605 14.551 12.874 17.094 15.041 15.47 19.609 11.704
6.687 7.662 8.936 9.385 8.679 10.886 10.629 9.293 9.39 7.856 9.104 9.445 9.27 10.476 9.144 19.113 18.958 15.639 16.595 12.989 21.184 12.51 9.295 14.189 18.647 20.192 13.936 17.179 21.478 24.772 21.959 24.804 24.65 17.322 17.812 19.638 19.107 24.216 25.146 17.791 19.825 21.422 19.535 23.013 26.509 27.399 17.352 15.263 16.637 28.154 27.569 23.695 31.866 15.63 14.241 18.298 18.243 17.058 14.765 12.948 17.661 15.293 15.803 20.4 11.555
6.822 7.695 8.871 9.286 8.603 10.667 10.468 9.2 9.241 7.73 8.801 9.071 8.86 9.895 8.645 17.474 17.641 14.832 15.752 12.459 19.879 12.037 8.931 13.16 17.134 18.67 13.113 15.869 19.683 22.785 20.461 23.065 23.1 16.495 16.795 18.373 17.888 22.451 23.441 16.889 18.642 20.119 18.511 21.761 25.233 26.488 17.278 15.243 16.521 27.583 27.594 24.242 32.774 16.699 15.122 19.163 19.202 18.079 15.765 13.881 18.689 16.355 16.865 21.63 12.624
6.206 7.033 8.128 8.535 7.968 9.797 9.592 8.502 8.604 7.361 8.464 8.8 8.704 9.777 8.699 16.993 16.875 14.129 14.881 11.909 18.622 11.571 8.883 13.132 16.917 18.204 13.042 15.835 19.443 22.135 19.841 22.189 22.003 15.953 16.413 17.983 17.607 21.892 22.67 16.532 18.246 19.576 17.979 20.811 23.56 24.114 15.79 14.009 15.152 24.41 23.858 20.644 26.821 13.908 12.787 16.049 16.026 15.058 13.177 11.673 15.462 13.597 14.014 17.645 10.474
6.609 7.544 8.77 9.204 8.51 10.658 10.423 9.118 9.191 7.667 8.836 9.145 8.956 10.089 8.793 18.317 18.286 15.18 16.136 12.634 20.57 12.168 9.002 13.608 17.873 19.432 13.445 16.495 20.605 23.848 21.22 24 23.914 16.827 17.234 18.95 18.43 23.342 24.299 17.237 19.158 20.699 18.918 22.322 25.835 26.894 17.128 15.055 16.38 27.784 27.431 23.759 32.19 15.849 14.387 18.426 18.399 17.239 14.933 13.087 17.831 15.469 15.981 20.647 11.737
5.866 6.7 7.819 8.204 7.562 9.533 9.318 8.111 8.177 6.782 7.848 8.127 7.938 8.967 7.767 16.582 16.552 13.607 14.454 11.256 18.53 10.832 7.932 12.163 16.105 17.51 11.936 14.716 18.533 21.518 19.041 21.539 21.489 14.997 15.372 16.985 16.494 20.996 21.864 15.366 17.136 18.588 16.958 20.094 23.343 24.3 15.336 13.445 14.674 25.161 24.8 21.333 28.96 14.129 12.768 16.497 16.461 15.378 13.282 11.62 15.948 13.764 14.202 18.46 10.39
5.492 6.176 7.124 7.479 6.986 8.591 8.435 7.47 7.541 6.427 7.368 7.667 7.573 8.503 7.551 14.857 14.843 12.443 13.087 10.467 16.314 10.147 7.714 11.39 14.765 15.964 11.397 13.789 17.006 19.438 17.43 19.454 19.357 14.025 14.352 15.743 15.415 19.173 19.913 14.545 16.012 17.226 15.867 18.38 20.869 21.422 14.116 12.458 13.424 21.516 21.134 18.337 23.66 12.44 11.304 14.141 14.141 13.302 11.659 10.334 13.619 12.003 12.338 15.507 9.318
4.74 5.399 6.279 6.595 6.114 7.646 7.483 6.561 6.625 5.555 6.414 6.657 6.539 7.382 6.464 13.406 13.35 11.07 11.737 9.226 14.913 8.896 6.623 10.01 13.134 14.246 9.902 12.147 15.163 17.49 15.554 17.538 17.451 12.338 12.643 13.906 13.535 17.092 17.766 12.656 14.047 15.158 13.849 16.26 18.698 19.327 12.348 10.841 11.753 19.69 19.319 16.658 22.255 11.081 10.052 12.815 12.772 11.953 10.366 9.098 12.314 10.697 11.041 14.197 8.145
5.503 6.263 7.27 7.638 7.106 8.814 8.62 7.597 7.686 6.52 7.53 7.83 7.725 8.708 7.692 15.478 15.349 12.756 13.464 10.677 16.981 10.336 7.829 11.751 15.277 16.474 11.617 14.201 17.58 20.111 17.93 20.121 19.961 14.284 14.692 16.147 15.771 19.765 20.484 14.748 16.339 17.581 16.091 18.743 21.341 21.886 14.122 12.469 13.519 22.195 21.671 18.665 24.523 12.439 11.383 14.425 14.391 13.489 11.75 10.366 13.89 12.137 12.523 15.929 9.281
4.931 5.665 6.624 6.953 6.41 8.067 7.868 6.854 6.923 5.767 6.7 6.948 6.803 7.693 6.683 14.126 14.018 11.504 12.207 9.511 15.644 9.155 6.754 10.413 13.737 14.874 10.17 12.574 15.779 18.234 16.118 18.225 18.119 12.649 13.027 14.407 14.01 17.822 18.512 13.004 14.537 15.75 14.349 16.973 19.626 20.328 12.779 11.244 12.32 21.069 20.657 17.709 23.96 11.621 10.587 13.717 13.689 12.785 11.042 9.672 13.292 11.476 11.856 15.373 8.616
5.966 6.684 7.673 8.022 7.46 9.168 9.014 7.967 8.007 6.758 7.666 7.91 7.744 8.623 7.588 14.931 15.093 12.759 13.515 10.812 16.925 10.486 7.877 11.47 14.827 16.11 11.471 13.791 17.011 19.596 17.672 19.819 19.873 14.399 14.665 16.031 15.649 19.469 20.308 14.836 16.322 17.597 16.264 18.985 21.867 22.867 15.186 13.459 14.547 23.68 23.653 20.821 27.611 14.515 13.167 16.518 16.551 15.601 13.677 12.108 16.048 14.126 14.513 18.364 10.996
6.37 7.123 8.193 8.603 8.005 9.97 9.852 8.676 8.701 7.258 8.241 8.536 8.371 9.401 8.245 17.059 17.498 14.793 15.701 12.377 19.676 11.898 8.736 12.769 16.865 18.64 13.086 15.782 19.742 23.073 20.743 23.338 23.408 16.657 16.784 18.316 17.819 22.401 23.504 16.965 18.614 20.09 18.509 21.716 25.176 26.344 17.163 14.924 15.922 26.208 26.159 22.835 30.244 15.478 13.737 17.144 17.105 16.052 13.962 12.243 16.288 14.253 14.627 18.695 11.042
6.191 6.868 7.848 8.212 7.65 9.416 9.328 8.262 8.276 6.944 7.811 8.054 7.878 8.768 7.716 15.354 15.961 13.714 14.592 11.678 18.218 11.335 8.379 11.99 15.612 17.222 12.308 14.673 18.191 21.228 19.316 21.699 21.891 15.853 15.941 17.317 16.859 20.956 22.007 16.128 17.605 18.969 17.572 20.519 23.782 25.066 16.715 14.646 15.631 25.266 25.432 22.452 29.635 15.631 13.921 17.216 17.167 16.115 14.06 12.361 16.236 14.277 14.588 18.422 11.098
7.029 7.935 9.212 9.71 9.012 11.3 11.109 9.741 9.8 8.174 9.392 9.748 9.579 10.821 9.473 19.874 20.126 16.819 17.821 13.933 22.568 13.444 9.861 14.741 19.488 21.374 14.867 18.127 22.7 26.423 23.614 26.679 26.587 18.695 18.945 20.723 20.14 25.504 26.662 18.954 20.875 22.482 20.523 24.109 27.888 29.033 18.49 16.012 17.189 29.045 28.88 25.062 33.738 16.721 14.915 18.84 18.796 17.599 15.206 13.249 17.927 15.626 16.14 20.879 11.961
4.775 5.308 6.056 6.339 5.9 7.348 7.331 6.472 6.448 5.324 5.937 6.097 5.952 6.649 5.819 12.071 12.942 11.126 11.822 9.261 14.581 8.822 6.366 9 11.886 13.506 9.552 11.366 14.219 16.954 15.416 17.345 17.483 12.411 12.315 13.291 12.904 16.242 17.266 12.529 13.668 14.757 13.684 16.182 19.084 20.359 13.338 11.539 12.194 20.004 20.389 17.987 23.977 12.268 10.731 13.167 13.136 12.37 10.78 9.441 12.505 10.991 11.248 14.386 8.577
5.659 6.32 7.264 7.627 7.114 8.817 8.708 7.677 7.7 6.458 7.34 7.627 7.501 8.424 7.418 15.119 15.409 12.956 13.662 10.804 16.97 10.366 7.67 11.222 14.833 16.353 11.511 13.859 17.302 20.117 18.035 20.166 20.199 14.445 14.592 15.983 15.611 19.578 20.518 14.891 16.353 17.682 16.35 19.132 22.062 22.942 15.047 13.128 14.04 22.778 22.678 19.742 25.649 13.377 11.886 14.822 14.855 13.989 12.239 10.805 14.283 12.568 12.881 16.318 9.801
5.137 5.761 6.637 6.968 6.474 8.088 7.98 7.011 7.033 5.85 6.655 6.89 6.75 7.586 6.632 13.861 14.141 11.9 12.648 9.942 15.919 9.543 6.993 10.283 13.619 15.039 10.489 12.695 15.919 18.611 16.676 18.792 18.849 13.357 13.484 14.743 14.334 18.078 18.956 13.619 14.983 16.192 14.903 17.537 20.371 21.327 13.832 12.036 12.873 21.361 21.3 18.572 24.729 12.565 11.164 13.997 13.971 13.109 11.394 9.986 13.346 11.65 11.965 15.343 9.001
4.751 5.471 6.408 6.718 6.149 7.859 7.665 6.614 6.653 5.418 6.273 6.462 6.266 7.089 6.046 13.528 13.491 11.026 11.823 9.069 15.392 8.66 6.197 9.624 12.883 14.093 9.387 11.681 14.863 17.436 15.34 17.528 17.53 11.984 12.26 13.552 13.08 16.879 17.622 12.143 13.625 14.826 13.459 16.175 19.081 20.095 12.43 10.85 11.879 21.178 20.977 18.078 25.398 11.933 10.748 14.072 14.027 13.088 11.232 9.755 13.679 11.688 12.111 16.062 8.75
6.446 7.304 8.48 8.927 8.289 10.357 10.159 8.92 8.99 7.536 8.675 9.007 8.86 9.998 8.774 18.152 18.235 15.206 16.096 12.634 20.368 12.199 9.045 13.55 17.812 19.425 13.564 16.559 20.653 23.902 21.338 24.064 23.941 16.92 17.241 18.895 18.398 23.231 24.215 17.277 19.076 20.544 18.774 22.012 25.349 26.278 16.797 14.652 15.8 26.504 26.202 22.691 30.364 15.125 13.617 17.242 17.21 16.127 13.973 12.227 16.513 14.401 14.874 19.141 11.007
5.282 5.814 6.62 6.905 6.401 7.924 7.899 6.979 6.967 5.779 6.453 6.618 6.424 7.104 6.194 12.581 13.41 11.681 12.557 10.039 15.931 9.898 7.176 10.15 13.225 14.757 10.495 12.445 15.501 18.311 16.793 19.068 19.416 13.995 13.932 15.035 14.53 18.059 19.05 13.839 14.974 16.103 14.891 17.414 20.382 21.822 14.536 12.608 13.322 21.854 22.418 20.041 27.186 14.309 12.591 15.522 15.418 14.416 12.465 10.802 14.176 12.383 12.598 16.056 9.562
6.232 7.084 8.221 8.607 7.922 10.001 9.798 8.526 8.562 7.036 8.056 8.288 8.047 9.042 7.779 16.773 16.875 14.004 14.996 11.67 19.283 11.194 8.107 12.226 16.194 17.739 12.081 14.827 18.698 21.881 19.446 22.115 22.196 15.48 15.752 17.306 16.738 21.335 22.309 15.698 17.461 18.936 17.308 20.62 24.211 25.549 16.243 14.222 15.438 26.721 26.646 23.226 32.149 15.751 14.157 18.195 18.156 17.005 14.7 12.835 17.622 15.208 15.709 20.541 11.592
5.014 5.668 6.554 6.881 6.417 7.913 7.756 6.86 6.935 5.907 6.791 7.062 6.973 7.838 6.951 13.749 13.693 11.448 12.064 9.631 15.118 9.344 7.112 10.551 13.663 14.741 10.495 12.745 15.72 17.959 16.081 17.99 17.877 12.913 13.25 14.536 14.218 17.717 18.376 13.36 14.742 15.849 14.559 16.888 19.183 19.681 12.87 11.375 12.29 19.878 19.468 16.843 21.918 11.357 10.37 13.036 13.017 12.222 10.683 9.451 12.536 11.007 11.332 14.309 8.485
6.011 6.944 8.164 8.598 7.9 10.117 9.862 8.525 8.601 7.047 8.223 8.528 8.331 9.494 8.159 18.319 18.14 14.782 15.789 12.082 20.501 11.527 8.308 13.011 17.479 19.101 12.763 15.953 20.299 23.722 20.808 23.74 23.593 16.09 16.483 18.229 17.623 22.773 23.721 16.321 18.293 19.843 17.946 21.452 25.065 26.069 15.97 13.845 15.081 26.729 26.171 22.342 30.934 14.394 12.945 16.885 16.79 15.637 13.39 11.602 16.229 13.864 14.389 19.042 10.338
6.425 7.054 8.112 8.557 7.921 9.75 9.634 8.605 8.674 7.267 8.173 8.432 8.237 9.303 8.136 16.53 17.207 14.713 15.59 12.381 19.641 12.221 8.969 12.989 16.962 18.882 13.424 16.032 19.953 23.299 21.165 23.806 24.028 17.32 17.362 18.818 18.252 22.669 23.689 17.068 18.72 20.055 18.301 21.293 24.402 25.751 16.977 14.635 15.384 25.057 25.362 22.331 29.578 15.521 13.694 16.913 16.86 15.95 13.888 12.087 15.833 13.855 14.087 17.855 10.602
6.05 6.854 7.92 8.295 7.689 9.535 9.343 8.216 8.272 6.946 7.945 8.206 8.037 8.998 7.882 15.902 15.956 13.366 14.182 11.226 17.92 10.851 8.106 12.027 15.643 16.983 11.933 14.497 17.97 20.726 18.568 20.915 20.892 14.923 15.26 16.727 16.302 20.457 21.305 15.338 16.971 18.309 16.824 19.744 22.786 23.772 15.449 13.659 14.834 24.672 24.493 21.391 28.729 14.578 13.268 16.842 16.851 15.84 13.805 12.165 16.374 14.306 14.749 18.867 10.982
4.988 5.564 6.384 6.69 6.197 7.752 7.671 6.734 6.73 5.548 6.251 6.424 6.248 6.98 6.056 12.761 13.242 11.273 12.076 9.479 15.295 9.125 6.594 9.556 12.639 14.057 9.789 11.784 14.799 17.475 15.767 17.887 18.051 12.762 12.79 13.902 13.457 16.989 17.901 12.836 14.071 15.199 13.992 16.551 19.469 20.719 13.48 11.705 12.487 21.039 21.317 18.837 25.727 13.021 11.511 14.391 14.353 13.465 11.667 10.168 13.628 11.886 12.207 15.77 9.199
6.491 7.389 8.601 9.054 8.382 10.54 10.325 9.028 9.096 7.573 8.739 9.064 8.894 10.056 8.771 18.54 18.577 15.422 16.374 12.763 20.861 12.282 9.028 13.66 18.058 19.723 13.616 16.713 20.952 24.334 21.64 24.493 24.376 17.065 17.4 19.104 18.563 23.585 24.593 17.384 19.265 20.788 18.954 22.352 25.875 26.897 17.018 14.82 16.022 27.298 26.965 23.308 31.545 15.431 13.878 17.702 17.655 16.523 14.272 12.453 16.977 14.726 15.228 19.75 11.187
6.442 7.372 8.6 9.03 8.301 10.511 10.274 8.917 8.962 7.361 8.489 8.76 8.53 9.622 8.282 17.939 17.979 14.851 15.86 12.246 20.425 11.735 8.482 12.967 17.246 18.883 12.801 15.783 19.916 23.291 20.637 23.499 23.47 16.216 16.542 18.215 17.646 22.606 23.618 16.475 18.364 19.913 18.143 21.646 25.391 26.706 16.721 14.59 15.913 27.879 27.736 24.057 33.437 15.973 14.376 18.619 18.617 17.431 15.011 13.066 18.11 15.61 16.165 21.228 11.766
5.263 6.04 7.053 7.391 6.799 8.561 8.353 7.264 7.323 6.07 7.029 7.268 7.091 7.997 6.916 14.662 14.608 12.008 12.768 9.933 16.388 9.553 7.002 10.771 14.215 15.424 10.51 12.973 16.297 18.894 16.72 18.935 18.878 13.155 13.526 14.953 14.526 18.499 19.249 13.502 15.1 16.386 14.947 17.745 20.639 21.525 13.553 11.938 13.106 22.567 22.269 19.186 26.213 12.7 11.556 15.014 15.006 14.03 12.118 10.613 14.635 12.629 13.046 16.97 9.49
