2.045 2.155 6.4 3.306 10.004 10.754 7.65 11.156 14.728 6.55 7.606 5.985 7.49 3.84 0.559 10.255 10.544 7.24 5.51 4.02 14.125 5.709 4.507 5.316 10.766 11.784 6.596 12.128 9.917 21.331 14.93 19.592 13.075 11.455 6.421 12.821 11.738 24.814 20.837 9.957 11.695 14.291 12.339 15.333 13.541 17.03 13.729 13.089 10.357 17.32 14.111 18.764 22.54 8.137 9.646 10.762 18.445 9.475 8.688 13.007 9.407 5.225 10.04 18.684 5.982
2.024 2.29 6.494 3.394 9.73 10.214 7.331 10.482 13.495 6.232 7.335 5.922 7.434 3.972 0.628 11.199 10.873 7.531 5.921 4.514 14.937 6.253 5.133 6.206 12.047 12.905 7.424 13.479 11.099 22.616 16.035 20.566 13.996 12.424 7.262 14.315 13.037 25.991 21.798 10.716 12.767 15.447 13.355 16.317 14.391 17.712 14.312 13.624 10.903 17.622 14.324 18.522 21.635 8.129 9.855 10.94 17.861 9.378 8.737 12.796 9.293 5.345 10.174 17.697 5.884
2.476 2.918 7.882 4.133 11.287 11.69 8.442 11.923 15.175 7.207 8.522 6.966 8.671 4.732 0.791 13.244 12.319 8.488 6.777 5.289 16.581 7.098 5.929 7.206 13.458 14.188 8.296 14.843 12.273 24.132 17.36 22.019 15.262 13.713 8.255 16.036 14.548 27.92 23.591 11.878 14.326 17.271 15.001 18.211 16.159 19.77 16.146 15.484 12.583 20.047 16.405 20.998 24.39 9.491 11.728 13.029 20.712 11.099 10.497 15.241 11.173 6.6 12.462 20.812 7.124
2.092 2.705 7.852 3.942 11.209 11.341 7.939 11.351 14.385 6.524 7.984 6.557 8.415 4.486 0.654 14.825 13.141 8.694 6.869 5.398 17.934 7.324 6.168 7.79 14.856 15.346 8.655 16.109 13.101 26.032 18.149 23.003 15.486 13.9 8.219 16.997 15.251 29.478 24.181 11.586 14.419 17.59 15.06 18.331 15.986 19.544 15.604 14.851 11.912 19.393 15.521 19.865 22.748 8.274 10.726 12.074 19.381 9.911 9.432 14.006 9.996 5.757 11.626 19.373 6.125
2.142 2.243 5.918 3.282 9.013 10.016 7.435 10.464 13.735 6.571 7.357 5.865 7.128 3.852 0.621 9.041 9.695 6.989 5.389 3.997 12.538 5.646 4.474 5.151 9.805 10.937 6.461 11.189 9.448 19.212 14.251 18.314 12.691 11.072 6.411 11.872 11.105 22.301 19.615 9.908 11.219 13.427 11.786 14.355 12.89 15.907 13.143 12.509 10.035 15.974 13.437 17.465 20.957 8.197 9.375 10.279 16.863 9.289 8.458 12.151 9.094 5.244 9.426 16.859 6.005
1.936 2.359 6.203 3.344 8.655 9.02 6.582 9.134 11.588 5.601 6.548 5.383 6.662 3.686 0.583 10.117 9.441 6.575 5.196 4.065 12.189 5.452 4.537 5.505 9.997 10.549 6.241 10.893 9.116 17.447 12.814 16.134 11.278 10.096 6.105 11.716 10.775 20.192 17.338 8.817 10.529 12.684 11.107 13.405 11.965 14.562 11.995 11.504 9.397 14.816 12.304 15.647 18.193 7.165 8.851 9.892 15.552 8.516 8.033 11.586 8.613 5.121 9.621 15.81 5.551
2.354 3.01 7.83 4.254 10.836 11.056 8.038 11.068 13.763 6.75 8.059 6.772 8.49 4.842 0.825 14.273 12.935 8.967 7.246 5.85 17.211 7.778 6.662 8.255 14.767 15.311 9.166 16.004 13.383 24.845 18.073 22.382 15.674 14.166 8.81 16.917 15.468 28.046 23.611 12.116 14.674 17.581 15.313 18.247 16.14 19.302 15.759 15.021 12.286 18.999 15.603 19.444 21.987 8.785 11.052 12.312 18.847 10.321 9.824 13.997 10.349 6.283 11.818 18.759 6.638
2.311 2.856 7.091 4.013 9.739 10.122 7.516 10.191 12.7 6.428 7.488 6.297 7.759 4.513 0.798 12.007 11.342 8.091 6.526 5.253 14.699 6.99 5.941 7.218 12.63 13.282 8.151 13.773 11.712 21.37 15.996 19.751 14.089 12.702 7.98 14.756 13.701 24.493 21.145 11.156 13.199 15.726 13.864 16.448 14.721 17.562 14.562 13.918 11.476 17.46 14.62 18.151 20.686 8.582 10.497 11.655 17.674 10.018 9.464 13.279 10.027 6.172 11.174 17.652 6.586
2.597 2.769 6.593 3.879 9.981 11.21 8.526 11.763 15.176 7.595 8.472 6.891 8.281 4.709 0.865 10.069 11.372 8.526 6.77 5.171 14.939 7.198 5.875 6.71 12.264 13.832 8.529 14.272 12.304 24.03 18.167 23.008 16.319 14.387 8.678 15.247 14.435 27.774 24.587 12.982 14.581 17.191 15.237 18.255 16.482 19.945 16.627 15.8 12.82 19.522 16.562 20.996 24.697 10.225 11.569 12.508 19.653 11.273 10.326 14.3 10.912 6.551 11.095 19.019 7.274
3.018 3.137 7.518 4.362 11.305 12.838 9.775 13.557 17.739 8.828 9.739 7.811 9.288 5.175 0.913 10.679 11.962 8.885 6.933 5.184 15.032 7.169 5.718 6.421 11.697 13.202 8.057 13.439 11.524 22.769 17.326 22.102 15.637 13.68 8.105 14.211 13.414 26.23 23.54 12.341 13.752 16.227 14.374 17.329 15.72 19.245 16.146 15.416 12.505 19.357 16.578 21.361 25.682 10.569 11.891 12.876 20.617 11.829 10.791 15.11 11.559 6.862 11.721 20.573 7.82
2.346 2.732 7.277 3.954 10.54 11.107 8.143 11.357 14.457 6.985 8.124 6.66 8.266 4.584 0.759 12.528 12.035 8.516 6.766 5.264 16.164 7.212 5.989 7.227 13.403 14.327 8.51 14.919 12.497 24.287 17.755 22.4 15.594 13.88 8.338 15.881 14.616 27.835 23.816 12.115 14.269 17.098 14.921 17.979 15.982 19.388 15.872 15.11 12.23 19.183 15.846 20.121 23.308 9.183 11.068 12.24 19.333 10.556 9.854 14.115 10.448 6.176 11.443 19.119 6.744
2.013 2.488 6.243 3.465 8.556 8.868 6.553 8.955 11.207 5.604 6.551 5.469 6.735 3.856 0.665 10.362 9.628 6.805 5.472 4.376 12.445 5.792 4.907 5.958 10.5 11.02 6.696 11.432 9.662 17.855 13.29 16.521 11.746 10.601 6.605 12.347 11.399 20.618 17.77 9.311 11.096 13.261 11.67 13.93 12.474 14.991 12.43 11.926 9.834 15.13 12.636 15.816 18.149 7.445 9.179 10.21 15.616 8.769 8.316 11.769 8.848 5.408 9.899 15.75 5.78
2.603 2.635 6.222 3.654 9.553 11.197 8.577 11.891 15.773 7.83 8.489 6.741 7.951 4.398 0.759 8.611 10.113 7.578 5.841 4.293 12.443 6.029 4.723 5.206 9.503 10.956 6.685 11.052 9.533 19.063 14.679 18.755 13.23 11.432 6.665 11.506 10.951 21.784 19.875 10.343 11.297 13.273 11.775 14.204 12.927 15.87 13.354 12.7 10.239 15.858 13.715 17.768 21.643 8.861 9.756 10.48 16.969 9.807 8.837 12.329 9.475 5.565 9.387 16.876 6.461
1.615 1.654 4.537 2.531 7.246 8.156 5.998 8.488 11.198 5.238 5.854 4.655 5.734 3.077 0.482 7.48 8.414 6.071 4.646 3.412 11.236 5.007 3.935 4.547 8.983 10.187 5.95 10.44 8.825 18.383 13.45 17.305 11.799 10.192 5.799 10.88 10.249 21.11 18.361 9.064 10.158 12.191 10.655 12.986 11.566 14.237 11.608 10.919 8.629 13.781 11.484 14.905 17.782 6.752 7.59 8.299 13.821 7.48 6.711 9.654 7.157 4.045 7.29 13.413 4.668
1.966 2.218 5.436 3.122 7.741 8.371 6.341 8.644 10.994 5.608 6.333 5.223 6.32 3.631 0.654 8.725 8.778 6.44 5.15 4.03 11.408 5.499 4.551 5.355 9.535 10.357 6.402 10.719 9.196 17.256 13.165 16.436 11.788 10.478 6.439 11.556 10.814 19.939 17.674 9.405 10.765 12.727 11.259 13.404 12.09 14.527 12.144 11.584 9.49 14.415 12.212 15.321 17.829 7.487 8.731 9.551 14.692 8.451 7.837 10.917 8.309 5.046 8.84 14.481 5.544
2.438 2.546 6.525 3.641 9.948 10.97 8.136 11.504 15.038 7.188 8.112 6.464 7.814 4.231 0.708 9.368 10.151 7.313 5.662 4.193 12.9 5.748 4.577 5.2 9.779 10.836 6.403 11.002 9.222 18.704 13.674 17.625 12.2 10.717 6.25 11.423 10.628 21.305 18.487 9.424 10.742 12.831 11.261 13.734 12.337 15.272 12.638 12.103 9.765 15.569 13.082 17.094 20.542 8.108 9.338 10.245 16.853 9.292 8.54 12.267 9.22 5.381 9.554 17.158 6.135
2.147 2.288 5.334 3.141 7.707 8.684 6.719 9.16 11.846 6.134 6.748 5.498 6.508 3.735 0.691 7.869 8.525 6.41 5.096 3.917 10.856 5.405 4.387 4.999 8.853 9.9 6.207 10.201 8.869 16.846 13.179 16.565 11.99 10.555 6.427 11.084 10.471 19.572 17.857 9.628 10.726 12.564 11.165 13.276 12.08 14.563 12.307 11.733 9.599 14.454 12.438 15.687 18.584 7.956 8.962 9.668 14.9 8.76 8.016 11.027 8.495 5.149 8.676 14.512 5.75
1.71 1.992 6.195 3.069 9.432 9.705 6.733 9.834 12.695 5.558 6.729 5.407 6.972 3.596 0.519 11.56 10.859 7.218 5.616 4.255 15.29 5.965 4.888 6.07 12.275 12.952 7.145 13.575 10.936 22.997 15.695 20.245 13.36 11.837 6.751 14.133 12.676 26.005 21.148 9.887 12.093 14.829 12.628 15.572 13.518 16.752 13.242 12.542 9.896 16.49 13.081 17.072 19.838 6.983 8.736 9.813 16.421 8.187 7.651 11.525 8.136 4.539 9.167 16.283 4.991
2.319 2.504 5.756 3.402 8.286 9.254 7.158 9.76 12.539 6.51 7.222 5.918 7.02 4.064 0.778 8.52 9.189 6.927 5.554 4.306 11.805 5.872 4.821 5.507 9.689 10.783 6.79 11.149 9.68 18.286 14.206 17.85 12.94 11.473 7.065 12.164 11.474 21.294 19.249 10.455 11.74 13.752 12.238 14.546 13.233 15.928 13.459 12.865 10.57 15.858 13.608 17.118 20.154 8.69 9.873 10.662 16.326 9.615 8.862 12.156 9.378 5.746 9.63 15.932 6.345
2.231 2.529 6.014 3.45 8.463 9.016 6.836 9.34 11.777 6.052 6.906 5.726 6.906 4.005 0.774 9.35 9.29 6.825 5.543 4.388 12.2 5.835 4.905 5.763 10.145 10.917 6.796 11.368 9.715 18.109 13.7 17.117 12.355 11.116 6.958 12.384 11.505 20.992 18.409 9.953 11.539 13.62 12.062 14.357 12.966 15.572 13.05 12.527 10.352 15.639 13.204 16.532 19.133 8.186 9.654 10.552 16.058 9.278 8.71 12.08 9.216 5.7 9.858 15.898 6.159
2.206 2.885 7.956 4.145 11.143 11.226 7.939 11.06 13.753 6.515 7.931 6.667 8.521 4.755 0.786 15.511 13.784 9.172 7.345 5.927 18.502 7.945 6.781 8.57 15.779 16.167 9.371 16.899 13.912 26.298 18.623 22.993 15.764 14.22 8.744 17.503 15.816 29.148 24.011 11.873 14.657 17.729 15.268 18.268 15.969 19.135 15.377 14.585 11.824 18.626 15.04 18.802 21.137 8.114 10.459 11.741 18.238 9.648 9.21 13.374 9.694 5.779 11.337 18.242 6.104
3.137 3.374 7.936 4.61 11.627 12.856 9.781 13.522 17.427 8.78 9.854 8.006 9.547 5.408 1.003 11.277 12.193 9.022 7.149 5.456 15.365 7.318 5.965 6.769 12.077 13.352 8.21 13.639 11.652 22.483 16.971 21.543 15.361 13.637 8.28 14.504 13.603 25.881 22.906 12.216 13.869 16.372 14.525 17.454 15.833 19.295 16.22 15.587 12.785 19.643 16.759 21.445 25.476 10.691 12.304 13.402 21.095 12.163 11.279 15.748 12.085 7.334 12.515 21.317 8.184
1.732 1.949 5.244 2.819 7.681 8.172 5.979 8.416 10.834 5.161 5.957 4.816 5.94 3.227 0.521 8.474 8.299 5.856 4.598 3.508 10.996 4.82 3.937 4.687 8.819 9.51 5.589 9.852 8.221 16.366 11.933 15.231 10.55 9.352 5.524 10.546 9.703 18.955 16.29 8.218 9.637 11.584 10.112 12.29 10.956 13.446 11.031 10.539 8.511 13.552 11.221 14.452 17.002 6.617 7.912 8.754 14.099 7.646 7.11 10.28 7.603 4.438 8.235 14.123 4.918
2.128 2.393 6.855 3.566 10.309 10.855 7.776 11.153 14.42 6.612 7.769 6.245 7.841 4.156 0.642 11.713 11.411 7.883 6.161 4.665 15.608 6.492 5.297 6.393 12.491 13.416 7.676 13.986 11.502 23.641 16.739 21.554 14.617 12.947 7.508 14.875 13.554 27.27 22.892 11.185 13.31 16.137 13.946 17.09 15.074 18.623 15.041 14.321 11.437 18.606 15.128 19.652 23.062 8.588 10.397 11.558 19.013 9.937 9.236 13.589 9.854 5.627 10.768 18.902 6.23
2.525 2.825 6.878 4.001 10.071 10.9 8.259 11.277 14.241 7.249 8.227 6.823 8.308 4.827 0.917 11.549 11.991 8.91 7.211 5.679 16.185 7.783 6.507 7.659 13.765 15.018 9.32 15.624 13.39 25.157 18.929 23.505 16.767 14.9 9.209 16.402 15.337 28.296 24.71 13.171 15.045 17.704 15.62 18.508 16.593 19.771 16.392 15.532 12.664 19.001 15.946 19.833 22.765 9.581 11.099 12.073 18.457 10.598 9.825 13.567 10.3 6.291 10.858 17.801 6.857
1.979 2.144 5.336 3.077 7.932 8.78 6.653 9.156 11.784 5.912 6.616 5.4 6.542 3.711 0.658 8.697 9.259 6.857 5.442 4.185 12.274 5.866 4.786 5.571 10.203 11.32 6.945 11.72 10.062 19.439 14.751 18.546 13.147 11.557 6.955 12.457 11.705 22.259 19.742 10.35 11.671 13.777 12.148 14.507 13.043 15.719 13.056 12.364 10.006 15.266 12.892 16.266 19.034 7.836 8.937 9.703 15.17 8.643 7.909 11.023 8.347 4.979 8.658 14.654 5.543
1.998 2.38 6.892 3.507 10.125 10.425 7.375 10.576 13.53 6.174 7.408 6.019 7.642 4.063 0.626 12.427 11.495 7.767 6.132 4.737 15.861 6.495 5.395 6.663 12.906 13.576 7.714 14.239 11.625 23.531 16.499 21.062 14.246 12.718 7.466 15.105 13.617 26.88 22.266 10.792 13.144 15.978 13.733 16.778 14.71 18.078 14.51 13.818 11.064 17.996 14.485 18.671 21.623 7.989 9.985 11.156 18.121 9.359 8.811 13.021 9.355 5.374 10.541 18.025 5.825
2 2.107 5.351 3.083 8.389 9.359 6.983 9.758 12.64 6.11 6.872 5.554 6.783 3.772 0.655 8.62 9.78 7.209 5.661 4.267 13.127 6.057 4.9 5.643 10.731 12.095 7.27 12.461 10.617 21.328 15.704 19.995 13.888 12.17 7.182 13.028 12.286 24.347 21.115 10.813 12.197 14.501 12.753 15.384 13.757 16.73 13.745 12.987 10.406 16.154 13.508 17.261 20.28 8.056 9.129 9.927 15.995 8.891 8.096 11.396 8.564 5.02 8.729 15.44 5.632
2.484 2.752 6.472 3.779 9.29 10.107 7.726 10.549 13.388 6.895 7.779 6.426 7.719 4.484 0.866 10.034 10.456 7.8 6.308 4.954 13.768 6.699 5.585 6.494 11.497 12.587 7.878 13.091 11.271 21.175 16.143 20.206 14.577 13.022 8.091 14.204 13.303 24.496 21.674 11.723 13.386 15.743 13.965 16.598 15.008 18.003 15.097 14.429 11.866 17.829 15.117 18.918 21.966 9.403 10.878 11.817 18.024 10.48 9.744 13.422 10.277 6.325 10.763 17.575 6.884
2.553 2.604 5.798 3.485 8.774 10.576 8.295 11.372 15.093 7.724 8.275 6.601 7.69 4.353 0.788 8.089 9.75 7.541 5.906 4.4 12.154 6.212 4.925 5.407 9.606 11.277 7.095 11.54 10.142 19.942 15.894 20.185 14.498 12.526 7.412 12.387 11.879 23.202 21.802 11.6 12.52 14.519 12.949 15.481 14.185 17.253 14.653 13.901 11.246 16.958 14.827 18.968 23.044 9.728 10.583 11.192 17.599 10.467 9.418 12.836 9.955 5.937 9.703 16.958 6.796
