1.198 1.051 2.037 1.093 1.508 1.896 3.392 2.471 3.77 1.107 1.892 5.695 3.224 1.514 1.252 3.072 6.29 6.218 4.968 4.125 8.166 2.933 2.818 2.885 5.37 6.074 3.985 4.475 5.471 8.123 9.324 32.224 16.365 13.089 15.783 13.909 20.952 28.862 19.035 11.763 11.345 9.762 12.075 17.618 27.476 24.107 10.173 13.536 21.117 18.676 17.119 14.253 30.52 17.878 14.394 15.012 11.454 22.631 17.105 12.953 17.234 11.529 9.316 13.257 8.389
1.328 1.175 2.212 1.213 1.642 2.035 3.529 2.658 4.001 1.246 2.098 5.909 3.508 1.69 1.419 3.387 6.537 6.56 5.376 4.551 8.804 3.322 3.2 3.296 5.939 6.558 4.361 4.895 5.969 8.694 9.914 32.712 18.214 14.729 17.758 15.738 23.161 31.526 21.461 13.516 13.1 11.33 13.809 19.553 29.642 26.554 11.666 15.459 23.608 20.837 19.105 16.039 33.069 20.033 16.22 16.922 13.026 24.78 18.926 14.457 19.037 12.954 10.536 14.75 9.449
1.119 1.035 2.181 1.094 1.621 2.009 3.366 2.327 3.542 1 2.062 5.876 3.035 1.393 1.291 3.729 6.567 5.673 4.324 3.689 7.65 2.583 2.788 3.153 6.286 6.468 4.051 4.859 6.11 8.83 9.39 27.591 13.104 10.349 13.255 11.72 17.897 23.439 14.925 9.365 9.788 8.695 11.281 16.263 23.496 19.36 7.853 11.739 18.968 15.966 14.534 12.237 26.912 14.809 12.062 13.202 10.153 21.207 14.961 11.17 15.608 10.222 8.555 13.126 7.974
1.175 1.094 2.286 1.171 1.736 2.153 3.582 2.514 3.82 1.114 2.312 6.505 3.438 1.608 1.516 4.331 7.558 6.551 5.016 4.304 8.825 3.06 3.331 3.795 7.483 7.704 4.884 5.873 7.38 10.587 11.241 32.03 15.379 12.151 15.472 13.705 20.693 26.83 17.178 10.858 11.358 10.117 13.039 18.573 26.415 21.689 8.895 13.206 21.077 17.733 16.108 13.577 29.207 16.211 13.209 14.402 11.126 22.801 16.131 12.047 16.651 10.982 9.223 14.036 8.605
1.437 1.323 2.483 1.402 1.937 2.359 3.768 2.805 4.084 1.371 2.492 6.448 3.77 1.922 1.764 4.39 7.563 6.962 5.613 4.887 9.254 3.674 3.833 4.245 7.75 8.207 5.542 6.431 7.914 11.096 12.016 32.198 17.394 14.225 17.504 15.841 22.916 29.538 20.253 13.389 13.666 12.328 15.325 21.085 29.422 25.314 11.594 15.911 24.022 20.986 19.296 16.529 32.314 19.663 16.292 17.37 13.816 25.601 19.305 14.939 19.587 13.664 11.553 16.385 10.784
1.507 1.321 2.545 1.361 1.86 2.31 4.074 2.952 4.442 1.296 2.186 6.344 3.562 1.656 1.359 3.265 6.52 6.415 5.109 4.229 8.327 2.989 2.862 2.913 5.348 5.997 3.923 4.386 5.332 7.866 9.013 31.369 16.104 12.954 15.692 13.889 21.04 29.284 19.46 12.062 11.655 10.036 12.429 18.218 28.77 25.585 10.852 14.531 22.846 20.383 18.823 15.756 34.084 20.134 16.298 17.077 13.074 26.004 19.807 15.08 20.214 13.599 11.031 15.759 9.99
1.404 1.285 2.345 1.325 1.785 2.166 3.496 2.599 3.74 1.229 2.119 5.504 3.282 1.654 1.48 3.531 6.384 6.191 5.064 4.38 8.277 3.234 3.283 3.534 6.319 6.869 4.656 5.341 6.547 9.312 10.369 30.177 16.366 13.477 16.482 14.884 21.672 28.484 19.483 12.741 12.89 11.657 14.571 20.378 29.209 25.437 11.612 15.806 23.727 20.874 19.184 16.391 31.851 19.585 16.2 17.214 13.71 25.155 19.273 15.018 19.648 13.757 11.584 16.202 10.749
1.079 0.997 2.119 1.068 1.596 1.991 3.371 2.344 3.612 1.024 2.132 6.188 3.202 1.481 1.372 4.005 7.129 6.174 4.716 4.021 8.373 2.823 3.044 3.448 6.924 7.153 4.49 5.387 6.787 9.841 10.484 30.973 14.531 11.462 14.62 12.87 19.629 25.629 16.237 10.151 10.543 9.317 12.053 17.36 25.026 20.495 8.272 12.265 19.773 16.583 15.06 12.63 27.743 15.149 12.302 13.393 10.254 21.409 15.015 11.165 15.523 10.121 8.441 12.936 7.841
1.185 1.065 2.126 1.118 1.589 1.996 3.45 2.43 3.737 1.101 2.017 6.106 3.216 1.543 1.337 3.571 6.941 6.328 4.995 4.232 8.574 3.007 3.015 3.231 6.341 6.917 4.457 5.114 6.366 9.417 10.404 32.93 15.79 12.69 15.789 13.98 21.135 28.043 18.186 11.496 11.503 10.13 12.793 18.479 27.341 23.033 9.792 13.491 21.278 18.335 16.756 14.063 30 17.009 13.871 14.776 11.389 22.753 16.596 12.59 16.95 11.3 9.307 13.565 8.551
1.174 1.059 1.966 1.092 1.475 1.803 2.989 2.224 3.265 1.047 1.789 4.802 2.827 1.397 1.216 2.905 5.363 5.226 4.277 3.673 7.024 2.709 2.689 2.842 5.106 5.564 3.73 4.23 5.169 7.416 8.313 25.43 13.979 11.462 13.998 12.579 18.439 24.618 16.839 10.872 10.822 9.613 11.888 16.697 24.494 21.611 9.729 13.133 19.949 17.577 16.159 13.721 27.497 16.751 13.756 14.538 11.417 21.366 16.306 12.601 16.581 11.464 9.521 13.363 8.718
1.276 1.168 2.166 1.214 1.658 2.027 3.282 2.397 3.491 1.131 1.991 5.36 3.058 1.539 1.382 3.404 6.22 5.81 4.693 4.053 7.766 2.977 3.043 3.302 6.079 6.607 4.422 5.079 6.257 8.963 9.881 28.365 14.77 12.121 14.939 13.493 19.777 25.807 17.452 11.43 11.631 10.543 13.249 18.557 26.395 22.679 10.286 14.082 21.341 18.709 17.186 14.681 28.855 17.503 14.492 15.454 12.297 22.835 17.336 13.467 17.677 12.32 10.384 14.654 9.692
1.399 1.255 2.306 1.271 1.69 2.05 3.428 2.642 3.927 1.258 2.108 5.416 3.316 1.641 1.418 3.283 5.835 5.988 5.109 4.443 8.45 3.258 3.179 3.3 5.688 6.031 4.038 4.574 5.585 7.968 9.026 29.298 17.801 14.777 17.976 15.915 22.978 31.061 21.659 13.895 13.646 11.894 14.369 19.87 29.656 27.24 12.318 16.56 24.877 21.769 19.996 16.961 33.98 21.001 17.2 18.077 14.032 25.918 19.898 15.389 20.304 14.006 11.511 15.96 10.292
1.178 1.095 2.26 1.165 1.712 2.119 3.506 2.466 3.72 1.099 2.245 6.263 3.328 1.563 1.468 4.147 7.227 6.284 4.824 4.146 8.446 2.962 3.206 3.637 7.133 7.354 4.676 5.606 7.036 10.082 10.719 30.418 14.808 11.704 14.878 13.229 19.909 25.824 16.657 10.589 11.076 9.898 12.713 18.055 25.653 21.184 8.812 12.981 20.621 17.425 15.846 13.398 28.574 16.047 13.095 14.271 11.074 22.473 16.029 12.024 16.548 10.992 9.244 13.967 8.631
1.281 1.171 2.5 1.247 1.868 2.356 4.085 2.816 4.413 1.236 2.524 7.7 3.887 1.796 1.616 4.786 8.866 7.709 5.906 5.013 10.575 3.493 3.665 4.078 8.373 8.76 5.463 6.489 8.197 12.102 13.01 40.382 18.551 14.576 18.555 16.258 24.952 32.77 20.596 12.808 13.132 11.512 14.822 21.525 31.454 25.718 10.399 15.081 24.362 20.403 18.504 15.455 34.325 18.564 15.016 16.256 12.36 25.954 18.141 13.479 18.67 12.093 9.991 15.226 9.205
1.336 1.202 2.366 1.238 1.73 2.125 3.571 2.5 3.739 1.104 1.972 5.576 2.925 1.39 1.194 3.08 5.704 5.146 4.049 3.425 6.843 2.415 2.416 2.574 4.938 5.29 3.399 3.884 4.792 6.991 7.665 24.026 11.76 9.56 11.992 10.687 16.225 21.705 14.274 9.112 9.185 8.125 10.298 14.919 22.268 19.087 8.238 11.504 18.293 15.907 14.697 12.459 26.839 15.416 12.713 13.674 10.623 21.368 15.729 12.065 16.447 11.077 9.204 13.491 8.538
1.185 1.057 1.976 1.086 1.47 1.811 3.098 2.324 3.461 1.08 1.832 5.036 3.003 1.46 1.246 2.954 5.604 5.641 4.629 3.934 7.559 2.86 2.795 2.904 5.182 5.695 3.813 4.314 5.264 7.613 8.657 28.141 15.521 12.619 15.244 13.539 19.908 26.993 18.358 11.64 11.395 9.95 12.201 17.262 26.009 23.194 10.226 13.677 20.782 18.325 16.829 14.181 28.918 17.534 14.274 14.959 11.592 21.914 16.755 12.867 16.96 11.592 9.505 13.313 8.578
1.128 0.993 1.862 1.019 1.37 1.692 2.942 2.229 3.351 1.039 1.727 4.795 2.868 1.372 1.14 2.672 5.125 5.213 4.294 3.628 6.997 2.639 2.521 2.571 4.57 5.031 3.345 3.74 4.543 6.607 7.573 25.608 14.598 11.827 14.233 12.592 18.546 25.509 17.485 10.982 10.584 9.095 11.022 15.615 23.993 21.827 9.597 12.693 19.403 17.205 15.828 13.298 27.604 16.853 13.644 14.213 10.909 20.774 15.965 12.211 16.116 10.972 8.897 12.428 7.942
1.051 0.961 1.769 0.994 1.347 1.64 2.652 1.954 2.83 0.923 1.602 4.234 2.465 1.239 1.106 2.672 4.854 4.615 3.753 3.242 6.17 2.394 2.429 2.618 4.745 5.156 3.47 3.971 4.874 6.956 7.709 22.367 11.944 9.829 12.071 10.912 15.956 20.949 14.28 9.346 9.467 8.559 10.71 14.993 21.473 18.634 8.486 11.575 17.499 15.386 14.149 12.089 23.729 14.489 11.991 12.763 10.151 18.786 14.329 11.145 14.623 10.209 8.592 12.08 7.991
1.172 1.087 2.16 1.166 1.674 2.055 3.335 2.415 3.584 1.134 2.205 5.869 3.274 1.613 1.509 3.997 6.844 6.081 4.773 4.129 8.081 3.028 3.25 3.671 6.925 7.207 4.749 5.622 6.976 9.827 10.495 28.41 14.405 11.608 14.497 12.967 19.111 24.606 16.316 10.584 10.932 9.785 12.385 17.319 24.328 20.409 8.851 12.657 19.665 16.862 15.452 13.149 26.986 15.643 12.891 13.903 10.909 21.322 15.536 11.823 15.944 10.824 9.149 13.491 8.574
1.262 1.144 2.102 1.17 1.577 1.935 3.263 2.508 3.72 1.198 2.056 5.442 3.389 1.701 1.5 3.559 6.504 6.699 5.632 4.869 9.215 3.549 3.525 3.72 6.519 7.034 4.78 5.494 6.755 9.66 10.922 34.18 19.444 15.864 19.085 16.842 24.2 32.062 21.926 14.036 13.86 12.203 14.911 20.717 30.352 26.905 12.04 16.109 23.829 20.69 18.868 15.921 31.137 19.037 15.537 16.278 12.698 23.277 17.784 13.739 17.955 12.363 10.207 14.126 9.179
1.328 1.219 2.505 1.258 1.818 2.226 3.689 2.529 3.772 1.071 2.085 5.779 2.95 1.35 1.215 3.367 5.883 5.08 3.88 3.295 6.721 2.283 2.401 2.653 5.206 5.353 3.351 3.958 4.931 7.105 7.57 22.511 10.87 8.648 11.075 9.845 15.044 19.871 12.818 8.125 8.463 7.539 9.751 14.108 20.638 17.302 7.202 10.653 17.21 14.657 13.457 11.42 25.139 14.084 11.57 12.701 9.842 20.464 14.667 11.102 15.54 10.303 8.648 13.164 8.096
1.54 1.41 2.553 1.44 1.919 2.299 3.651 2.741 3.905 1.294 2.197 5.433 3.286 1.659 1.482 3.454 5.994 5.891 4.901 4.273 8.015 3.168 3.198 3.427 5.988 6.38 4.329 4.957 6.062 8.539 9.495 27.852 15.974 13.26 16.289 14.726 21.36 28.278 19.65 12.906 13.06 11.79 14.651 20.405 29.478 26.201 12.084 16.505 24.782 21.831 20.141 17.28 33.589 20.857 17.308 18.435 14.698 26.887 20.7 16.2 21.29 14.977 12.632 17.645 11.7
1.353 1.22 2.24 1.264 1.7 2.086 3.473 2.665 3.949 1.314 2.241 6.005 3.7 1.862 1.63 3.875 7.143 7.131 5.948 5.164 9.779 3.887 3.843 4.056 7.184 7.804 5.279 5.972 7.29 10.407 11.703 35.043 20.393 16.733 20.278 18.187 26.119 34.364 23.715 15.322 15.126 13.355 16.265 22.377 32.128 28.367 12.913 17.159 25.515 22.3 20.289 17.12 33.293 20.484 16.71 17.491 13.692 24.978 19.069 14.679 19.033 13.173 10.883 15.044 9.825
1.235 1.109 2.13 1.159 1.604 1.997 3.409 2.479 3.737 1.151 2.027 5.859 3.287 1.602 1.386 3.491 6.714 6.367 5.115 4.346 8.534 3.151 3.13 3.321 6.236 6.859 4.522 5.147 6.346 9.268 10.355 32.322 16.526 13.373 16.368 14.577 21.644 28.813 19.18 12.209 12.119 10.696 13.33 18.98 27.999 24.127 10.537 14.254 21.978 19.188 17.56 14.788 30.475 17.958 14.653 15.477 12.026 23.16 17.342 13.257 17.557 11.92 9.828 13.996 8.997
1.288 1.187 2.132 1.22 1.625 1.953 3.105 2.383 3.429 1.174 2.011 4.996 3.117 1.621 1.478 3.49 6.12 6.103 5.183 4.598 8.612 3.474 3.53 3.808 6.634 7.074 4.85 5.582 6.866 9.687 10.795 30.79 17.949 14.894 18.192 16.376 23.241 29.955 20.735 13.662 13.801 12.475 15.403 21.13 29.764 26.1 12.148 16.407 24.055 20.867 18.987 16.178 30.306 18.789 15.515 16.392 13.076 23.303 17.852 13.953 18.078 12.747 10.754 14.818 9.868
1.242 1.147 2.255 1.202 1.712 2.104 3.438 2.446 3.642 1.127 2.158 5.916 3.184 1.554 1.431 3.833 6.732 5.962 4.685 4.056 8.06 2.936 3.099 3.448 6.62 6.921 4.496 5.299 6.6 9.446 10.143 28.76 14.371 11.56 14.574 13.069 19.44 25.203 16.639 10.808 11.198 10.076 12.77 17.957 25.438 21.394 9.371 13.309 20.678 17.751 16.263 13.866 28.555 16.585 13.677 14.79 11.624 22.665 16.593 12.696 17.11 11.634 9.813 14.361 9.166
0.961 0.895 1.868 0.96 1.422 1.762 2.926 2.058 3.127 0.913 1.892 5.295 2.808 1.319 1.244 3.532 6.145 5.335 4.093 3.512 7.178 2.498 2.725 3.109 6.101 6.284 3.999 4.804 6.027 8.625 9.157 25.977 12.459 9.887 12.576 11.134 16.802 21.779 13.958 8.828 9.223 8.211 10.59 15.081 21.443 17.617 7.217 10.728 17.123 14.42 13.118 11.056 23.774 13.184 10.763 11.728 9.061 18.572 13.137 9.82 13.576 8.955 7.527 11.457 7.029
1.012 0.87 1.699 0.904 1.245 1.58 2.943 2.164 3.336 0.947 1.584 4.925 2.829 1.287 1.024 2.473 5.294 5.43 4.317 3.515 6.999 2.464 2.304 2.292 4.245 4.894 3.201 3.559 4.324 6.5 7.615 28.496 14.595 11.471 13.609 11.862 18.035 25.545 16.782 10.102 9.488 7.963 9.752 14.475 23.631 21.137 8.68 11.342 17.794 15.914 14.606 12.038 26.54 15.557 12.347 12.701 9.523 19.18 14.64 10.984 14.626 9.661 7.668 10.889 6.795
1.274 1.149 2.104 1.165 1.536 1.845 3.022 2.337 3.479 1.133 1.9 4.747 2.873 1.438 1.262 2.939 5.079 5.095 4.433 3.943 7.535 2.929 2.869 2.99 5.123 5.341 3.542 3.994 4.889 6.971 7.846 24.872 15.713 13.295 16.417 14.571 20.799 27.782 19.529 12.67 12.557 11.016 13.288 18.143 26.623 24.595 11.307 15.336 23.041 20.015 18.293 15.577 30.917 19.156 15.757 16.659 13.006 23.77 18.173 14.089 18.619 12.943 10.691 14.794 9.569
0.984 0.901 1.658 0.935 1.267 1.538 2.463 1.822 2.631 0.87 1.515 3.954 2.31 1.169 1.048 2.539 4.527 4.273 3.481 3.021 5.73 2.251 2.294 2.487 4.504 4.855 3.272 3.749 4.601 6.531 7.193 20.391 11.064 9.113 11.214 10.169 14.81 19.352 13.281 8.746 8.888 8.054 10.057 13.988 19.86 17.264 7.936 10.829 16.339 14.361 13.214 11.316 22.078 13.54 11.223 11.958 9.534 17.559 13.394 10.429 13.661 9.57 8.075 11.347 7.523
