3.694 2.314 7.144 6.239 9.326 10.523 11.888 7.375 9.028 3.116 4.788 11.407 3.189 1.227 0.658 12.787 14.772 11.93 11.675 10.052 20.622 6.792 3.1 3.381 18.377 13.788 7.107 10.489 13.052 20.627 22.194 26.025 11.357 9.222 11.391 8.776 13.642 30.797 23.357 10.094 7.53 6.769 8.058 8.633 15.887 31.749 19.594 12.99 16.19 15.471 13.56 8.706 24.888 12.75 10.102 15.923 13.287 19.61 12.446 14.461 30.462 16.877 12.612 27.975 7.09
3.009 1.757 5.408 4.954 7.789 9.065 10.481 6.334 7.677 2.506 3.581 9.139 2.48 0.88 0.43 8.711 11.972 9.977 9.778 8.248 17.792 5.535 2.346 2.305 13.837 10.913 5.534 7.904 9.988 16.691 18.414 22.138 9.255 7.11 8.48 6.396 10.032 25.268 19.2 8.037 5.597 4.741 5.505 5.945 11.707 26.512 16.215 10.583 13.015 12.402 10.786 6.696 20.281 10.241 7.936 12.579 10.552 16.141 10.097 11.705 26.641 14.379 10.574 24.615 5.879
4.08 2.56 6.848 6.261 9.148 10.585 12.195 7.914 9.333 3.446 4.85 10.629 3.382 1.342 0.748 10.086 13.103 11.44 11.334 9.851 19.33 7.078 3.273 3.389 15.218 12.649 6.899 9.482 11.636 18.206 20.351 24.383 11.364 8.974 10.534 8.189 11.982 26.436 21.716 9.995 7.308 6.444 7.37 7.759 13.613 27.709 18.848 12.897 15.503 14.932 13.195 8.657 22.483 12.708 10.065 15.026 12.932 18.613 12.482 14.168 29.018 17.54 13.253 27.511 7.911
4.683 3.126 7.974 7.193 10.008 11.223 12.6 8.391 9.872 3.912 5.621 11.502 3.896 1.685 1.036 11.525 13.622 11.592 11.395 10.023 18.621 7.244 3.609 3.957 15.726 12.793 7.189 9.826 11.831 17.575 19.13 22.344 10.932 9.008 10.748 8.596 12.327 24.876 20.308 9.802 7.56 6.985 8.132 8.596 14.267 26.358 18.072 12.71 15.361 14.935 13.391 9.147 22.228 12.954 10.531 15.466 13.419 18.714 12.857 14.586 27.974 17.372 13.48 26.688 8.303
5.893 3.947 9.772 8.893 12.325 13.918 15.678 10.453 12.207 4.865 6.898 13.818 4.766 2.084 1.306 13.095 16.098 13.886 13.656 11.98 22.088 8.636 4.314 4.709 17.708 14.824 8.358 11.261 13.486 20.009 21.949 25.693 12.543 10.28 12.135 9.697 13.719 27.726 22.984 11.108 8.552 7.899 9.143 9.635 15.851 29.716 20.662 14.576 17.534 17.075 15.324 10.498 25.097 14.896 12.117 17.657 15.418 21.451 14.863 16.823 32.252 20.248 15.733 30.89 9.73
3.73 2.569 5.951 5.549 7.46 8.449 9.465 6.628 7.577 3.28 4.545 8.497 3.302 1.498 0.956 7.996 9.3 8.011 7.757 6.932 12.155 5.807 3.121 3.476 11.788 10.94 6.718 8.759 10.227 14.248 15.637 18.65 10.618 9.104 10.898 9.108 12.591 23.532 21.25 11.148 8.663 7.993 9.058 9.358 14.329 24.512 19.006 14.131 16.811 16.575 15.113 10.749 23.501 15.183 12.428 17.192 14.892 19.355 13.621 14.881 26.047 17.706 13.995 25.524 9.173
4.728 3.176 8.056 7.294 10.058 11.271 12.654 8.529 10.006 4.026 5.792 11.696 4.048 1.757 1.087 11.948 13.88 11.813 11.566 10.204 18.655 7.462 3.736 4.129 15.978 13.097 7.415 10.057 12.051 17.66 19.212 22.372 11.142 9.19 10.957 8.809 12.545 24.759 20.469 9.999 7.725 7.156 8.337 8.817 14.475 26.285 18.355 12.975 15.645 15.276 13.756 9.465 22.647 13.444 10.951 16 13.962 19.348 13.437 15.213 28.832 18.286 14.239 27.864 8.897
4.61 3.112 7.695 6.979 9.556 10.693 11.98 8.091 9.453 3.846 5.481 10.939 3.842 1.695 1.065 10.909 12.977 11.147 10.975 9.719 17.756 7.159 3.622 3.993 15.099 12.533 7.154 9.679 11.633 17.135 18.773 21.97 11.011 9.111 10.838 8.745 12.386 24.45 20.315 9.998 7.763 7.217 8.381 8.837 14.348 25.917 18.126 12.836 15.387 14.979 13.455 9.28 21.782 13 10.583 15.308 13.349 18.337 12.761 14.364 26.88 17.052 13.264 25.56 8.26
3.342 2.143 6.796 5.827 8.52 9.47 10.565 6.545 8.051 2.777 4.486 10.496 2.907 1.133 0.634 12.709 13.737 10.759 10.383 8.945 18.096 5.985 2.771 3.225 17.069 12.613 6.417 9.621 11.92 18.441 19.596 22.683 9.883 8.18 10.336 8.018 12.519 27.272 20.595 8.828 6.734 6.215 7.53 8.067 14.584 27.948 17.159 11.295 14.213 13.619 11.958 7.716 21.981 11.263 8.941 14.186 11.8 17.25 10.922 12.723 26.293 14.597 10.891 24.035 6.066
4.565 3.162 7.578 6.864 9.147 10.156 11.342 7.806 9.079 3.824 5.446 10.418 3.795 1.733 1.137 10.32 11.928 10.263 10.178 9.137 16.292 6.822 3.547 3.987 13.921 11.564 6.685 8.948 10.667 15.352 16.86 19.79 10.205 8.557 10.205 8.322 11.572 21.877 18.549 9.37 7.433 7.062 8.281 8.778 13.919 24.33 17.472 12.574 15.114 14.812 13.38 9.388 21.202 12.977 10.662 15.271 13.429 18.16 12.863 14.461 26.313 17.128 13.465 25.279 8.534
4.509 2.816 7.175 6.667 9.895 11.731 13.701 8.852 10.337 3.795 5.215 11.176 3.618 1.451 0.824 9.52 13.844 12.594 12.572 10.872 21.451 7.807 3.603 3.667 15.319 13.576 7.463 10.099 12.362 19.737 22.61 27.417 12.614 9.838 11.29 8.706 12.548 28.66 24.174 11.06 8.006 6.962 7.781 8.078 14.133 30.495 21.082 14.406 17.117 16.436 14.488 9.466 24.244 13.984 11.048 16.279 14.093 20.367 13.75 15.541 32.256 19.599 14.753 30.453 8.74
5.536 3.793 9.152 8.276 11.12 12.455 14.015 9.582 11.156 4.621 6.558 12.635 4.525 2.036 1.317 12.16 14.17 12.228 12.118 10.797 19.356 7.953 4.076 4.537 15.987 13.23 7.575 10.126 12.032 17.338 19.016 22.29 11.295 9.372 11.099 8.952 12.412 23.71 20.11 10.024 7.87 7.404 8.616 9.066 14.41 25.671 18.511 13.29 16.017 15.687 14.151 9.865 22.641 13.801 11.314 16.317 14.343 19.579 13.833 15.614 28.979 18.832 14.786 28.231 9.364
3.496 2.179 6.41 5.725 8.578 9.76 11.083 6.935 8.398 2.952 4.373 10.322 2.998 1.165 0.631 10.907 13.446 11.163 10.986 9.461 19.272 6.48 2.966 3.138 16.468 12.78 6.729 9.72 12.111 19.271 20.953 24.712 10.935 8.778 10.64 8.225 12.599 28.672 22.049 9.7 7.155 6.352 7.436 7.93 14.472 29.319 18.372 12.263 15.039 14.344 12.565 8.092 22.525 11.787 9.329 14.435 12.134 17.804 11.428 13.155 27.538 15.453 11.567 25.171 6.567
4.096 2.898 6.887 6.286 8.294 9.077 9.943 6.894 7.979 3.469 4.981 9.442 3.567 1.678 1.131 10.05 11.445 9.715 9.474 8.485 14.676 6.394 3.426 3.923 13.454 11.341 6.718 8.986 10.704 15.181 16.485 19.025 10.137 8.656 10.43 8.705 12.188 22.519 19.07 9.895 7.985 7.702 9.12 9.773 15.36 25.842 18.562 13.465 16.079 15.804 14.389 10.283 22.58 14.036 11.627 16.455 14.493 19.252 13.711 15.282 26.653 17.366 13.666 24.753 8.618
4.09 2.857 6.839 6.208 8.246 9.114 10.118 6.976 8.105 3.448 4.931 9.405 3.463 1.6 1.062 9.592 11.043 9.487 9.392 8.44 14.947 6.307 3.312 3.754 13.056 10.866 6.324 8.487 10.133 14.551 15.945 18.646 9.67 8.159 9.777 8.028 11.203 21.072 17.82 9.047 7.224 6.912 8.153 8.689 13.78 23.813 16.985 12.207 14.622 14.306 12.925 9.108 20.378 12.492 10.285 14.678 12.905 17.346 12.297 13.792 24.742 16.079 12.642 23.443 7.993
3.139 2.113 4.91 4.408 5.672 6.062 6.618 4.592 5.334 2.473 3.462 6.839 2.559 1.172 0.763 6.475 7.199 6.197 6.126 5.63 9.802 4.166 2.13 2.324 7.568 6.442 3.982 5.33 6.399 9.388 10.637 12.594 6.765 5.807 7.223 5.998 8.807 17.166 15.641 8.27 6.483 6.23 7.296 7.673 11.55 19.064 14.095 10.376 12.89 12.881 12.658 9.105 20.696 12.647 10.181 14.602 12.745 16.573 11.497 12.546 22.002 14.453 11.702 21.692 7.351
4.892 3.255 9.14 8 11.319 12.586 14.04 9.104 10.96 4.144 6.309 13.557 4.209 1.772 1.061 15.145 16.597 13.415 13.075 11.445 21.899 8 3.926 4.462 19.842 15.218 8.183 11.702 14.206 21.243 22.687 26.212 12.3 10.278 12.643 10.015 14.897 30.601 24.012 11.079 8.638 8.068 9.615 10.254 17.628 32.621 21.284 14.652 18.174 17.645 15.763 10.609 27.565 15.199 12.324 18.805 16.05 22.839 15.214 17.558 34.597 20.548 15.799 32.8 9.432
3.497 2.232 6.162 5.601 8.071 9.192 10.44 6.796 8.043 3.001 4.388 9.664 3.1 1.243 0.709 10.406 12.647 10.78 10.543 9.171 17.684 6.56 3.07 3.329 15.184 12.429 6.796 9.488 11.678 17.959 19.783 23.319 10.937 8.748 10.471 8.254 12.205 26.025 21.171 9.753 7.212 6.459 7.505 7.945 13.732 26.487 17.781 12.042 14.426 13.85 12.223 8.052 20.676 11.662 9.237 13.782 11.813 16.766 11.2 12.652 25.144 15.163 11.401 23.262 6.716
2.608 1.549 5.043 4.448 6.878 7.871 9.002 5.422 6.65 2.149 3.244 8.227 2.161 0.766 0.375 8.695 10.61 8.583 8.365 7.078 15.179 4.686 2.002 2.076 12.712 9.537 4.758 6.998 8.794 14.391 15.634 18.601 7.739 6.073 7.449 5.622 8.939 21.684 16.279 6.742 4.807 4.187 4.994 5.41 10.539 22.708 13.751 8.938 11.188 10.671 9.292 5.785 17.754 8.802 6.858 11.061 9.184 14.002 8.686 10.164 22.807 12.253 9.02 21.117 4.969
4.156 2.748 7.392 6.626 9.27 10.347 11.56 7.607 8.984 3.466 5.125 10.753 3.536 1.486 0.897 11.636 13.219 11.036 10.712 9.349 17.41 6.639 3.239 3.631 15.244 12.213 6.758 9.369 11.319 16.784 18.12 20.998 10.094 8.288 10.011 7.996 11.676 23.623 19.104 9.033 6.912 6.379 7.52 8.007 13.5 24.829 16.781 11.613 14.077 13.656 12.208 8.254 20.616 11.818 9.552 14.222 12.274 17.227 11.688 13.296 25.703 15.757 12.105 24.323 7.307
6.287 4.385 10.698 9.671 12.918 14.168 15.57 10.633 12.37 5.221 7.537 14.557 5.284 2.429 1.6 15.265 17.015 14.192 13.709 12.101 21.146 8.794 4.609 5.237 18.636 15.181 8.756 11.733 13.852 19.574 20.842 23.698 12.139 10.227 12.253 10.035 14.078 26.295 21.618 10.873 8.653 8.232 9.681 10.286 16.34 27.984 19.606 14.052 16.888 16.553 15.023 10.607 24.206 14.713 12.166 17.525 15.399 20.876 14.74 16.63 30.135 19.434 15.351 28.975 9.778
4.992 3.127 9.581 8.239 12.178 13.631 15.307 9.441 11.496 3.939 6.001 13.947 3.832 1.466 0.783 14.603 16.436 13.04 12.659 10.827 21.983 7.177 3.265 3.531 18.554 13.65 6.915 10.075 12.305 19.094 20.305 23.621 10.252 8.319 10.217 7.796 11.997 26.753 20.198 8.675 6.5 5.872 7.028 7.549 13.958 28.004 17.356 11.588 14.639 14.078 12.4 7.991 23.064 11.793 9.391 14.933 12.48 18.542 11.799 13.842 29.492 16.428 12.374 27.855 7.05
7.179 5.049 11.944 10.841 14.215 15.47 16.883 11.661 13.454 5.811 8.276 15.536 5.807 2.701 1.801 15.647 17.424 14.528 13.991 12.427 21.4 9.294 4.936 5.592 18.845 15.621 9.095 11.944 13.952 19.412 20.798 23.821 12.603 10.674 12.752 10.537 14.584 26.629 22.303 11.442 9.155 8.769 10.326 11.014 17.295 29.316 21.146 15.372 18.462 18.25 16.676 11.902 26.37 16.383 13.554 19.248 16.987 22.729 16.246 18.218 32.368 21.354 16.947 31.308 10.945
3.974 2.697 6.949 6.238 8.643 9.577 10.619 7.04 8.331 3.326 4.876 10.047 3.387 1.498 0.945 10.687 12.371 10.322 10.115 8.906 16.494 6.361 3.23 3.626 14.677 11.743 6.594 9.184 11.118 16.479 17.711 20.444 9.968 8.363 10.13 8.174 11.858 23.706 18.965 9.132 7.179 6.739 7.936 8.434 13.937 24.997 16.728 11.709 14.181 13.741 12.307 8.449 20.429 11.772 9.614 14.145 12.213 16.915 11.547 13.101 24.645 15.086 11.7 22.958 7.126
4.212 2.872 7.34 6.578 9.048 10.011 11.098 7.403 8.735 3.518 5.143 10.432 3.557 1.581 1.003 10.986 12.496 10.411 10.172 8.959 16.416 6.42 3.275 3.683 14.486 11.576 6.52 8.995 10.804 15.826 16.972 19.552 9.625 8.076 9.756 7.88 11.343 22.366 18.004 8.744 6.888 6.481 7.634 8.113 13.336 23.815 16.124 11.369 13.799 13.431 12.082 8.344 20.059 11.673 9.568 14.064 12.194 16.873 11.605 13.19 24.782 15.348 11.975 23.465 7.39
4.744 3.229 7.637 6.863 9.065 10.051 11.373 7.98 9.391 3.956 5.554 10.59 3.824 1.699 1.079 9.549 10.987 9.495 9.565 8.842 16.47 7.117 3.657 4.024 13.959 11.641 6.65 8.73 10.353 15.075 16.965 20.535 10.896 9.13 10.831 8.764 12.019 22.459 19.118 9.717 7.64 7.173 8.314 8.724 13.708 23.977 17.572 12.844 15.652 15.586 14.153 9.851 22.127 13.537 10.995 15.614 13.709 18.558 13.168 14.748 27.202 18.078 14.246 27.069 9.173
3.009 2.116 4.964 4.522 5.946 6.585 7.455 5.352 6.205 2.675 3.759 6.945 2.596 1.206 0.801 6.869 7.822 6.738 6.599 5.883 9.977 4.362 2.33 2.639 8.911 7.888 4.929 6.704 8.211 11.935 13.239 14.969 7.92 6.709 8.026 6.738 9.454 17.834 16.174 8.638 6.96 6.677 7.846 8.358 13.026 21.879 15.754 11.512 13.863 13.903 12.912 9.316 20.472 12.789 10.507 14.734 12.889 16.928 11.819 12.829 21.72 13.696 10.614 19.132 6.658
3.769 2.606 6.252 5.661 7.56 8.433 9.473 6.534 7.618 3.203 4.563 8.755 3.185 1.453 0.952 8.709 10.187 8.891 8.94 8.094 14.593 6.104 3.171 3.566 12.54 10.456 6.063 8.173 9.822 14.283 15.852 18.804 9.706 8.147 9.73 7.93 11.042 20.985 17.886 9.04 7.173 6.814 7.989 8.463 13.425 23.499 16.847 12.088 14.485 14.128 12.698 8.868 19.932 12.144 9.941 14.189 12.433 16.75 11.823 13.248 24.002 15.552 12.17 22.707 7.629
5.544 3.853 9.179 8.315 10.99 12.098 13.449 9.345 10.904 4.649 6.61 12.564 4.612 2.108 1.381 12.221 13.82 11.677 11.44 10.301 18.327 7.847 4.101 4.6 15.792 13.069 7.522 9.9 11.648 16.525 17.989 20.967 10.994 9.25 11.022 9.012 12.442 22.984 19.29 9.81 7.795 7.414 8.69 9.215 14.506 24.94 18.008 13.093 15.853 15.725 14.336 10.126 22.736 14.025 11.546 16.494 14.567 19.693 14.045 15.805 28.729 18.989 15.051 28.355 9.748
3.957 2.737 6.442 5.871 7.758 8.585 9.61 6.766 7.922 3.418 4.813 9.127 3.412 1.545 0.994 8.625 9.951 8.658 8.724 8.101 14.967 6.841 3.619 4.037 13.875 11.918 6.997 9.211 10.914 15.716 17.735 21.594 11.85 10.075 12.051 9.933 13.715 25.529 21.957 11.303 8.913 8.384 9.714 10.223 15.985 27.598 20.309 14.761 17.638 17.356 15.706 11.004 24.059 14.76 11.927 16.582 14.365 18.944 13.351 14.73 26.119 17.247 13.515 24.812 8.562
