1.438 1.339 2.636 1.615 1.93 2.428 3.91 2.66 4.087 1.554 2.266 6.776 3.618 1.919 1.884 3.836 7.366 7.288 6.355 5.313 10.596 3.975 4.383 4.638 8.553 9.275 6.291 7.151 8.78 13.324 13.096 41.015 17.561 15.609 17.416 16.971 28.532 35.244 35.682 17.76 16.77 11.566 17.324 25.376 32.395 27.46 17.317 19.948 27.15 26.62 23.307 19.366 35.972 22.867 18.854 20.28 15.932 25.949 22.87 18.944 22.507 16.533 12.16 18.634 11.61
1.511 1.42 2.748 1.698 2.018 2.521 3.984 2.721 4.116 1.596 2.328 6.735 3.631 1.941 1.932 3.894 7.306 7.172 6.241 5.251 10.345 3.955 4.405 4.694 8.552 9.212 6.28 7.168 8.793 13.203 12.933 39.101 17.087 15.202 17.067 16.735 27.834 34.166 34.501 17.424 16.645 11.708 17.536 25.422 32.102 27.234 17.367 20.092 27.222 26.694 23.431 19.606 35.879 23.098 19.151 20.684 16.414 26.452 23.378 19.446 23.055 17.1 12.73 19.398 12.241
1.476 1.408 2.598 1.717 2.021 2.479 3.732 2.692 3.934 1.714 2.482 6.434 3.834 2.212 2.281 4.37 7.656 7.576 6.679 5.743 10.562 4.568 5.144 5.591 9.558 10.26 7.379 8.412 10.179 14.591 14.407 37.745 18.046 16.225 18.051 17.778 27.95 33.545 33.689 18.038 17.278 12.609 18.324 25.582 31.291 26.767 17.651 20.115 26.448 25.932 22.993 19.519 33.453 22.475 18.889 20.191 16.41 25.214 22.483 18.861 21.872 16.709 12.811 18.883 12.485
1.66 1.542 2.873 1.824 2.141 2.669 4.23 2.941 4.404 1.748 2.439 7.049 3.906 2.131 2.054 3.979 7.686 7.833 6.983 5.905 11.469 4.492 4.854 5.089 9.15 10.127 7.026 7.877 9.613 14.52 14.503 44.653 19.905 17.841 19.749 19.341 31.886 39.436 40.153 20.67 19.473 13.733 20.01 28.918 36.844 31.695 20.487 23.263 31.074 30.62 26.97 22.574 40.226 26.434 21.956 23.448 18.714 29.379 26.31 22.077 25.854 19.346 14.432 21.278 13.778
1.556 1.425 2.806 1.685 2 2.525 4.171 2.767 4.294 1.561 2.19 6.867 3.495 1.811 1.691 3.38 6.855 6.846 5.982 4.952 10.104 3.616 3.858 3.974 7.47 8.272 5.529 6.178 7.575 11.821 11.713 40.122 16.338 14.604 16.3 15.871 27.484 34.542 35.226 17.267 16.241 11.012 16.406 24.653 32.369 27.538 17.271 19.899 27.43 27.061 23.707 19.624 37.461 23.467 19.34 20.827 16.241 26.858 23.771 19.764 23.706 17.27 12.555 19.193 11.87
1.596 1.53 2.807 1.888 2.225 2.72 4.058 2.968 4.32 1.943 2.818 7.144 4.361 2.571 2.676 5.075 8.781 8.703 7.685 6.639 12.031 5.354 6.046 6.6 11.131 11.943 8.709 9.926 11.967 16.979 16.788 42.563 20.609 18.567 20.591 20.267 31.466 37.483 37.476 20.256 19.409 14.247 20.566 28.478 34.541 29.501 19.546 22.189 28.961 28.342 25.162 21.409 36.179 24.442 20.596 21.938 17.905 27.254 24.286 20.366 23.485 18.037 13.924 20.403 13.612
1.515 1.409 2.784 1.666 1.984 2.493 4.037 2.683 4.124 1.517 2.186 6.622 3.396 1.759 1.697 3.446 6.691 6.544 5.662 4.708 9.543 3.451 3.783 3.962 7.406 8.019 5.351 6.07 7.461 11.459 11.21 36.544 15.21 13.538 15.249 14.903 25.534 31.752 32.213 15.858 15.127 10.411 15.745 23.35 30.113 25.499 16.039 18.692 25.743 25.296 22.157 18.436 34.985 22.011 18.185 19.731 15.473 25.595 22.541 18.714 22.489 16.454 12.078 18.677 11.526
1.526 1.411 2.666 1.683 1.987 2.497 4.019 2.79 4.235 1.661 2.333 6.942 3.834 2.078 1.995 3.915 7.698 7.888 7.031 5.922 11.598 4.496 4.833 5.051 9.157 10.166 7.024 7.866 9.611 14.61 14.613 45.871 20.233 18.017 19.84 19.331 32.007 39.669 40.333 20.524 19.162 13.347 19.408 28.155 36.018 30.876 19.762 22.343 29.881 29.378 25.771 21.442 38.54 25.083 20.711 22.041 17.454 27.567 24.597 20.532 24.037 17.844 13.194 19.53 12.518
1.489 1.396 2.491 1.642 1.899 2.333 3.573 2.569 3.716 1.569 2.149 5.748 3.403 1.913 1.865 3.487 6.456 6.695 6.065 5.21 9.753 4.083 4.416 4.665 8.099 8.972 6.394 7.158 8.692 12.84 12.936 37.15 17.861 16.064 17.708 17.429 27.833 34.183 34.897 18.626 17.579 12.734 18.311 25.89 32.459 28.241 18.695 21.082 27.651 27.278 24.153 20.398 34.733 23.611 19.747 21.014 17.07 25.934 23.456 19.865 22.973 17.55 13.344 19.215 12.847
1.464 1.369 2.715 1.654 1.994 2.53 4.101 2.761 4.285 1.614 2.387 7.371 3.857 2.04 2.016 4.187 8.231 8.11 7.05 5.898 11.919 4.384 4.854 5.147 9.649 10.481 7.053 8.044 9.926 15.199 14.877 47.107 19.688 17.372 19.453 18.969 32.026 39.275 39.297 19.371 18.381 12.711 19.093 27.996 35.544 29.806 18.691 21.552 29.282 28.524 24.821 20.582 38.237 24.088 19.812 21.347 16.745 27.296 23.926 19.742 23.399 17.106 12.58 19.303 12.003
1.603 1.502 2.761 1.793 2.097 2.589 3.996 2.846 4.196 1.746 2.462 6.716 3.891 2.175 2.152 4.133 7.589 7.678 6.848 5.847 11.037 4.561 5 5.319 9.314 10.166 7.184 8.099 9.842 14.49 14.437 41.267 19.427 17.424 19.287 18.941 30.442 37.278 37.974 20.068 18.968 13.598 19.682 27.886 34.893 30.135 19.753 22.378 29.585 29.142 25.785 21.73 37.79 25.29 21.109 22.498 18.121 27.978 25.087 21.093 24.523 18.572 14.025 20.533 13.477
1.483 1.359 2.5 1.602 1.854 2.295 3.644 2.593 3.857 1.558 2.119 5.957 3.449 1.87 1.766 3.326 6.318 6.588 5.941 5.032 9.639 3.904 4.129 4.274 7.506 8.336 5.838 6.476 7.843 11.768 11.909 36.886 17.563 15.682 17.188 16.771 27.42 34.53 35.945 18.777 17.388 12.142 17.335 24.87 31.988 28.02 18.218 20.48 27.289 27.111 24.001 20.061 35.589 23.776 19.669 20.827 16.565 25.77 23.252 19.538 22.828 17.143 12.705 18.514 11.985
1.457 1.382 2.511 1.654 1.923 2.336 3.489 2.509 3.605 1.563 2.202 5.541 3.305 1.894 1.918 3.576 6.156 6.089 5.367 4.604 8.351 3.649 4.065 4.385 7.396 7.939 5.732 6.489 7.807 11.125 11.014 28.64 14.02 12.664 14.086 13.909 21.848 26.441 26.871 14.561 13.963 10.225 14.83 20.76 25.615 22.187 14.771 16.878 22.283 22.041 19.688 16.799 28.857 19.611 16.567 17.769 14.515 22.323 20.091 16.997 19.826 15.245 11.723 17.237 11.47
1.321 1.247 2.299 1.486 1.747 2.16 3.314 2.335 3.437 1.418 2.031 5.579 3.161 1.756 1.763 3.449 6.337 6.299 5.559 4.742 9.029 3.661 4.073 4.371 7.755 8.402 5.877 6.682 8.165 12.049 11.888 33.703 15.534 13.866 15.477 15.258 24.611 29.897 30.152 15.832 15.132 10.945 16.041 22.759 28.286 24.246 15.868 18.102 23.982 23.566 20.816 17.586 30.592 20.433 17.081 18.313 14.806 22.923 20.527 17.26 20.087 15.232 11.563 17.027 11.205
1.484 1.428 2.684 1.78 2.12 2.612 3.94 2.849 4.213 1.85 2.746 7.183 4.288 2.495 2.619 5.093 8.933 8.783 7.699 6.615 12.216 5.268 6.004 6.576 11.281 12.062 8.676 9.946 12.051 17.243 16.949 43.962 20.57 18.46 20.539 20.162 31.651 37.61 37.32 19.731 18.942 13.777 20.158 28.085 34.032 28.74 18.764 21.416 28.116 27.365 24.146 20.435 35.059 23.272 19.518 20.843 16.889 26.057 23.018 19.153 22.16 16.853 12.931 19.236 12.637
1.848 1.75 3.174 2.087 2.421 2.939 4.389 3.151 4.518 1.951 2.735 6.868 4.085 2.331 2.35 4.366 7.505 7.42 6.536 5.6 10.147 4.425 4.916 5.29 8.916 9.569 6.901 7.8 9.378 13.364 13.232 34.5 16.92 15.286 17.002 16.792 26.407 32.02 32.611 17.686 16.958 12.415 18.006 25.236 31.205 27.084 18.05 20.635 27.277 27.021 24.162 20.629 35.493 24.154 20.416 21.913 17.907 27.565 24.848 21.05 24.587 18.917 14.544 21.387 14.235
1.115 1.038 1.954 1.245 1.477 1.864 2.985 2.072 3.141 1.244 1.765 5.282 2.917 1.598 1.554 3.074 6.084 6.216 5.532 4.67 9.109 3.54 3.838 4.041 7.351 8.173 5.659 6.359 7.788 11.819 11.786 36.081 15.835 14.048 15.472 15.098 24.806 30.391 30.535 15.559 14.596 10.267 14.959 21.604 27.339 23.265 14.906 16.823 22.342 21.863 19.123 15.93 28.236 18.436 15.239 16.227 12.915 20.238 18.047 15.06 17.525 13.042 9.702 14.31 9.262
1.812 1.73 3.118 2.107 2.46 2.989 4.426 3.251 4.672 2.118 3.014 7.478 4.61 2.726 2.811 5.231 8.961 8.92 7.914 6.856 12.279 5.557 6.227 6.771 11.297 12.146 8.913 10.114 12.155 17.166 17.038 42.73 21.23 19.185 21.264 20.987 32.411 38.773 39.067 21.446 20.551 15.185 21.754 30.04 36.541 31.515 21.11 23.925 31.169 30.664 27.358 23.377 39.219 26.843 22.702 24.186 19.84 29.978 26.911 22.72 26.197 20.256 15.693 22.784 15.344
1.758 1.621 3.029 1.891 2.196 2.711 4.285 2.951 4.388 1.707 2.337 6.584 3.59 1.914 1.807 3.425 6.442 6.475 5.718 4.792 9.284 3.597 3.844 3.981 7.099 7.783 5.352 5.964 7.234 10.902 10.863 34.2 15.288 13.776 15.302 14.991 25.013 31.375 32.449 16.701 15.745 11.011 16.111 23.494 30.38 26.409 17.097 19.578 26.52 26.377 23.404 19.647 35.861 23.526 19.607 21.055 16.767 26.754 24.048 20.266 24.049 17.999 13.382 19.949 12.785
1.33 1.238 2.199 1.439 1.653 2.034 3.172 2.283 3.303 1.37 1.835 4.917 2.95 1.638 1.565 2.853 5.349 5.771 5.309 4.551 8.571 3.535 3.763 3.906 6.711 7.546 5.391 6.009 7.273 10.846 11.091 33.633 16.058 14.499 15.856 15.508 24.982 31.223 32.132 16.907 15.809 11.311 16.18 23.045 29.453 25.817 16.987 19.097 25.086 24.81 21.942 18.435 31.61 21.439 17.864 18.958 15.324 23.356 21.196 17.976 20.871 15.873 11.974 17.17 11.401
1.419 1.354 2.516 1.666 1.972 2.429 3.675 2.656 3.912 1.707 2.495 6.558 3.903 2.259 2.338 4.521 7.988 7.914 6.98 6 11.083 4.77 5.379 5.851 10.054 10.8 7.76 8.856 10.732 15.422 15.218 40.078 18.957 17.006 18.882 18.55 29.163 34.881 34.869 18.573 17.744 12.901 18.729 26.119 31.858 27.122 17.809 20.236 26.539 25.926 22.921 19.407 33.227 22.214 18.628 19.862 16.099 24.72 21.962 18.36 21.225 16.167 12.375 18.247 12.037
1.361 1.275 2.262 1.501 1.73 2.12 3.228 2.351 3.386 1.456 1.986 5.202 3.167 1.794 1.751 3.24 5.915 6.201 5.671 4.912 9.089 3.924 4.228 4.466 7.639 8.461 6.091 6.802 8.232 12.06 12.22 34.273 17.273 15.535 17.093 16.832 26.541 32.579 33.385 18.06 16.983 12.337 17.574 24.608 30.677 26.792 17.839 20.033 26.109 25.722 22.769 19.224 32.34 22.099 18.467 19.581 15.913 23.97 21.668 18.346 21.138 16.182 12.317 17.633 11.814
1.876 1.733 3.177 2.019 2.333 2.878 4.535 3.152 4.647 1.836 2.481 6.927 3.853 2.079 1.956 3.635 6.913 7.095 6.334 5.333 10.256 4.03 4.281 4.422 7.81 8.696 6.041 6.699 8.113 12.245 12.329 38.837 17.466 15.82 17.508 17.19 28.54 35.871 37.083 19.206 18.099 12.759 18.523 26.961 34.915 30.451 19.831 22.587 30.386 30.263 26.864 22.58 40.527 26.879 22.44 24.026 19.249 30.289 27.397 23.173 27.329 20.577 15.376 22.596 14.702
1.348 1.237 2.262 1.456 1.687 2.102 3.375 2.406 3.59 1.447 1.957 5.605 3.268 1.78 1.676 3.138 6.109 6.518 5.942 5.044 9.692 3.907 4.109 4.232 7.427 8.352 5.873 6.503 7.882 11.909 12.143 38.323 18.016 16.066 17.495 17.006 27.748 34.896 36.075 18.693 17.238 12.031 17.096 24.518 31.587 27.586 17.872 19.983 26.455 26.162 23.04 19.18 33.758 22.487 18.55 19.582 15.567 24.079 21.726 18.244 21.23 15.903 11.771 17.031 11.06
1.497 1.342 2.574 1.602 1.882 2.4 4.088 2.797 4.341 1.609 2.171 6.989 3.797 1.978 1.789 3.431 7.334 7.874 7.051 5.812 11.67 4.32 4.439 4.461 8.193 9.468 6.465 7.085 8.611 13.55 13.882 49.317 20.687 18.281 19.75 19.028 32.603 41.846 43.046 21.07 19.091 12.739 18.265 27.422 36.855 31.791 19.83 22.112 30.009 29.819 26.053 21.317 39.792 25.422 20.68 21.776 16.901 27.259 24.533 20.377 24.023 17.504 12.557 18.56 11.651
1.413 1.318 2.444 1.566 1.844 2.306 3.644 2.54 3.799 1.52 2.135 6.206 3.451 1.898 1.845 3.597 7.001 7.14 6.366 5.395 10.446 4.104 4.458 4.698 8.47 9.399 6.536 7.343 8.977 13.553 13.522 40.9 18.213 16.266 17.986 17.624 28.874 35.43 35.777 18.432 17.397 12.344 17.989 25.907 32.759 28.046 18.137 20.538 27.271 26.784 23.534 19.703 34.693 22.881 19.002 20.276 16.236 25.302 22.661 19.008 22.137 16.597 12.428 18.244 11.905
1.308 1.196 2.37 1.433 1.708 2.167 3.592 2.411 3.758 1.38 1.959 6.179 3.21 1.669 1.572 3.19 6.455 6.494 5.69 4.711 9.594 3.474 3.717 3.85 7.239 8.003 5.368 6.018 7.392 11.496 11.404 38.584 15.966 14.167 15.699 15.224 26.168 32.844 33.487 16.393 15.262 10.299 15.308 22.875 29.916 25.444 15.887 18.179 24.942 24.556 21.461 17.696 33.574 21.081 17.278 18.505 14.384 23.694 20.939 17.334 20.678 15.036 10.89 16.644 10.271
1.811 1.702 3.14 2.021 2.357 2.889 4.413 3.119 4.559 1.89 2.665 7.065 4.057 2.257 2.245 4.277 7.624 7.565 6.67 5.678 10.626 4.405 4.869 5.198 9.018 9.724 6.865 7.765 9.405 13.705 13.56 37.906 17.873 16.096 17.933 17.659 28.398 34.754 35.476 18.799 17.932 12.907 18.855 26.759 33.48 28.953 19.032 21.782 29.024 28.698 25.516 21.615 37.994 25.417 21.328 22.895 18.496 28.857 25.889 21.827 25.601 19.445 14.747 21.846 14.286
1.28 1.199 2.099 1.387 1.582 1.924 2.924 2.13 3.035 1.298 1.73 4.412 2.695 1.518 1.463 2.634 4.759 5.077 4.709 4.098 7.622 3.265 3.489 3.645 6.168 6.855 4.941 5.505 6.654 9.794 10.007 29.143 14.706 13.342 14.702 14.468 22.96 28.489 29.442 15.866 14.927 10.832 15.446 21.736 27.411 24.147 16.126 18.18 23.777 23.493 20.83 17.598 29.697 20.328 17.015 18.078 14.714 22.198 20.145 17.143 19.857 15.237 11.608 16.576 11.11
1.72 1.648 2.987 2.026 2.376 2.893 4.284 3.155 4.553 2.079 2.987 7.434 4.597 2.734 2.842 5.321 9.124 9.066 8.032 6.963 12.479 5.657 6.369 6.95 11.608 12.466 9.159 10.416 12.527 17.674 17.517 43.654 21.533 19.436 21.535 21.233 32.722 38.957 39.036 21.361 20.479 15.133 21.7 29.907 36.206 31.066 20.749 23.502 30.557 29.966 26.682 22.776 38.12 26.001 21.972 23.381 19.17 28.948 25.896 21.796 25.075 19.371 15.021 21.843 14.7
