0.51 0.598 0.923 0.374 0.962 1.223 1.473 1.266 1.562 0.274 0.801 2.546 1.2 0.487 0.49 1.807 3.579 2.725 2.2 2.318 5.135 1.511 1.926 1.553 3.495 4.521 3.775 4.601 6.138 8.14 6.758 19.024 12.243 7.848 8.436 9.316 13.687 19.084 15.947 7.805 7.002 5.674 8.759 12.116 20.864 11.243 8.255 10.159 11.34 10.727 6.201 6.765 18.692 11.991 9.159 6.657 5.299 12.754 11.967 6.987 10.622 8.298 5.73 11.22 5.53
0.53 0.628 0.991 0.38 1.035 1.328 1.617 1.383 1.735 0.276 0.856 2.863 1.276 0.485 0.481 1.881 3.794 2.819 2.241 2.36 5.426 1.475 1.902 1.5 3.524 4.582 3.755 4.606 6.22 8.348 6.826 20.358 12.81 8.023 8.677 9.636 14.459 20.529 17.027 8.035 7.186 5.749 9.104 12.808 22.798 11.922 8.657 10.837 12.202 11.531 6.462 7.096 20.828 13.01 9.814 7.044 5.542 14.076 13.161 7.497 11.774 9.068 6.139 12.535 5.94
0.573 0.677 1.076 0.407 1.124 1.449 1.777 1.52 1.915 0.299 0.927 3.177 1.391 0.516 0.503 2.029 4.17 3.079 2.439 2.565 5.995 1.582 2.03 1.58 3.777 4.944 4.028 4.956 6.742 9.117 7.419 22.694 14.173 8.799 9.492 10.54 15.921 22.763 18.844 8.802 7.816 6.2 9.859 13.963 25.208 13.096 9.457 11.846 13.352 12.604 6.998 7.66 22.947 14.237 10.698 7.648 5.974 15.384 14.39 8.157 12.877 9.875 6.643 13.698 6.437
0.493 0.549 0.84 0.337 0.84 1.141 1.491 1.352 1.732 0.288 0.726 2.515 1.176 0.41 0.327 1.105 2.67 2.266 1.863 1.925 4.536 1.24 1.39 1.011 2.206 3.05 2.559 3.108 4.363 6.317 5.415 17.927 12.714 8.05 8.252 8.934 13.349 19.903 17.421 8.35 6.999 5.34 7.899 11.163 21.244 12.165 8.836 10.642 11.884 11.24 6.293 6.469 18.436 12.476 9.498 6.829 5.211 12.377 12.324 7.402 11.268 8.783 5.883 11.297 5.71
0.505 0.575 0.88 0.36 0.897 1.17 1.447 1.278 1.596 0.282 0.76 2.502 1.204 0.452 0.402 1.485 3.208 2.527 2.034 2.107 4.751 1.359 1.621 1.25 2.823 3.794 3.17 3.84 5.225 7.142 5.985 17.589 11.857 7.574 7.947 8.731 12.91 18.462 15.872 7.815 6.79 5.376 8.144 11.39 20.19 11.383 8.324 10.083 11.266 10.707 6.166 6.529 18.013 12.084 9.259 6.739 5.266 12.401 12.038 7.218 10.819 8.538 5.864 11.25 5.746
0.518 0.593 0.947 0.358 0.974 1.305 1.662 1.446 1.842 0.285 0.812 3.024 1.315 0.465 0.409 1.7 3.911 2.977 2.358 2.437 5.891 1.5 1.793 1.332 3.199 4.383 3.589 4.408 6.128 8.575 7.017 22.992 14.537 8.9 9.271 10.143 15.454 22.728 19.025 8.774 7.437 5.681 8.826 12.729 24.145 12.75 9.044 11.04 12.382 11.668 6.383 6.741 20.848 13.194 9.898 6.969 5.278 13.551 13.019 7.448 11.59 8.861 5.878 12.062 5.73
0.665 0.781 1.233 0.474 1.284 1.656 2.032 1.745 2.193 0.352 1.063 3.608 1.599 0.6 0.581 2.306 4.748 3.537 2.818 2.962 6.868 1.845 2.347 1.83 4.327 5.673 4.647 5.707 7.754 10.485 8.576 25.991 16.373 10.236 11 12.189 18.32 26.139 21.736 10.268 9.091 7.217 11.367 16.042 28.831 15.162 10.983 13.67 15.373 14.523 8.13 8.851 26.121 16.362 12.349 8.861 6.927 17.546 16.475 9.434 14.744 11.356 7.676 15.618 7.441
0.517 0.602 0.949 0.369 0.987 1.283 1.583 1.363 1.704 0.278 0.817 2.828 1.266 0.476 0.451 1.822 3.892 2.934 2.343 2.45 5.715 1.534 1.91 1.476 3.487 4.638 3.816 4.681 6.39 8.703 7.134 21.8 13.73 8.554 9.069 9.984 14.964 21.37 17.767 8.4 7.334 5.775 9.001 12.724 22.941 12.142 8.736 10.721 11.983 11.29 6.329 6.813 20.02 12.653 9.557 6.836 5.307 13.28 12.535 7.217 11.095 8.55 5.782 11.641 5.609
0.538 0.606 0.959 0.364 0.971 1.325 1.732 1.534 1.989 0.306 0.822 3.103 1.329 0.453 0.368 1.434 3.473 2.708 2.162 2.225 5.468 1.369 1.575 1.138 2.672 3.739 3.075 3.773 5.323 7.654 6.336 21.895 14.211 8.757 9.063 9.899 15.215 22.932 19.537 9.027 7.553 5.695 8.7 12.625 24.802 13.372 9.551 11.652 13.135 12.438 6.782 7.042 21.903 14.083 10.6 7.478 5.619 14.282 14.008 8.129 12.736 9.763 6.443 13.096 6.289
0.579 0.684 1.076 0.42 1.127 1.441 1.745 1.487 1.847 0.304 0.93 3.1 1.402 0.546 0.547 2.16 4.39 3.272 2.612 2.752 6.298 1.737 2.23 1.765 4.13 5.381 4.429 5.431 7.326 9.808 8.028 23.636 14.782 9.27 9.973 11.033 16.437 23.129 19.091 9.078 8.1 6.49 10.201 14.286 25.123 13.156 9.536 11.822 13.225 12.46 7.042 7.712 22.285 13.948 10.545 7.582 5.975 14.949 13.919 7.959 12.3 9.491 6.466 13.045 6.242
0.563 0.649 1.01 0.406 1.047 1.365 1.679 1.453 1.791 0.305 0.852 2.889 1.323 0.493 0.45 1.784 3.933 3.024 2.435 2.545 5.898 1.601 1.954 1.507 3.523 4.756 3.939 4.822 6.621 9.089 7.509 22.74 14.587 9.131 9.612 10.58 15.751 22.395 18.757 9.015 7.856 6.229 9.604 13.556 24.186 13.172 9.53 11.579 12.901 12.169 6.925 7.391 20.891 13.574 10.298 7.461 5.83 14.056 13.446 7.928 11.904 9.259 6.316 12.288 6.157
0.653 0.761 1.188 0.47 1.235 1.592 1.949 1.682 2.093 0.351 1.016 3.389 1.528 0.571 0.54 2.137 4.472 3.359 2.695 2.839 6.564 1.776 2.232 1.739 4.094 5.411 4.445 5.457 7.447 10.116 8.312 25.053 15.961 10.03 10.728 11.89 17.768 25.24 21.105 10.128 8.943 7.135 11.111 15.623 27.794 14.947 10.869 13.393 15.011 14.191 8.053 8.692 24.877 15.894 12.041 8.726 6.848 16.809 15.914 9.293 14.206 11.03 7.517 14.87 7.312
0.444 0.503 0.795 0.309 0.815 1.106 1.415 1.231 1.543 0.244 0.654 2.448 1.062 0.37 0.306 1.216 3.066 2.406 1.932 1.995 4.851 1.224 1.418 1.039 2.438 3.446 2.856 3.511 4.956 7.096 5.86 19.536 12.467 7.614 7.846 8.561 13.015 19.184 16.09 7.469 6.304 4.831 7.407 10.743 20.536 11.047 7.874 9.518 10.629 10.002 5.52 5.765 17.332 11.192 8.415 5.997 4.567 11.358 11.087 6.469 9.891 7.569 5.037 10.023 4.919
0.589 0.698 1.093 0.428 1.143 1.455 1.755 1.496 1.857 0.307 0.945 3.081 1.408 0.556 0.564 2.155 4.286 3.204 2.562 2.703 6.109 1.721 2.227 1.782 4.112 5.316 4.389 5.371 7.2 9.578 7.868 22.743 14.35 9.067 9.813 10.879 16.158 22.659 18.76 8.976 8.082 6.529 10.261 14.302 24.928 13.11 9.564 11.91 13.35 12.604 7.161 7.881 22.479 14.131 10.706 7.725 6.131 15.242 14.199 8.136 12.609 9.759 6.671 13.405 6.433
0.492 0.561 0.896 0.34 0.921 1.24 1.584 1.379 1.755 0.272 0.767 2.89 1.262 0.445 0.387 1.616 3.789 2.902 2.297 2.366 5.732 1.459 1.726 1.276 3.057 4.216 3.458 4.242 5.912 8.304 6.802 22.384 14.193 8.658 8.967 9.781 14.894 21.946 18.381 8.46 7.13 5.425 8.397 12.129 23.091 12.219 8.636 10.492 11.746 11.056 6.039 6.352 19.671 12.508 9.375 6.588 4.973 12.742 12.286 7.031 10.894 8.327 5.516 11.3 5.383
0.531 0.624 1.011 0.371 1.057 1.389 1.731 1.473 1.866 0.278 0.863 3.202 1.348 0.48 0.451 1.979 4.354 3.185 2.5 2.608 6.349 1.568 1.963 1.479 3.672 4.936 3.988 4.929 6.818 9.4 7.562 24.58 14.893 9.017 9.581 10.577 16.212 23.535 19.264 8.741 7.573 5.859 9.379 13.543 25.315 12.845 9.09 11.302 12.712 11.939 6.476 7.01 22.138 13.482 10.046 7.065 5.4 14.374 13.446 7.506 11.899 9.003 5.965 12.608 5.792
0.514 0.589 0.948 0.352 0.975 1.315 1.686 1.46 1.87 0.28 0.795 3.06 1.263 0.429 0.364 1.549 3.719 2.783 2.203 2.284 5.686 1.367 1.622 1.181 2.895 4.04 3.282 4.055 5.722 8.143 6.609 22.732 14.052 8.515 8.917 9.809 15.169 22.552 18.751 8.531 7.232 5.496 8.614 12.597 24.485 12.727 9.03 11.121 12.538 11.818 6.392 6.744 21.468 13.334 9.961 7.025 5.302 13.895 13.342 7.596 12 9.094 5.988 12.464 5.843
0.544 0.641 1.003 0.391 1.043 1.337 1.631 1.402 1.76 0.286 0.866 2.849 1.287 0.495 0.487 1.84 3.675 2.757 2.201 2.315 5.254 1.465 1.877 1.489 3.436 4.459 3.677 4.496 6.046 8.095 6.664 19.58 12.512 7.919 8.557 9.498 14.192 20.142 16.844 8.048 7.202 5.781 9.084 12.734 22.572 11.983 8.755 10.934 12.32 11.68 6.604 7.23 20.891 13.213 10.02 7.224 5.701 14.265 13.423 7.73 12.084 9.361 6.369 12.855 6.173
0.684 0.776 1.195 0.487 1.255 1.614 1.945 1.695 2.1 0.366 1.05 3.393 1.643 0.618 0.589 2.263 4.578 3.244 2.738 2.787 6.294 1.757 2.267 1.74 3.947 5.057 4.418 5.272 6.981 8.94 7.858 21.919 14.13 9.025 9.637 10.639 15.581 21.823 18.106 8.608 8.087 6.421 9.81 13.727 23.744 12.368 9.533 11.512 13.131 12.604 7.343 7.869 21.859 14.063 10.81 7.886 6.183 15.343 14.729 8.654 13.216 10.524 7.304 14.156 7.18
0.48 0.583 0.897 0.363 0.932 1.178 1.384 1.176 1.421 0.26 0.771 2.416 1.179 0.496 0.519 1.95 3.824 2.89 2.283 2.376 5.373 1.593 2.06 1.688 3.843 4.917 4.128 4.961 6.469 8.327 7.195 19.295 12.268 7.834 8.332 9.155 13.549 18.476 15.269 7.588 6.909 5.496 8.701 11.669 19.422 10.097 7.78 9.477 10.483 9.453 5.818 6.182 16.974 10.964 8.436 6.015 4.812 11.632 10.813 6.326 9.282 7.409 5.212 9.981 5.015
0.508 0.592 0.948 0.358 0.989 1.299 1.613 1.378 1.727 0.269 0.801 2.924 1.25 0.448 0.413 1.79 4.005 2.962 2.345 2.452 5.918 1.486 1.838 1.388 3.402 4.607 3.743 4.621 6.406 8.856 7.168 22.993 14.104 8.596 9.098 10.039 15.264 22.012 18.105 8.357 7.242 5.64 8.911 12.798 23.632 12.239 8.706 10.726 12.016 11.286 6.208 6.675 20.429 12.657 9.471 6.736 5.178 13.363 12.583 7.149 11.112 8.465 5.655 11.649 5.506
0.463 0.52 0.822 0.313 0.831 1.136 1.482 1.322 1.716 0.268 0.725 2.712 1.226 0.423 0.354 1.398 3.268 2.564 2.027 2.073 4.997 1.302 1.502 1.098 2.576 3.557 2.931 3.576 4.982 7.048 5.843 19.419 12.904 7.936 8.151 8.853 13.49 20.249 17.398 8.053 6.677 5.007 7.616 10.978 21.274 11.593 8.198 9.918 11.152 10.561 5.761 5.967 18.452 12.095 9.078 6.34 4.732 11.995 11.815 6.826 10.596 8.188 5.4 10.966 5.283
0.456 0.531 0.842 0.321 0.873 1.141 1.42 1.226 1.551 0.245 0.725 2.546 1.113 0.407 0.38 1.54 3.294 2.466 1.962 2.051 4.843 1.268 1.579 1.208 2.884 3.841 3.142 3.863 5.297 7.257 5.931 18.585 11.688 7.257 7.72 8.522 12.894 18.624 15.525 7.269 6.333 4.953 7.773 11.067 20.332 10.7 7.699 9.524 10.708 10.112 5.609 6.038 18.184 11.402 8.592 6.124 4.728 12.064 11.412 6.538 10.22 7.845 5.265 10.761 5.114
0.588 0.664 1.029 0.409 1.044 1.39 1.766 1.57 1.997 0.335 0.899 3.127 1.463 0.53 0.457 1.725 3.882 3.077 2.471 2.552 5.94 1.633 1.916 1.442 3.292 4.477 3.721 4.525 6.232 8.679 7.261 22.694 15.289 9.632 10.008 10.927 16.344 23.886 20.551 9.858 8.382 6.473 9.774 13.799 25.433 14.155 10.209 12.337 13.79 13.055 7.338 7.673 22.118 14.678 11.144 7.972 6.105 14.758 14.404 8.507 12.916 10.08 6.796 13.301 6.628
0.594 0.699 1.062 0.448 1.11 1.391 1.641 1.404 1.7 0.322 0.926 2.781 1.372 0.597 0.624 2.184 4.184 3.217 2.622 2.775 5.937 1.872 2.403 1.992 4.328 5.531 4.679 5.673 7.461 9.727 8.148 21.59 14.019 9.15 9.881 10.901 15.728 21.442 17.891 9.001 8.207 6.785 10.342 14.067 23.29 12.699 9.432 11.539 12.803 12.109 7.186 7.888 20.654 13.422 10.337 7.602 6.164 14.276 13.316 7.862 11.708 9.242 6.502 12.372 6.244
0.55 0.642 0.998 0.394 1.033 1.327 1.628 1.413 1.778 0.296 0.864 2.822 1.284 0.491 0.472 1.752 3.512 2.659 2.132 2.238 5.052 1.424 1.799 1.42 3.249 4.23 3.5 4.274 5.755 7.732 6.401 18.807 12.203 7.779 8.369 9.277 13.835 19.71 16.642 8.041 7.153 5.724 8.906 12.476 22.207 11.994 8.798 10.933 12.323 11.715 6.664 7.237 20.752 13.291 10.125 7.331 5.772 14.256 13.528 7.891 12.262 9.549 6.516 13.007 6.338
0.482 0.535 0.82 0.325 0.819 1.131 1.516 1.378 1.767 0.284 0.704 2.45 1.125 0.386 0.301 0.955 2.399 2.13 1.788 1.861 4.492 1.185 1.317 0.942 2.014 2.777 2.337 2.866 4.094 6.104 5.288 18.673 13.133 8.229 8.368 8.967 13.411 20.289 17.699 8.324 6.915 5.217 7.659 10.85 21.445 12.241 8.892 10.716 11.929 11.228 6.218 6.352 18.291 12.365 9.405 6.734 5.114 12.194 12.23 7.339 11.292 8.732 5.789 11.083 5.561
0.55 0.653 1.036 0.401 1.09 1.397 1.685 1.421 1.755 0.285 0.896 3.052 1.385 0.548 0.559 2.259 4.631 3.428 2.714 2.847 6.56 1.795 2.31 1.831 4.319 5.642 4.639 5.686 7.657 10.222 8.318 24.518 15.027 9.318 9.988 11.021 16.448 23.09 18.849 8.846 7.872 6.296 9.965 14.004 24.582 12.627 9.055 11.193 12.493 11.738 6.605 7.267 21.239 13.178 9.921 7.061 5.554 14.069 13.014 7.334 11.311 8.702 5.922 12.079 5.707
0.592 0.71 1.133 0.429 1.195 1.524 1.835 1.542 1.915 0.301 0.978 3.33 1.473 0.569 0.585 2.405 4.889 3.569 2.819 2.975 6.923 1.84 2.41 1.904 4.564 5.93 4.83 5.946 8.036 10.745 8.689 25.996 15.802 9.754 10.569 11.727 17.606 24.749 20.117 9.351 8.403 6.735 10.786 15.179 26.753 13.581 9.762 12.224 13.693 12.85 7.16 7.941 23.543 14.393 10.791 7.696 6.066 15.642 14.375 8.032 12.591 9.627 6.514 13.478 6.271
0.634 0.719 1.103 0.45 1.126 1.488 1.87 1.656 2.065 0.356 0.927 3.08 1.433 0.518 0.437 1.559 3.556 2.862 2.332 2.425 5.622 1.542 1.805 1.361 3.076 4.223 3.533 4.308 5.98 8.415 7.089 22.172 14.964 9.483 9.891 10.855 16.2 23.515 20.183 9.788 8.425 6.62 10.033 14.203 25.99 14.668 10.731 13.027 14.583 13.838 7.898 8.304 23.141 15.473 11.808 8.605 6.706 15.836 15.508 9.347 14.077 11.032 7.519 14.33 7.343
