5.967 5.18 7.232 4.346 4.405 7.297 10.706 7.463 10.483 3.644 6.35 13.691 7.612 4.778 2.882 12.607 16.42 11.475 10.617 8.485 13.523 5.599 5.843 5.778 10.477 7.828 4.813 7.653 7.734 11.93 12.565 21.333 12.494 12.851 17.761 10.548 15.329 21.493 18.149 9.895 10.806 8.046 11.073 12.346 19.984 17.512 8.56 9.748 16.642 13.379 12.534 12.838 20.363 10.214 9.278 10.694 10.526 17.394 10.598 10.233 11.908 9.314 9.633 13.116 8.098
6.105 5.423 7.22 4.723 4.825 7.406 10.152 7.505 9.887 3.991 6.588 12.537 7.761 5.162 3.409 11.939 14.999 11.123 10.289 8.491 12.617 6.006 6.354 6.463 10.661 8.4 5.552 8.41 8.563 12.195 12.731 19.621 12.567 12.77 16.812 10.864 14.887 19.877 17.331 10.232 11.089 8.736 11.55 12.68 18.745 16.791 8.994 10.143 15.991 13.379 12.566 12.796 18.752 10.487 9.639 10.98 10.891 16.456 10.852 10.449 11.902 9.702 9.996 12.945 8.607
5.618 4.896 6.895 4.125 4.249 7.071 10.162 7.02 9.754 3.332 6.098 12.888 7.164 4.433 2.718 12.154 15.454 10.687 9.716 7.74 12.382 5.101 5.488 5.54 10.012 7.406 4.52 7.411 7.445 11.28 11.706 19.372 11.318 11.589 16.027 9.499 13.907 19.416 16.366 8.807 9.815 7.38 10.348 11.504 18.321 15.967 7.665 8.973 15.437 12.363 11.517 11.817 18.653 9.315 8.541 10.014 9.894 16.231 9.827 9.5 11.147 8.726 9.095 12.407 7.6
5.74 5.056 6.776 4.337 4.388 6.815 9.527 6.979 9.355 3.642 6.004 11.745 7.107 4.652 2.975 10.829 13.799 10.193 9.473 7.739 11.639 5.343 5.561 5.549 9.279 7.212 4.66 7.047 7.121 10.321 10.829 17.234 10.876 11.105 14.818 9.405 13.053 17.715 15.432 8.962 9.684 7.512 9.995 11.034 16.806 15.136 7.984 8.993 14.452 12.047 11.353 11.601 17.433 9.555 8.747 9.968 9.868 15.29 9.965 9.627 11.037 8.925 9.196 12.064 7.913
5.82 4.964 6.978 4.097 4.069 6.854 10.437 7.232 10.341 3.432 5.858 13.253 7.233 4.423 2.523 11.522 15.622 10.939 10.135 7.93 12.772 5.068 5.108 4.923 9.108 6.768 4.032 6.32 6.38 10.066 10.731 18.963 10.904 11.186 15.655 9.088 13.333 19.178 16.222 8.642 9.254 6.717 9.286 10.511 17.816 15.786 7.545 8.439 14.832 11.969 11.261 11.55 18.976 9.293 8.31 9.535 9.399 16.141 9.724 9.358 10.953 8.498 8.767 12.177 7.411
5.267 4.606 6.2 3.938 3.962 6.224 8.879 6.526 8.834 3.377 5.551 11.138 6.744 4.372 2.735 10.25 13.392 9.983 9.284 7.52 11.386 5.152 5.305 5.265 8.947 6.985 4.475 6.793 6.913 10.196 10.833 17.623 11.089 11.285 15.107 9.494 13.185 18.049 15.732 9.016 9.618 7.349 9.748 10.783 16.654 15.032 7.812 8.678 14.021 11.67 10.965 11.158 16.908 9.157 8.277 9.364 9.235 14.467 9.366 8.978 10.255 8.229 8.435 11.114 7.226
5.174 4.552 6.109 3.908 3.949 6.168 8.726 6.384 8.607 3.333 5.472 10.892 6.567 4.31 2.745 10.091 13.099 9.655 9 7.342 11.1 5.067 5.262 5.25 8.9 6.963 4.505 6.816 6.952 10.242 10.841 17.496 10.949 11.194 14.957 9.438 13.11 17.814 15.434 8.923 9.606 7.43 9.857 10.893 16.641 14.895 7.812 8.725 13.976 11.615 10.91 11.101 16.647 9.057 8.249 9.349 9.234 14.316 9.292 8.943 10.2 8.211 8.423 11.03 7.22
4.676 4.043 5.474 3.404 3.373 5.357 7.921 5.734 7.925 2.898 4.69 9.853 5.78 3.69 2.225 8.509 11.663 8.544 7.985 6.377 9.792 4.247 4.27 4.131 7.126 5.531 3.458 5.153 5.232 7.906 8.495 14.402 8.779 8.992 12.22 7.501 10.57 14.809 12.826 7.218 7.649 5.75 7.657 8.593 13.868 12.552 6.4 7.064 11.697 9.745 9.208 9.404 14.725 7.75 6.978 7.877 7.784 12.631 8.059 7.758 8.922 7.11 7.284 9.762 6.268
5.175 4.533 6.259 3.851 3.932 6.396 9.182 6.484 8.943 3.243 5.625 11.713 6.689 4.271 2.665 11.071 14.203 10.023 9.244 7.47 11.72 5.05 5.337 5.351 9.501 7.194 4.524 7.167 7.27 11.001 11.541 19.025 11.381 11.657 15.884 9.645 13.79 18.996 16.108 8.959 9.804 7.434 10.118 11.189 17.53 15.351 7.668 8.733 14.533 11.757 10.981 11.211 17.303 8.923 8.139 9.36 9.218 14.788 9.179 8.843 10.213 8.065 8.331 11.162 7.022
4.884 4.235 5.859 3.566 3.609 5.88 8.503 6.03 8.326 2.925 5.067 10.586 6.072 3.796 2.288 9.588 12.407 8.904 8.2 6.52 10.185 4.289 4.461 4.42 7.795 5.878 3.614 5.68 5.711 8.56 8.971 14.861 8.923 9.099 12.441 7.506 10.775 15.051 12.922 7.094 7.703 5.781 7.957 8.896 14.236 12.708 6.281 7.158 12.136 9.933 9.34 9.579 15.08 7.76 7.048 8.144 8.068 13.18 8.216 7.933 9.247 7.316 7.586 10.287 6.45
5.493 4.786 6.46 4.077 4.099 6.453 9.166 6.697 9.006 3.377 5.592 11.185 6.749 4.306 2.663 10.059 13.093 9.705 8.925 7.166 10.83 4.841 4.976 4.941 8.376 6.496 4.109 6.239 6.311 9.2 9.677 15.544 9.734 9.837 13.167 8.241 11.475 15.773 13.785 7.824 8.368 6.398 8.592 9.573 14.874 13.498 6.948 7.778 12.741 10.664 10.041 10.258 15.681 8.477 7.672 8.761 8.701 13.751 8.906 8.557 9.856 7.934 8.181 10.87 7.054
6.647 5.814 7.793 4.957 4.981 7.751 10.917 8.018 10.748 4.118 6.748 13.276 8.06 5.203 3.256 11.924 15.368 11.446 10.584 8.554 12.823 5.819 5.977 5.912 9.875 7.667 4.893 7.351 7.406 10.706 11.241 17.933 11.335 11.494 15.318 9.677 13.402 18.295 16.021 9.22 9.872 7.589 10.113 11.217 17.281 15.714 8.226 9.215 14.931 12.519 11.817 12.083 18.336 10.035 9.129 10.398 10.314 16.147 10.545 10.169 11.692 9.451 9.742 12.865 8.422
5.855 5.173 6.9 4.445 4.501 6.936 9.621 7.046 9.386 3.699 6.064 11.735 7.118 4.685 3.028 10.785 13.703 10.079 9.351 7.668 11.486 5.32 5.552 5.547 9.217 7.175 4.662 7.008 7.08 10.214 10.682 16.863 10.649 10.886 14.494 9.247 12.811 17.302 15.057 8.804 9.559 7.477 9.936 10.966 16.58 14.913 7.932 8.96 14.308 11.952 11.268 11.521 17.192 9.497 8.732 9.959 9.874 15.182 9.953 9.638 11.041 8.963 9.241 12.071 7.975
5.205 4.617 6.229 4.015 4.142 6.461 8.868 6.459 8.56 3.334 5.712 11.01 6.697 4.399 2.894 10.598 13.252 9.675 8.888 7.287 10.98 5.094 5.485 5.636 9.441 7.364 4.819 7.47 7.605 10.873 11.28 17.38 10.904 11.081 14.674 9.313 12.945 17.348 14.981 8.664 9.496 7.431 9.988 10.981 16.323 14.455 7.53 8.631 13.84 11.458 10.729 10.933 16.164 8.812 8.133 9.356 9.293 14.201 9.173 8.838 10.131 8.201 8.494 11.101 7.245
5.162 4.526 6.189 3.864 3.934 6.316 9.023 6.47 8.851 3.285 5.599 11.471 6.703 4.323 2.713 10.836 13.921 10.022 9.287 7.524 11.636 5.123 5.383 5.399 9.436 7.241 4.603 7.196 7.321 10.963 11.547 18.863 11.493 11.739 15.851 9.755 13.774 18.867 16.132 9.088 9.855 7.506 10.111 11.167 17.314 15.282 7.757 8.749 14.351 11.719 10.961 11.165 17.038 8.955 8.145 9.308 9.17 14.528 9.161 8.804 10.109 8.033 8.273 10.994 7.009
5.396 4.744 6.189 4.077 4.043 6.057 8.561 6.598 8.784 3.599 5.585 10.639 6.888 4.567 2.925 9.517 12.986 10.284 9.668 7.908 11.506 5.518 5.549 5.422 8.654 6.992 4.602 6.65 6.781 9.753 10.661 17.458 11.776 12.011 15.842 10.376 13.942 18.888 16.923 10.026 10.493 8.147 10.444 11.472 17.275 16.124 8.77 9.549 14.709 12.524 11.754 11.883 17.434 9.97 8.96 9.941 9.748 14.634 9.933 9.497 10.702 8.716 8.818 11.277 7.607
5.11 4.398 6.078 3.669 3.652 5.974 8.88 6.299 8.837 3.085 5.174 11.145 6.32 3.94 2.316 9.739 13.014 9.355 8.689 6.875 10.791 4.483 4.53 4.38 7.783 5.866 3.572 5.493 5.52 8.446 8.971 15.387 9.164 9.376 12.913 7.723 11.102 15.711 13.488 7.389 7.9 5.841 7.952 8.935 14.709 13.215 6.537 7.313 12.489 10.233 9.658 9.909 15.889 8.106 7.294 8.339 8.232 13.718 8.523 8.223 9.573 7.539 7.776 10.621 6.639
5.566 4.877 6.458 4.163 4.152 6.351 8.96 6.651 8.899 3.5 5.574 10.88 6.692 4.382 2.77 9.612 12.626 9.51 8.869 7.209 10.707 4.953 5.036 4.94 8.112 6.377 4.114 6.031 6.091 8.798 9.333 15.034 9.609 9.8 13.04 8.337 11.46 15.629 13.755 8.04 8.561 6.629 8.704 9.646 14.812 13.554 7.234 8.026 12.8 10.812 10.225 10.439 15.719 8.734 7.945 8.968 8.879 13.75 9.104 8.784 10.035 8.152 8.357 10.928 7.255
6.371 5.521 7.216 4.636 4.529 6.83 9.931 7.687 10.416 4.058 6.264 12.176 7.821 5.05 3.098 10.216 14.486 11.568 10.759 8.579 12.533 5.774 5.683 5.401 8.567 6.827 4.371 6.27 6.278 9.069 10.014 17.035 11.338 11.471 15.171 9.727 13.171 18.263 16.59 9.578 9.887 7.461 9.512 10.505 16.574 15.988 8.507 9.205 14.433 12.406 11.786 12.01 18.29 10.324 9.213 10.177 9.932 15.446 10.498 10.075 11.433 9.24 9.359 12.206 8.148
4.204 3.632 5.056 3.046 3.071 5.081 7.502 5.28 7.403 2.57 4.435 9.583 5.398 3.375 2.011 8.764 11.536 8.195 7.587 6.027 9.552 3.962 4.095 4.039 7.314 5.51 3.379 5.348 5.422 8.364 8.866 15.108 8.923 9.131 12.58 7.485 10.813 15.206 12.926 7.034 7.592 5.625 7.711 8.618 13.998 12.365 6.041 6.802 11.594 9.383 8.791 8.982 14.254 7.186 6.473 7.423 7.307 12.086 7.412 7.12 8.26 6.464 6.665 9.073 5.618
5.057 4.487 5.968 3.903 3.982 6.102 8.373 6.205 8.179 3.298 5.426 10.312 6.4 4.259 2.802 9.756 12.274 9.151 8.483 6.992 10.365 4.931 5.2 5.275 8.675 6.845 4.527 6.828 6.948 9.875 10.316 15.9 10.208 10.372 13.641 8.815 12.072 16.129 14.093 8.326 9.001 7.073 9.346 10.271 15.227 13.682 7.336 8.265 13.039 10.927 10.284 10.479 15.386 8.609 7.912 9.003 8.934 13.528 8.931 8.606 9.806 7.998 8.243 10.685 7.106
4.502 3.868 5.551 3.184 3.238 5.561 8.274 5.57 7.989 2.547 4.685 10.496 5.536 3.331 1.927 9.446 12.224 8.25 7.537 5.9 9.703 3.727 3.916 3.846 7.211 5.183 3.039 5.002 4.97 7.781 8.091 14.05 7.878 8.119 11.487 6.539 9.832 14.091 11.741 6.109 6.788 4.949 7.064 7.943 13.341 11.602 5.378 6.295 11.292 8.92 8.35 8.618 14.241 6.784 6.186 7.285 7.187 12.398 7.269 7.067 8.406 6.472 6.767 9.491 5.636
5.807 5.095 6.899 4.328 4.381 6.899 9.698 6.977 9.436 3.552 5.969 11.873 6.988 4.501 2.838 10.807 13.719 9.914 9.16 7.43 11.326 5.044 5.26 5.223 8.857 6.76 4.289 6.567 6.585 9.62 10.03 16.121 9.952 10.172 13.7 8.539 12.009 16.422 14.183 8.089 8.81 6.777 9.13 10.101 15.625 13.986 7.225 8.23 13.487 11.133 10.486 10.752 16.433 8.802 8.079 9.281 9.188 14.497 9.281 8.998 10.405 8.354 8.645 11.48 7.407
4.866 4.199 5.939 3.517 3.583 6.06 8.971 6.204 8.769 2.935 5.268 11.601 6.386 3.941 2.333 10.851 14.135 9.836 9.046 7.145 11.536 4.648 4.891 4.882 9.064 6.737 4.079 6.659 6.753 10.521 11.08 18.937 10.922 11.172 15.509 9.041 13.259 18.717 15.714 8.361 9.122 6.706 9.353 10.454 17.063 14.848 7.045 8.034 13.936 11.12 10.367 10.589 16.948 8.309 7.495 8.679 8.542 14.297 8.567 8.219 9.585 7.43 7.694 10.574 6.415
4.995 4.354 5.801 3.717 3.696 5.737 8.302 6.193 8.387 3.248 5.176 10.416 6.426 4.178 2.599 9.338 12.697 9.646 9.005 7.277 10.915 4.992 5.042 4.937 8.288 6.579 4.228 6.262 6.403 9.492 10.267 17.009 10.858 11.044 14.749 9.347 12.842 17.649 15.512 8.939 9.402 7.181 9.385 10.399 16.129 14.741 7.735 8.45 13.478 11.333 10.644 10.792 16.305 8.939 8.013 8.961 8.815 13.74 9.024 8.619 9.78 7.864 7.998 10.467 6.881
4.717 4.151 5.708 3.559 3.674 5.893 8.247 5.872 7.958 2.908 5.151 10.331 6.038 3.87 2.465 9.85 12.37 8.84 8.118 6.57 10.167 4.458 4.811 4.912 8.498 6.481 4.116 6.544 6.625 9.7 10.061 15.992 9.712 9.92 13.387 8.228 11.719 15.99 13.662 7.645 8.444 6.485 8.893 9.829 15.062 13.242 6.643 7.698 12.735 10.39 9.721 9.935 15.124 7.914 7.292 8.461 8.389 13.228 8.297 8.014 9.281 7.401 7.692 10.245 6.497
6.733 5.839 7.586 4.907 4.751 7.077 10.251 8.057 10.976 4.408 6.693 12.908 8.406 5.452 3.347 10.795 15.255 12.509 11.851 9.565 13.867 6.484 6.292 5.927 9.245 7.338 4.686 6.615 6.625 9.501 10.529 18.047 12.501 12.762 16.97 11.026 14.774 20.457 18.778 11.018 11.298 8.514 10.681 11.649 18.103 17.669 9.61 10.341 16.097 13.855 13.114 13.364 20.271 11.653 10.351 11.374 11.05 16.927 11.606 11.101 12.578 10.2 10.266 13.279 8.919
4.536 3.899 5.373 3.267 3.245 5.32 8.034 5.711 8.029 2.819 4.665 10.262 5.841 3.675 2.167 9.061 12.5 8.975 8.362 6.624 10.423 4.359 4.396 4.27 7.702 5.917 3.644 5.582 5.718 8.921 9.624 16.706 9.901 10.128 13.916 8.322 11.901 16.833 14.361 7.874 8.346 6.167 8.311 9.349 15.359 13.666 6.744 7.42 12.539 10.263 9.632 9.805 15.582 7.909 7.058 7.981 7.855 13.025 8.073 7.724 8.892 6.975 7.134 9.678 6.06
5.648 5.001 6.507 4.323 4.32 6.419 8.849 6.781 8.897 3.698 5.763 10.68 6.902 4.614 3.012 9.579 12.588 9.87 9.225 7.578 10.935 5.313 5.408 5.341 8.422 6.767 4.489 6.479 6.567 9.236 9.901 15.704 10.561 10.762 14.112 9.319 12.539 16.858 15.119 9.07 9.62 7.594 9.825 10.838 16.167 15.082 8.319 9.194 14.179 12.132 11.466 11.673 17.028 9.867 8.993 10.09 9.977 14.883 10.186 9.826 11.142 9.169 9.359 11.966 8.157
7.114 6.245 8.302 5.337 5.344 8.206 11.525 8.525 11.414 4.48 7.204 14.03 8.585 5.616 3.557 12.508 16.183 12.131 11.305 9.204 13.704 6.323 6.462 6.355 10.455 8.161 5.255 7.754 7.799 11.227 11.825 18.915 12.06 12.298 16.37 10.451 14.402 19.605 17.225 10.061 10.763 8.337 10.993 12.164 18.646 17.019 9.074 10.128 16.219 13.659 12.926 13.223 19.943 11.06 10.095 11.444 11.34 17.592 11.609 11.227 12.867 10.452 10.748 14.092 9.329
