0.577 0.886 0.744 0.633 1.031 2.789 2.076 2.117 1.818 0.375 0.296 4.752 3.768 0.92 0.853 2.4 5.554 5.445 4.596 3.945 3.877 1.365 0.619 0.295 3.037 2.751 2.617 2.981 3.3 4.889 5.784 6.595 5.993 5.491 6.297 4.703 5.219 7.418 6.238 4.657 5.802 4.877 4.733 5.917 8.713 7.029 4.709 4.167 5.857 5.396 5.419 6.375 10.498 5.683 6.195 5.213 4.751 5.987 6.007 4.494 5.925 5.043 4.641 5.191 3.777
0.725 1.127 0.966 0.843 1.307 3.045 2.328 2.371 2.08 0.488 0.44 5.01 4.02 1.103 1.107 2.816 5.729 5.657 4.876 4.263 4.219 1.647 0.837 0.458 3.717 3.241 3.087 3.499 3.844 5.438 6.307 7.101 6.538 6.072 6.888 5.322 5.877 8.03 6.89 5.318 6.517 5.588 5.455 6.656 9.319 7.688 5.37 4.86 6.596 6.104 6.121 7.065 10.925 6.337 6.857 5.882 5.422 6.655 6.65 5.119 6.551 5.678 5.276 5.833 4.388
0.741 1.208 1.02 0.884 1.41 3.395 2.476 2.522 2.194 0.475 0.427 5.734 4.291 1.078 1.108 3.019 6.204 5.937 5.037 4.398 4.382 1.622 0.804 0.425 4.038 3.328 3.124 3.551 3.893 5.585 6.441 7.236 6.598 6.122 7.032 5.345 5.994 8.342 7.027 5.362 6.726 5.702 5.594 6.94 9.88 7.99 5.504 5.038 7.051 6.468 6.508 7.595 12.013 6.665 7.372 6.303 5.834 7.303 7.277 5.524 7.263 6.216 5.77 6.439 4.751
0.578 0.987 0.833 0.725 1.197 2.971 2.092 2.123 1.834 0.372 0.339 5.253 3.757 0.876 0.923 2.697 5.61 5.223 4.333 3.75 3.75 1.335 0.655 0.342 3.787 3.021 2.809 3.213 3.529 5.117 5.869 6.556 5.896 5.431 6.266 4.682 5.294 7.453 6.169 4.643 5.909 4.95 4.85 6.061 8.659 6.823 4.595 4.205 5.982 5.418 5.435 6.366 10.139 5.404 6.026 5.105 4.716 5.97 5.905 4.404 5.864 4.962 4.605 5.184 3.771
0.581 0.912 0.773 0.668 1.057 2.587 1.941 1.978 1.721 0.38 0.329 4.317 3.395 0.88 0.868 2.312 4.886 4.79 4.095 3.561 3.522 1.314 0.64 0.333 3.019 2.616 2.479 2.815 3.096 4.454 5.191 5.869 5.375 4.974 5.681 4.331 4.809 6.68 5.677 4.328 5.361 4.559 4.45 5.494 7.849 6.415 4.414 3.982 5.507 5.084 5.108 5.949 9.436 5.315 5.795 4.941 4.545 5.652 5.654 4.304 5.597 4.813 4.458 4.955 3.672
0.744 1.253 1.057 0.919 1.472 3.482 2.499 2.54 2.21 0.47 0.441 5.925 4.324 1.059 1.127 3.109 6.24 5.889 4.966 4.342 4.345 1.6 0.806 0.436 4.253 3.39 3.152 3.582 3.918 5.598 6.409 7.164 6.512 6.048 6.967 5.29 5.967 8.305 6.962 5.314 6.716 5.686 5.594 6.955 9.86 7.924 5.456 5.042 7.106 6.494 6.535 7.631 12.018 6.619 7.376 6.319 5.872 7.378 7.332 5.555 7.345 6.274 5.834 6.525 4.805
0.882 1.306 1.114 0.965 1.436 3.292 2.591 2.674 2.371 0.608 0.545 5.213 4.354 1.285 1.284 3.033 6.179 6.198 5.437 4.815 4.764 1.948 1.024 0.573 3.739 3.425 3.337 3.797 4.193 5.921 6.908 7.818 7.29 6.83 7.722 6.054 6.645 8.955 7.759 6.085 7.374 6.378 6.241 7.548 10.483 8.781 6.28 5.711 7.588 7.049 7.059 8.09 12.349 7.343 7.936 6.874 6.349 7.686 7.688 6.013 7.597 6.606 6.139 6.733 5.138
0.765 1.17 0.998 0.868 1.346 3.213 2.455 2.513 2.206 0.526 0.462 5.314 4.248 1.174 1.169 2.968 6.169 6.065 5.217 4.563 4.511 1.765 0.897 0.484 3.84 3.416 3.294 3.755 4.143 5.902 6.857 7.726 7.107 6.595 7.474 5.76 6.353 8.682 7.423 5.729 7.019 6.004 5.859 7.146 10.016 8.222 5.74 5.182 7.006 6.458 6.465 7.457 11.549 6.64 7.199 6.169 5.677 6.961 6.943 5.341 6.833 5.894 5.475 6.058 4.557
0.73 1.104 0.928 0.792 1.242 3.147 2.393 2.456 2.136 0.478 0.395 5.176 4.172 1.096 1.046 2.737 6.013 5.96 5.126 4.466 4.404 1.639 0.784 0.395 3.382 3.055 2.934 3.338 3.685 5.357 6.306 7.183 6.606 6.118 6.991 5.324 5.892 8.216 6.996 5.33 6.581 5.594 5.454 6.745 9.749 8.01 5.524 4.954 6.835 6.329 6.368 7.435 11.952 6.723 7.332 6.248 5.731 7.125 7.152 5.454 7.099 6.098 5.636 6.254 4.629
0.583 0.86 0.719 0.605 0.952 2.516 1.956 2.002 1.729 0.37 0.29 4.084 3.471 0.888 0.804 2.113 4.875 4.983 4.305 3.716 3.632 1.307 0.591 0.282 2.513 2.35 2.246 2.544 2.812 4.14 4.958 5.715 5.271 4.858 5.554 4.206 4.626 6.53 5.598 4.214 5.178 4.397 4.263 5.305 7.849 6.526 4.447 3.925 5.45 5.096 5.139 6.046 9.996 5.64 6.085 5.158 4.7 5.874 5.955 4.522 5.905 5.095 4.685 5.198 3.82
0.642 1.087 0.922 0.807 1.318 3.197 2.275 2.307 2.002 0.421 0.39 5.607 4.051 0.978 1.036 2.947 6.027 5.631 4.692 4.069 4.069 1.487 0.745 0.4 4.154 3.337 3.116 3.56 3.907 5.614 6.423 7.159 6.455 5.954 6.84 5.149 5.801 8.095 6.738 5.105 6.453 5.431 5.321 6.606 9.339 7.398 5.022 4.597 6.47 5.872 5.886 6.863 10.786 5.841 6.482 5.508 5.094 6.403 6.332 4.752 6.27 5.331 4.957 5.564 4.083
0.545 0.973 0.817 0.711 1.194 2.97 2.037 2.064 1.779 0.346 0.326 5.365 3.712 0.818 0.897 2.715 5.585 5.1 4.178 3.608 3.629 1.262 0.623 0.328 3.921 3.007 2.765 3.175 3.484 5.068 5.775 6.423 5.736 5.277 6.121 4.536 5.173 7.325 5.998 4.487 5.785 4.816 4.728 5.943 8.494 6.599 4.404 4.064 5.86 5.265 5.278 6.201 9.9 5.16 5.815 4.916 4.552 5.808 5.719 4.227 5.694 4.788 4.446 5.031 3.629
0.676 1.176 1.002 0.885 1.438 3.359 2.373 2.4 2.09 0.443 0.438 5.901 4.206 1.016 1.123 3.162 6.232 5.761 4.787 4.164 4.184 1.551 0.806 0.453 4.578 3.584 3.324 3.794 4.15 5.899 6.691 7.412 6.673 6.169 7.086 5.357 6.054 8.392 6.982 5.317 6.734 5.68 5.578 6.902 9.636 7.614 5.193 4.801 6.746 6.109 6.121 7.112 11.011 5.993 6.671 5.688 5.284 6.628 6.534 4.914 6.471 5.514 5.143 5.773 4.254
0.76 1.201 1.022 0.889 1.426 3.542 2.63 2.675 2.323 0.511 0.441 6.042 4.672 1.198 1.187 3.23 6.885 6.657 5.629 4.87 4.817 1.792 0.876 0.456 4.312 3.74 3.557 4.055 4.469 6.445 7.483 8.42 7.658 7.051 8.036 6.089 6.761 9.397 7.932 6.024 7.474 6.328 6.165 7.603 10.811 8.722 5.95 5.346 7.386 6.773 6.785 7.89 12.463 6.922 7.547 6.407 5.883 7.321 7.294 5.52 7.174 6.142 5.697 6.355 4.704
0.737 1.156 0.988 0.867 1.306 2.833 2.14 2.186 1.941 0.493 0.47 4.556 3.508 1.005 1.067 2.595 4.914 4.755 4.126 3.676 3.678 1.515 0.825 0.479 3.422 2.841 2.696 3.051 3.333 4.62 5.271 5.879 5.448 5.125 5.828 4.582 5.094 6.851 5.894 4.647 5.715 4.946 4.876 5.92 8.118 6.739 4.851 4.514 6.092 5.637 5.668 6.51 9.807 5.811 6.376 5.567 5.203 6.35 6.328 4.955 6.329 5.509 5.153 5.68 4.335
0.64 1.141 0.966 0.851 1.402 3.316 2.304 2.328 2.022 0.415 0.413 5.915 4.134 0.957 1.076 3.116 6.159 5.631 4.638 4.026 4.056 1.474 0.762 0.425 4.565 3.498 3.223 3.691 4.04 5.774 6.536 7.229 6.479 5.981 6.898 5.178 5.884 8.207 6.775 5.131 6.557 5.502 5.408 6.727 9.431 7.381 4.996 4.636 6.581 5.929 5.938 6.922 10.785 5.767 6.464 5.5 5.112 6.453 6.347 4.74 6.299 5.339 4.977 5.608 4.102
0.714 1.134 0.989 0.886 1.315 2.662 2.024 2.051 1.836 0.495 0.508 4.252 3.288 0.991 1.093 2.562 4.57 4.384 3.803 3.401 3.418 1.483 0.859 0.54 3.544 2.916 2.752 3.098 3.368 4.556 5.131 5.66 5.247 4.949 5.589 4.458 4.945 6.531 5.66 4.522 5.514 4.816 4.755 5.699 7.599 6.326 4.613 4.326 5.747 5.324 5.339 6.065 8.816 5.36 5.838 5.13 4.818 5.812 5.768 4.558 5.726 5.027 4.724 5.185 4.019
0.608 0.902 0.753 0.635 1 2.637 2.033 2.083 1.8 0.386 0.305 4.294 3.589 0.918 0.839 2.213 5.078 5.142 4.434 3.835 3.757 1.354 0.617 0.296 2.64 2.45 2.343 2.656 2.935 4.318 5.152 5.926 5.458 5.035 5.763 4.362 4.809 6.788 5.801 4.373 5.389 4.572 4.44 5.528 8.162 6.759 4.612 4.086 5.684 5.303 5.348 6.291 10.378 5.823 6.313 5.356 4.889 6.117 6.189 4.698 6.149 5.295 4.873 5.412 3.975
0.761 1.271 1.098 0.977 1.489 3.113 2.297 2.32 2.053 0.496 0.523 5.04 3.787 1.038 1.165 2.891 5.258 4.975 4.256 3.774 3.795 1.543 0.864 0.532 4.012 3.206 2.974 3.34 3.62 4.957 5.583 6.162 5.658 5.312 6.054 4.747 5.321 7.161 6.126 4.817 5.979 5.17 5.113 6.221 8.46 6.946 4.965 4.672 6.384 5.891 5.925 6.806 10.161 5.95 6.574 5.74 5.398 6.634 6.59 5.13 6.6 5.746 5.39 5.966 4.538
0.964 1.386 1.18 1.014 1.453 3.231 2.661 2.768 2.478 0.666 0.606 4.928 4.448 1.383 1.372 3.024 6.126 6.386 5.717 5.093 5.017 2.109 1.126 0.646 3.551 3.367 3.312 3.769 4.179 5.883 6.957 7.958 7.525 7.094 7.986 6.344 6.902 9.199 8.094 6.406 7.655 6.68 6.528 7.828 10.834 9.28 6.737 6.117 7.98 7.471 7.474 8.514 12.904 7.93 8.489 7.392 6.822 8.154 8.189 6.484 8.081 7.089 6.577 7.148 5.517
0.687 1.029 0.872 0.752 1.139 2.675 2.082 2.143 1.889 0.461 0.404 4.286 3.527 1.003 0.989 2.414 4.99 5 4.37 3.853 3.809 1.509 0.768 0.415 2.994 2.694 2.601 2.955 3.257 4.629 5.412 6.141 5.707 5.331 6.051 4.705 5.179 7.058 6.091 4.734 5.773 4.968 4.856 5.918 8.329 6.955 4.923 4.462 6.011 5.587 5.612 6.479 10.069 5.909 6.407 5.524 5.094 6.225 6.24 4.845 6.187 5.37 4.985 5.487 4.146
0.847 1.21 1.042 0.902 1.266 2.613 2.182 2.264 2.056 0.586 0.548 3.977 3.626 1.194 1.2 2.569 4.884 5.163 4.716 4.268 4.236 1.867 1.03 0.612 3.174 2.917 2.815 3.169 3.497 4.822 5.677 6.498 6.228 5.934 6.671 5.399 5.853 7.668 6.828 5.477 6.481 5.707 5.573 6.598 8.92 7.759 5.743 5.254 6.751 6.336 6.32 7.132 10.506 6.735 7.162 6.298 5.831 6.875 6.888 5.516 6.763 5.994 5.576 6.019 4.71
0.741 1.224 1.05 0.925 1.455 3.301 2.43 2.46 2.155 0.486 0.47 5.529 4.177 1.09 1.16 3.057 5.989 5.722 4.862 4.255 4.249 1.635 0.852 0.484 4.236 3.472 3.247 3.674 4.013 5.643 6.449 7.189 6.561 6.099 6.964 5.356 5.99 8.213 6.967 5.37 6.684 5.71 5.606 6.881 9.579 7.779 5.411 4.979 6.875 6.318 6.343 7.338 11.285 6.407 7.037 6.046 5.617 6.961 6.919 5.292 6.86 5.918 5.516 6.131 4.584
0.638 1 0.864 0.761 1.185 2.729 2.082 2.111 1.854 0.438 0.402 4.527 3.622 0.997 1.012 2.582 5.195 5.098 4.369 3.808 3.769 1.485 0.765 0.428 3.491 3.037 2.888 3.274 3.593 5.055 5.836 6.539 5.997 5.555 6.281 4.853 5.353 7.286 6.246 4.822 5.897 5.057 4.931 5.993 8.318 6.829 4.756 4.299 5.811 5.365 5.37 6.181 9.462 5.494 5.925 5.077 4.68 5.733 5.715 4.395 5.598 4.859 4.525 5.008 3.78
1.018 1.611 1.434 1.303 1.906 3.691 2.836 2.853 2.561 0.716 0.769 5.752 4.567 1.433 1.595 3.62 6.26 6.004 5.207 4.657 4.686 2.105 1.264 0.84 5.058 4.253 4 4.461 4.821 6.405 7.169 7.858 7.281 6.874 7.723 6.221 6.881 8.994 7.853 6.321 7.648 6.729 6.646 7.903 10.378 8.68 6.376 5.995 7.892 7.349 7.371 8.324 11.86 7.346 7.955 7.011 6.611 7.923 7.864 6.253 7.773 6.882 6.492 7.102 5.562
0.67 0.999 0.837 0.71 1.122 2.95 2.272 2.326 2.011 0.434 0.346 4.855 4.049 1.04 0.957 2.534 5.79 5.844 5.024 4.339 4.25 1.541 0.708 0.344 3.087 2.866 2.748 3.122 3.455 5.075 6.043 6.933 6.374 5.872 6.706 5.076 5.59 7.866 6.715 5.064 6.231 5.284 5.127 6.364 9.336 7.699 5.244 4.638 6.421 5.972 6.008 7.044 11.527 6.462 6.984 5.914 5.391 6.724 6.783 5.142 6.701 5.761 5.303 5.886 4.331
0.864 1.198 1.013 0.857 1.174 2.464 2.159 2.291 2.109 0.6 0.544 3.792 3.747 1.252 1.229 2.553 5.022 5.633 5.305 4.839 4.778 2.082 1.115 0.642 3.038 2.833 2.756 3.13 3.5 4.925 5.985 7.042 6.884 6.6 7.42 6.003 6.434 8.401 7.532 6.016 7.036 6.173 5.975 7.03 9.59 8.484 6.281 5.673 7.186 6.726 6.668 7.499 11.184 7.28 7.681 6.722 6.157 7.186 7.201 5.759 7.015 6.218 5.745 6.159 4.804
0.569 0.802 0.67 0.565 0.847 2.15 1.78 1.849 1.623 0.389 0.319 3.389 3.161 0.901 0.828 1.943 4.415 4.695 4.146 3.606 3.503 1.353 0.651 0.332 2.206 2.208 2.189 2.506 2.794 4.067 4.915 5.697 5.333 4.943 5.57 4.302 4.654 6.385 5.575 4.279 5.124 4.399 4.251 5.17 7.458 6.332 4.418 3.881 5.149 4.822 4.831 5.588 8.942 5.285 5.607 4.777 4.336 5.266 5.327 4.121 5.215 4.536 4.173 4.572 3.442
0.859 1.163 0.947 0.768 1.02 2.232 2.112 2.377 2.232 0.604 0.525 3.595 3.89 1.291 1.249 2.548 5.197 6.413 6.316 5.74 5.546 2.279 1.151 0.623 2.699 2.436 2.426 2.877 3.337 4.918 6.288 7.742 7.731 7.418 8.311 6.598 6.969 9.116 8.194 6.476 7.529 6.511 6.221 7.322 10.291 9.326 6.867 6.095 7.631 7.064 6.985 7.919 12.341 8.071 8.518 7.33 6.58 7.625 7.655 6.089 7.479 6.614 6.057 6.464 4.964
0.768 1.276 1.074 0.93 1.477 3.487 2.524 2.568 2.235 0.479 0.443 5.829 4.309 1.069 1.122 3.047 6.129 5.834 4.95 4.334 4.329 1.597 0.799 0.429 4.06 3.266 3.037 3.439 3.756 5.36 6.152 6.893 6.288 5.848 6.735 5.129 5.775 8.033 6.764 5.173 6.52 5.535 5.448 6.775 9.64 7.811 5.405 4.994 7.034 6.459 6.514 7.617 12.048 6.697 7.459 6.409 5.963 7.491 7.474 5.689 7.524 6.449 5.998 6.702 4.947
