3.733 6.237 11.564 3.91 4.896 7.509 7.567 6.13 9.938 4.199 5.092 6.459 6.899 4.076 3.368 16.178 11.889 9.014 14.617 9.44 16.187 2.812 3.696 4.419 8.55 6.56 3.807 10.164 14.472 15.467 14.377 15.8 17.663 18.123 11.114 7.044 17.125 16.151 18.987 7.502 7.565 7.039 8.813 8.296 15.123 17.677 8.312 7.559 11.196 17.778 12.858 15.628 10.199 4.211 4.606 4.929 6.869 8.015 5.961 4.751 5.506 3.749 7.596 10.556 5.705
4.849 8.83 15.292 5.109 7.038 10.002 10.036 8.24 13.005 5.807 7.381 8.915 9.374 5.814 5.189 21.598 15.831 11.925 19.19 12.684 21.557 3.654 5.651 7.135 11.941 9.091 5.763 14.954 18.98 20.63 19.235 20.949 23.403 24.019 14.527 9.692 22.474 21.494 25.585 9.518 10.809 9.902 12.232 11.402 19.796 23.407 11.142 10.554 15.098 23.862 16.76 20.172 13.247 5.72 6.923 7.306 9.662 10.869 8.299 6.986 8.191 5.68 11.128 13.961 7.932
3.893 6.715 12.674 4.105 5.347 7.926 8.291 6.711 10.563 4.698 5.65 7.016 7.635 4.63 3.943 17.247 13.574 10.184 15.924 10.485 17.756 2.97 4.266 4.95 9.238 7.468 4.502 11.378 16.336 17.654 16.169 17.418 19.403 19.714 11.766 7.502 17.492 17.638 21.028 7.699 8.081 7.48 9.42 9.013 15.988 19.449 8.953 8.082 11.634 19.525 13.287 16.209 10.474 4.334 4.921 5.173 7.246 8.547 6.507 5.287 6.085 4.208 8.279 11.352 6.356
4.146 7.5 12.919 4.287 5.851 8.766 8.488 6.909 11.363 4.778 6.224 7.785 8.132 4.903 4.283 20.867 13.57 9.75 16.378 10.575 17.816 3.166 4.405 5.901 10.859 7.83 4.788 13.514 16.996 17.565 16.163 17.671 19.547 19.861 12.116 7.955 19.915 17.768 19.419 8.116 8.809 8.236 10.449 9.633 17.47 18.797 9.195 8.644 12.861 19.121 13.775 16.255 10.772 4.589 5.392 5.959 8.207 9.25 6.867 5.695 6.754 4.572 9.55 12.141 6.476
4.214 7.256 13.453 4.469 5.828 8.374 8.812 7.138 11.051 5.043 6.02 7.288 7.882 4.808 4.131 16.608 14.074 10.585 16.404 11.13 18.705 3.175 4.711 5.306 9.33 7.62 4.649 11.378 16.258 17.877 16.672 18.148 20.489 21.198 12.814 8.218 18.579 19.257 23.079 8.497 9.006 8.215 10.155 9.664 16.81 20.967 9.868 8.949 12.737 21.437 14.934 18.402 12.051 5.015 5.776 5.867 7.977 9.284 7.103 5.812 6.646 4.607 8.878 11.995 6.86
4.055 7.825 13.192 4.122 6.025 8.777 8.258 6.687 11.132 4.705 6.335 7.71 7.86 4.73 4.275 21.181 13.185 9.052 15.621 10.21 17.121 3.148 4.54 6.213 10.79 7.427 4.625 13.845 16.134 16.428 15.194 16.858 18.865 19.508 12.094 8.027 20.684 17.481 18.462 8.19 9.217 8.423 10.598 9.557 17.393 18.312 9.224 8.834 13.236 19.491 13.833 16.337 11.138 4.803 5.904 6.327 8.499 9.301 6.834 5.786 6.978 4.622 10.01 11.994 6.301
4.319 7.778 13.473 4.551 6.163 8.627 8.66 7.114 11.287 5.014 6.287 7.468 7.792 4.782 4.196 17.712 13.336 10.164 16.511 10.978 18.949 3.18 4.784 5.911 9.638 7.293 4.568 11.95 15.213 17.038 16.227 17.93 20.354 21.34 12.968 8.534 19.834 19.099 23.337 8.66 9.698 8.636 10.506 9.706 17.042 20.719 10.043 9.396 13.392 21.546 15.568 19.019 12.542 5.318 6.321 6.476 8.405 9.416 7.17 5.982 6.968 4.767 9.379 11.833 6.78
4.261 7.727 13.302 4.431 6.061 8.94 8.688 7.091 11.56 4.908 6.355 7.853 8.178 4.945 4.327 20.269 13.483 9.928 16.646 10.788 18.338 3.244 4.616 6.028 10.769 7.817 4.805 13.259 16.711 17.526 16.312 17.971 20.014 20.532 12.646 8.353 20.457 18.473 20.566 8.521 9.29 8.606 10.773 9.917 17.794 19.659 9.565 9.1 13.416 20.201 14.53 17.439 11.568 4.966 5.838 6.321 8.548 9.58 7.137 5.93 7.006 4.759 9.77 12.384 6.696
4.728 7.943 14.494 5.042 6.405 8.997 9.717 7.878 12.059 5.641 6.667 7.94 8.73 5.396 4.648 17.922 16.56 11.976 18.147 12.582 20.606 3.556 5.268 5.818 10.067 8.564 5.301 12.682 18.32 20.436 18.909 20.31 22.881 23.62 14.092 8.91 19.736 21.437 25.387 9.232 9.727 8.763 10.93 10.507 18.253 23.218 10.904 9.694 13.574 23.098 16.438 19.649 12.861 5.284 6.097 6.111 8.404 9.94 7.717 6.34 7.19 5.001 9.569 12.972 7.601
3.392 6.682 11.812 3.518 5.139 7.521 7.217 5.827 9.764 4.05 5.374 6.542 6.732 4.004 3.554 17.846 11.247 8.1 14.121 8.888 15.815 2.64 3.846 5.126 8.972 6.285 3.85 11.464 13.748 14.482 13.421 14.872 16.684 17.159 10.577 6.971 17.945 15.716 17.708 7.061 7.981 7.189 9.023 8.169 15.046 17.124 7.868 7.612 11.423 18.151 11.972 14.734 9.751 4.168 5.057 5.336 7.184 7.957 5.853 4.887 5.857 3.872 8.36 10.255 5.446
3.96 7.017 12.683 4.189 5.624 8.13 8.347 6.801 10.618 4.765 5.867 7.169 7.665 4.703 4.101 16.887 13.079 10.005 15.727 10.454 17.659 3.007 4.548 5.399 9.447 7.468 4.614 11.556 15.8 17.092 15.863 17.256 19.309 19.802 11.983 7.87 17.999 17.856 21.32 7.893 8.632 7.971 9.878 9.34 16.207 19.516 9.17 8.56 12.241 19.905 13.781 16.9 11.043 4.705 5.514 5.766 7.787 8.941 6.819 5.639 6.533 4.547 8.804 11.584 6.55
4.007 7.349 13.072 4.203 5.802 8.523 8.476 6.915 11.132 4.814 6.138 7.578 7.991 4.871 4.272 19.322 13.362 10.007 16.445 10.58 18.176 3.079 4.536 5.793 10.323 7.735 4.783 12.819 16.557 17.614 16.254 17.711 19.68 20.021 12.139 8.007 19.27 17.886 20.953 7.981 8.835 8.185 10.261 9.557 16.985 19.646 9.129 8.669 12.643 20.02 13.662 16.627 10.861 4.65 5.499 5.923 8.049 9.132 6.878 5.715 6.717 4.61 9.29 11.911 6.56
3.732 6.43 12.077 3.936 5.092 7.562 7.757 6.292 10.02 4.375 5.27 6.522 6.99 4.189 3.524 15.917 12.091 9.282 14.891 9.723 16.783 2.828 3.952 4.604 8.483 6.66 3.962 10.207 14.477 15.777 14.725 16.149 18.169 18.747 11.429 7.283 17.19 16.783 20.302 7.618 7.914 7.254 9.007 8.499 15.212 18.409 8.66 7.864 11.421 19.006 13.15 16.304 10.646 4.409 4.938 5.139 7.049 8.198 6.176 4.985 5.741 3.934 7.8 10.673 5.93
4.281 7.65 14.109 4.5 6.069 9.062 9.301 7.551 12.008 5.265 6.555 8.213 8.874 5.425 4.711 21.217 15.324 11.321 17.917 11.58 19.658 3.254 4.776 5.967 11.183 8.776 5.387 14.042 19.083 20.195 18.172 19.362 21.306 21.323 12.613 8.208 19.696 19.157 22.555 8.227 8.971 8.441 10.797 10.282 18.262 21.405 9.688 8.922 12.949 21.182 14.146 16.991 10.938 4.611 5.398 5.913 8.345 9.753 7.408 6.097 7.1 4.914 9.795 12.981 7.181
4.64 8.873 15.347 4.818 6.956 10.263 9.981 8.101 13.231 5.666 7.527 9.332 9.738 5.947 5.377 24.921 16.224 11.466 19.288 12.259 20.871 3.599 5.429 7.421 13.171 9.508 5.964 16.84 20.417 21.011 19.031 20.587 22.677 22.785 13.72 9.183 22.963 20.639 22.66 9.07 10.354 9.721 12.365 11.412 20.312 22.68 10.325 9.998 14.82 22.707 15.307 18.223 11.924 5.175 6.427 7.109 9.728 10.887 8.136 6.866 8.206 5.586 11.62 14.271 7.677
4.335 7.566 12.69 4.5 5.957 8.869 8.556 7.007 11.283 4.836 6.246 7.788 8.089 4.885 4.249 19.668 13.309 9.645 16.021 10.628 17.518 3.246 4.518 5.926 10.701 7.742 4.737 12.949 16.457 17.031 15.928 17.599 19.551 20.059 12.415 8.238 19.864 17.875 19.898 8.426 9.102 8.538 10.682 9.844 17.479 18.296 9.68 9.01 13.295 19.004 14.622 17.1 11.512 4.94 5.743 6.308 8.531 9.553 7.097 5.881 6.945 4.736 9.652 12.337 6.606
3.708 6.345 11.616 3.925 5.085 7.243 7.597 6.182 9.6 4.377 5.245 6.306 6.802 4.167 3.576 14.565 12.204 9.174 14.275 9.685 16.319 2.769 4.082 4.646 8.048 6.547 4.021 9.888 13.939 15.48 14.482 15.766 17.814 18.496 11.192 7.166 16.218 16.687 20.085 7.431 7.878 7.121 8.785 8.336 14.56 18.144 8.636 7.803 11.053 18.528 13.124 15.986 10.495 4.363 5.015 5.094 6.874 7.99 6.131 5.026 5.746 3.978 7.668 10.297 5.931
4.576 8.477 14.138 4.734 6.674 9.677 9.297 7.594 12.314 5.307 7.035 8.605 8.873 5.431 4.898 22.021 14.605 10.364 17.487 11.489 19.246 3.481 5.184 6.954 11.966 8.551 5.391 14.94 18.002 18.59 17.271 19.051 21.199 21.741 13.395 9.014 21.919 19.511 21.409 9.016 10.161 9.453 11.809 10.811 19.072 20.477 10.283 9.888 14.517 21.262 15.467 18.288 12.257 5.35 6.53 7.09 9.457 10.428 7.786 6.594 7.854 5.35 10.968 13.385 7.238
4.565 8.648 14.498 4.814 6.899 9.747 9.609 7.878 12.494 5.561 7.34 8.865 9.201 5.716 5.282 21.568 15.493 11.405 18.43 12.166 20.568 3.418 5.707 7.551 12.14 8.953 5.746 15.533 18.554 19.891 18.516 20.115 22.335 22.8 13.564 9.177 21.668 20.371 24.089 8.698 10.438 9.642 11.893 10.974 18.83 21.979 10.39 9.991 14.41 22.126 15.626 18.557 12.11 5.232 6.754 7.192 9.382 10.359 7.875 6.725 8.023 5.553 11.067 13.297 7.481
4.402 7.652 13.975 4.67 6.163 8.81 9.311 7.554 11.629 5.352 6.456 7.822 8.506 5.248 4.573 17.942 15.317 11.352 17.394 11.815 19.608 3.333 5.069 5.804 10.172 8.386 5.195 12.653 17.849 19.458 17.936 19.313 21.616 22.126 13.23 8.563 19.224 20.062 23.749 8.645 9.347 8.586 10.71 10.25 17.706 21.886 10.196 9.319 13.188 21.95 15.22 18.471 12.04 5.057 5.918 6.081 8.339 9.732 7.496 6.193 7.112 4.966 9.531 12.721 7.31
3.473 6.262 11.251 3.64 4.903 7.116 7.205 5.874 9.52 4.111 5.164 6.299 6.69 4.055 3.513 16.416 11.855 8.791 14.357 9.263 16.13 2.611 3.761 4.751 8.404 6.391 3.919 10.717 13.974 15.385 14.251 15.481 17.301 17.682 10.478 6.746 16.374 15.57 18.765 6.828 7.487 6.731 8.436 7.872 14.268 17.108 7.955 7.283 10.545 17.282 11.979 14.45 9.315 3.855 4.518 4.755 6.48 7.455 5.643 4.651 5.44 3.688 7.548 9.785 5.463
4.006 7.099 12.925 4.225 5.665 8.269 8.521 6.943 10.911 4.868 6.012 7.407 7.975 4.902 4.271 18.215 13.844 10.398 16.332 10.752 18.184 3.038 4.548 5.503 9.885 7.839 4.85 12.324 16.829 18.121 16.593 17.847 19.804 20.083 11.993 7.821 18.166 17.961 21.312 7.82 8.529 7.911 9.941 9.446 16.572 19.801 9.179 8.48 12.152 19.863 13.573 16.411 10.64 4.5 5.265 5.6 7.712 8.953 6.841 5.656 6.564 4.564 8.934 11.801 6.647
5.007 9.372 16.089 5.267 7.445 10.606 10.466 8.576 13.657 6.029 7.81 9.438 9.823 6.07 5.472 23.104 16.207 12.107 19.896 13.05 22.376 3.796 5.947 7.686 12.791 9.481 6.022 15.994 19.694 21.116 19.701 21.588 24.139 24.776 15.111 10.2 24.002 22.403 26.427 9.919 11.477 10.553 13.037 12.043 20.921 24.331 11.528 11.133 16.081 25.099 17.406 21.074 13.91 6.077 7.469 7.924 10.42 11.568 8.763 7.414 8.757 6.042 11.988 14.746 8.265
4.873 8.158 14.303 5.189 6.598 9.002 9.649 7.895 12.014 5.676 6.774 7.9 8.596 5.378 4.662 17.529 16.165 11.791 17.885 12.549 20.434 3.615 5.418 6.06 9.863 8.348 5.266 12.488 17.441 19.841 18.585 20.061 22.716 23.742 14.328 9.148 20.028 21.496 25.692 9.482 10.128 8.99 11.061 10.56 18.179 23.182 11.191 10.033 13.868 23.152 17.118 20.232 13.408 5.577 6.485 6.455 8.595 10.044 7.852 6.506 7.379 5.142 9.703 12.849 7.687
4.006 6.829 11.707 4.153 5.344 8.177 7.929 6.472 10.506 4.441 5.657 7.192 7.54 4.505 3.831 18.655 12.62 9.152 15.044 9.925 16.32 3.01 3.989 5.222 9.924 7.238 4.322 11.969 15.735 16.223 15.036 16.502 18.248 18.583 11.415 7.446 18.255 16.538 18.244 7.707 8.094 7.655 9.679 8.98 16.206 16.903 8.846 8.067 12.031 17.257 13.296 15.412 10.326 4.353 4.926 5.496 7.61 8.665 6.409 5.227 6.159 4.19 8.639 11.399 6.032
4.142 7.685 13.597 4.344 6.041 8.706 8.577 7.007 11.321 4.882 6.218 7.517 7.816 4.735 4.139 18.694 12.793 9.754 16.315 10.574 18.547 3.115 4.597 5.803 9.936 7.318 4.521 12.192 15.411 16.695 15.736 17.452 19.686 20.449 12.656 8.373 20.134 18.547 22.143 8.506 9.468 8.58 10.581 9.727 17.332 20.282 9.663 9.222 13.44 21.502 14.796 18.372 12.185 5.234 6.182 6.466 8.557 9.556 7.165 5.953 6.982 4.743 9.568 12.081 6.695
3.283 6.431 11.065 3.447 5.029 7.193 6.983 5.662 9.265 3.942 5.245 6.32 6.499 3.923 3.56 16.068 10.817 7.895 13.407 8.628 15.229 2.477 3.944 5.18 8.576 6.117 3.826 10.916 12.99 13.897 12.975 14.354 16.163 16.633 10.035 6.787 16.751 15.235 18.005 6.562 7.812 7.075 8.756 7.961 14.176 16.489 7.622 7.434 10.97 17.261 11.789 14.386 9.404 4.064 5.122 5.358 7.029 7.724 5.749 4.855 5.812 3.908 8.129 9.817 5.346
3.616 6.984 11.992 3.803 5.495 7.893 7.761 6.312 10.251 4.402 5.849 7.114 7.397 4.501 4.104 18.23 12.612 9.172 15.189 9.786 16.984 2.71 4.396 5.853 9.77 7.104 4.46 12.631 15.18 16.258 15.032 16.373 18.221 18.536 10.88 7.283 17.908 16.566 19.645 6.955 8.313 7.607 9.491 8.721 15.434 18.002 8.268 7.923 11.612 18.208 12.542 15.051 9.685 4.109 5.256 5.592 7.434 8.273 6.211 5.247 6.282 4.263 8.822 10.727 5.889
3.499 6.443 11.046 3.568 4.92 7.297 6.88 5.596 9.414 3.88 5.061 6.202 6.349 3.757 3.232 17.183 10.501 7.518 13.048 8.503 14.433 2.646 3.454 4.645 8.431 5.831 3.511 10.489 12.736 13.218 12.47 13.934 15.678 16.415 10.315 6.685 17.499 14.657 16.018 7.137 7.624 6.9 8.686 7.834 14.668 15.318 7.99 7.43 11.225 16.577 12.197 14.536 9.973 4.206 4.843 5.181 7.042 7.805 5.703 4.705 5.599 3.681 7.996 9.988 5.253
5.156 9.165 16.015 5.493 7.403 10.538 10.691 8.712 13.437 6.074 7.551 9.132 9.618 5.909 5.215 19.981 15.737 12.211 19.173 12.869 21.645 3.805 5.945 7.059 11.825 9.213 5.73 14.097 18.824 20.268 19.032 20.949 23.616 24.481 15.08 10.157 22.869 22.64 27.158 10.201 11.435 10.611 12.959 12.167 20.647 24.836 11.817 11.349 16.226 25.676 18.334 22.7 15.028 6.564 7.859 8.16 10.727 12.059 9.174 7.641 8.875 6.205 11.804 15.155 8.595
