2.633 3.231 6.775 6.767 12.217 15.151 11.133 9.4 10.062 4.127 5.562 9.454 4.467 2.773 2.103 13.792 10.383 11.215 11.998 8.081 15.68 7.198 3.887 5.781 16.544 12.58 8.485 12.881 14.055 16.302 23.235 31.398 15.598 12.914 12.974 7.375 13.764 30.163 23.561 12.559 9.177 6.837 13.582 9.976 16.686 35.537 16.746 14.389 23.655 19.658 22.171 13.221 30.79 11.655 12.306 16.758 14.783 17.807 11.371 13.944 19.398 11.772 10.406 16.966 5.6
1.915 2.316 4.839 4.922 9.184 11.469 8.276 6.976 7.47 3.007 3.997 6.876 3.212 1.962 1.455 9.793 7.619 8.373 8.95 5.935 11.646 5.228 2.775 4.03 11.866 9.177 6.167 9.339 10.247 12 17.363 23.67 11.446 9.456 9.398 5.258 9.773 22.425 17.458 9.198 6.637 4.881 9.758 7.198 12.253 27.018 12.374 10.662 17.663 14.63 16.581 9.765 23.224 8.57 9.059 12.401 10.95 13.302 8.408 10.363 14.571 8.718 7.693 12.68 4.093
1.969 2.402 4.909 4.911 8.759 10.986 8.197 6.933 7.371 3.057 4.046 6.736 3.242 2.014 1.529 9.349 7.323 7.95 8.527 5.795 11.026 5.176 2.808 4.104 11.307 8.819 6 8.965 9.802 11.384 16.242 22.16 11.248 9.309 9.315 5.342 9.763 21.117 16.886 9.127 6.686 5.021 9.87 7.35 12.183 25.787 12.485 10.762 17.497 14.669 16.522 9.955 22.757 8.828 9.276 12.513 11.083 13.292 8.575 10.441 14.455 8.889 7.841 12.601 4.256
2.092 2.558 5.166 5.158 9.055 11.346 8.526 7.198 7.611 3.192 4.209 6.939 3.391 2.125 1.629 9.628 7.695 8.372 9.02 6.199 11.647 5.575 3.052 4.458 11.992 9.47 6.496 9.647 10.57 12.269 17.428 23.745 12.257 10.144 10.149 5.874 10.628 22.502 18.17 9.912 7.297 5.523 10.771 8.067 13.209 27.283 13.386 11.481 18.361 15.349 17.086 10.322 22.983 9.035 9.438 12.614 11.154 13.271 8.607 10.417 14.295 8.85 7.801 12.406 4.258
1.804 2.18 4.801 4.81 9.201 11.463 8.165 6.851 7.4 2.895 3.953 7.006 3.136 1.889 1.379 10.683 7.72 8.441 9.069 5.942 12.102 5.228 2.72 4.052 12.758 9.403 6.209 9.695 10.59 12.392 18.036 24.588 11.597 9.503 9.47 5.162 9.944 23.298 17.614 9.056 6.463 4.638 9.481 6.774 11.823 26.889 11.818 10.108 17.232 14.006 15.961 9.189 22.888 7.991 8.499 11.845 10.325 12.671 7.835 9.799 13.96 8.133 7.183 12.21 3.737
2.237 2.891 6.21 6.15 10.799 13.011 9.457 8.03 8.667 3.597 5.065 8.657 4.151 2.66 2.116 13.353 9.824 10.309 10.822 7.342 14.1 6.546 3.646 5.735 15.837 11.854 8.03 12.211 13.2 15.042 20.834 27.314 13.522 11.308 11.52 6.665 12.765 26.865 20.617 11.01 8.043 5.94 11.912 8.629 14.408 29.953 13.815 11.938 19.8 16.302 18.429 10.913 25.821 9.522 10.328 14.221 12.499 15.08 9.545 11.832 16.436 9.884 8.856 14.581 4.708
2.305 2.999 6.34 6.266 10.722 12.746 9.303 7.901 8.507 3.629 5.117 8.661 4.233 2.757 2.235 13.448 9.985 10.333 10.791 7.381 13.961 6.625 3.758 5.939 16.005 12.025 8.161 12.347 13.354 15.153 20.756 26.869 13.533 11.391 11.705 6.921 13.121 26.898 20.714 11.172 8.302 6.281 12.388 9.055 14.798 29.625 13.967 12.05 19.626 16.259 18.195 10.962 24.959 9.58 10.341 14.123 12.469 14.88 9.566 11.756 16.099 9.849 8.841 14.298 4.812
2.716 3.45 7.456 7.393 13.221 16.144 11.77 9.978 10.76 4.393 6.131 10.542 4.981 3.136 2.445 16.167 11.867 12.564 13.265 8.94 17.368 7.96 4.347 6.778 19.197 14.356 9.663 14.765 16.001 18.334 25.684 34.094 16.782 13.919 14.077 8.01 15.37 33.032 25.407 13.46 9.739 7.114 14.315 10.309 17.373 36.976 17.02 14.655 24.455 20.131 22.834 13.444 32.193 11.774 12.671 17.458 15.317 18.547 11.684 14.484 20.251 12.128 10.809 17.904 5.712
2.089 2.671 5.752 5.681 10.039 12.053 8.702 7.335 7.915 3.288 4.635 8.002 3.786 2.415 1.904 12.725 9.171 9.637 10.189 6.882 13.411 6.159 3.399 5.333 15.212 11.239 7.543 11.631 12.622 14.462 20.178 26.443 12.994 10.839 11.071 6.373 12.237 26.023 19.78 10.462 7.725 5.784 11.549 8.339 13.831 28.372 13.076 11.168 18.342 15.063 16.832 9.996 23.141 8.675 9.274 12.729 11.182 13.41 8.528 10.514 14.521 8.761 7.816 12.829 4.208
2.586 3.091 6.002 5.825 9.723 12.801 11.041 9.418 9.665 3.953 4.995 7.726 3.702 2.256 1.685 8.817 7.418 8.226 9.707 7.282 13.227 6.496 3.502 4.912 12.046 9.501 6.465 9.438 10.796 12.824 18.194 26.471 15.234 12.579 12.351 7.018 12.019 23.584 19.587 11.37 8.552 6.508 12.446 9.293 14.845 30.86 16.919 14.79 23.685 19.585 21.59 13.106 29.275 11.512 11.95 15.772 13.692 16.119 10.622 12.896 17.765 11.095 9.775 15.404 5.24
2.239 2.749 5.472 5.454 9.812 12.411 9.126 7.627 7.992 3.355 4.403 7.171 3.567 2.251 1.736 9.936 8.387 9.275 9.855 6.675 12.409 5.908 3.227 4.711 12.333 10.111 7.005 10.366 11.26 13.171 18.888 25.809 12.967 10.667 10.608 6.107 11.07 23.735 19.678 10.608 7.769 5.884 11.572 8.733 14.489 29.948 14.4 12.319 19.543 16.327 18.174 10.993 24.342 9.646 10.057 13.392 11.942 14.267 9.297 11.231 15.402 9.581 8.422 13.287 4.636
2.746 3.339 6.718 6.748 12.309 15.712 11.618 9.813 10.388 4.264 5.58 9.186 4.442 2.741 2.064 12.156 10.031 11.01 11.729 7.883 14.884 6.961 3.741 5.392 14.489 11.712 7.977 11.794 12.866 15.044 21.722 30.058 15.016 12.379 12.268 6.973 12.668 27.929 22.894 12.294 8.921 6.662 13.128 9.836 16.531 36.064 17.319 15.033 24.519 20.71 23.522 14.14 32.757 12.641 13.352 18.02 16.086 19.448 12.54 15.306 21.377 13.141 11.578 18.625 6.27
2.855 3.395 6.62 6.361 11.269 16.017 12.654 10.492 10.77 4.361 5.53 8.71 4.167 2.544 1.896 10.587 8.954 10.698 12.265 8.412 15.534 7.399 3.932 5.537 14.042 11.12 7.886 11.965 13.199 15.285 22.535 33.048 17.641 14.259 13.763 7.631 13.152 27.255 23.964 13.597 9.849 7.238 13.699 10.001 16.248 36.136 19.039 16.342 25.976 21.433 24.157 14.494 32.746 12.794 13.216 17.326 15.099 18.275 11.922 14.401 19.932 12.445 10.885 17.122 5.761
2.156 2.828 5.977 5.903 10.074 11.856 8.591 7.32 7.913 3.412 4.855 8.229 4.059 2.68 2.193 13.063 9.626 10.003 10.455 7.201 13.593 6.473 3.723 5.899 15.781 11.826 8.112 12.278 13.255 15.003 20.429 26.191 13.142 11.115 11.416 6.775 12.828 26.074 19.9 10.797 8.024 6.019 11.792 8.566 13.946 27.665 12.837 11.096 18.016 14.79 16.488 9.889 22.477 8.513 9.264 12.642 11.124 13.261 8.497 10.464 14.274 8.694 7.853 12.721 4.261
2.105 2.618 5.649 5.675 10.295 12.441 8.844 7.358 7.94 3.27 4.524 7.931 3.684 2.312 1.766 12.496 9.125 9.722 10.348 6.888 13.662 6.118 3.316 5.017 15.12 11.186 7.449 11.57 12.627 14.626 20.715 27.336 13.118 10.945 11.11 6.305 12.041 26.738 20.25 10.523 7.773 5.822 11.748 8.558 14.333 29.603 13.626 11.502 18.827 15.485 17.216 10.173 23.5 8.858 9.328 12.819 11.288 13.565 8.61 10.609 14.727 8.838 7.828 12.912 4.226
2.131 2.592 5.649 5.682 10.667 13.161 9.388 7.836 8.425 3.358 4.609 8.171 3.752 2.302 1.716 12.869 9.455 10.303 11.03 7.287 14.593 6.442 3.401 5.098 15.702 11.727 7.807 12.104 13.241 15.439 22.206 29.855 14.234 11.631 11.6 6.421 12.264 28.03 21.331 11.054 7.934 5.758 11.581 8.314 14.143 30.811 13.764 11.635 19.319 15.699 17.624 10.217 24.515 8.791 9.287 12.839 11.243 13.688 8.553 10.615 14.959 8.825 7.803 13.121 4.128
2.921 3.704 7.965 7.909 13.959 16.739 12.06 10.06 10.82 4.519 6.349 11.004 5.191 3.307 2.593 17.589 12.74 13.32 14.08 9.464 18.526 8.485 4.671 7.265 21.074 15.56 10.356 16.052 17.462 20.055 28.034 36.681 17.955 14.961 15.332 8.843 16.964 36.278 27.633 14.497 10.785 8.171 16.34 11.894 19.629 39.627 18.585 15.71 25.519 21.079 23.387 13.964 31.703 12.177 12.856 17.598 15.529 18.546 11.876 14.556 20.04 12.182 10.811 17.643 5.896
2.317 2.715 5.247 5.056 9.101 13.036 10.418 8.673 8.888 3.576 4.483 7.04 3.368 2.035 1.495 8.354 7.25 8.681 9.962 6.869 12.715 6.068 3.195 4.44 11.251 9.072 6.414 9.636 10.656 12.453 18.466 27.347 14.652 11.781 11.275 6.195 10.586 22.125 19.596 11.07 7.949 5.776 10.836 7.877 12.781 28.833 15.37 13.21 21.024 17.418 19.636 11.748 26.649 10.407 10.673 13.938 12.151 14.702 9.575 11.542 16.054 10.03 8.735 13.77 4.617
2.584 3.117 6.413 6.421 11.691 14.847 11.083 9.39 10.008 4.082 5.377 9.004 4.266 2.609 1.945 12.304 9.602 10.492 11.286 7.614 14.659 6.781 3.621 5.25 14.759 11.474 7.761 11.635 12.729 14.834 21.371 29.487 14.841 12.216 12.147 6.86 12.561 27.757 22.192 11.911 8.626 6.378 12.562 9.284 15.572 34.123 16.376 14.152 23.347 19.57 22.259 13.31 31.26 11.879 12.495 16.95 14.988 18.121 11.597 14.191 19.857 12.104 10.661 17.334 5.727
1.919 2.524 5.477 5.374 9.438 11.392 8.255 6.987 7.561 3.097 4.403 7.537 3.533 2.242 1.781 11.466 8.334 8.629 9.036 6.077 11.781 5.396 2.98 4.748 13.193 9.745 6.498 9.962 10.755 12.246 17.013 22.39 11.003 9.231 9.489 5.459 10.62 22.455 17.147 9.028 6.648 4.97 10.187 7.334 12.391 25.962 11.92 10.325 17.4 14.391 16.359 9.681 23.276 8.564 9.344 13 11.433 13.843 8.74 10.917 15.279 9.149 8.194 13.606 4.335
2.663 3.261 6.455 6.276 10.828 14.345 10.999 9.178 9.544 3.974 5.163 8.202 3.996 2.509 1.934 10.658 8.718 9.972 11.146 7.687 14.136 6.792 3.717 5.379 13.656 10.715 7.546 11.367 12.486 14.379 20.705 29.18 15.406 12.691 12.563 7.217 12.765 26.175 22.083 12.411 9.192 6.985 13.543 10.142 16.641 35.101 17.474 14.974 23.795 19.693 21.921 13.27 29.463 11.581 12.098 16.038 14.116 16.875 11.039 13.371 18.307 11.405 10.059 15.787 5.438
2.462 2.923 6.015 6.283 12.272 15.664 11.119 9.439 10.07 3.925 5.116 8.842 4.108 2.445 1.756 11.887 9.993 11.11 11.813 7.694 15.161 6.716 3.463 4.897 14.498 11.834 7.852 11.731 12.969 15.384 22.725 31.658 14.886 12.172 11.86 6.47 11.953 28.939 22.954 11.91 8.348 5.963 11.885 8.789 15.365 36.374 16.135 14.041 23.52 19.593 22.471 12.998 31.993 11.338 12.06 16.607 14.761 18.153 11.301 13.978 20.066 11.792 10.365 17.321 5.394
1.91 2.59 5.703 5.59 9.758 11.608 8.307 7.003 7.589 3.095 4.521 7.833 3.679 2.362 1.914 12.444 9.045 9.32 9.702 6.507 12.683 5.775 3.211 5.26 14.668 10.792 7.185 11.099 11.971 13.593 18.776 24.416 11.833 9.94 10.27 5.909 11.695 24.554 18.544 9.677 7.105 5.296 10.951 7.809 13.155 27.09 12.194 10.489 17.62 14.387 16.217 9.474 22.748 8.215 9.034 12.591 11.012 13.285 8.307 10.405 14.49 8.594 7.721 12.875 4.036
2 2.222 4.605 4.686 9.102 12.479 9.716 8.208 8.66 3.355 4.206 7.151 3.298 1.876 1.29 9.443 7.83 8.799 9.658 6.448 12.681 5.798 2.863 3.972 12.004 9.646 6.395 9.596 10.647 12.611 18.832 27.41 13.919 10.87 10.299 5.431 9.744 22.931 19.115 10.015 6.758 4.582 8.816 6.311 10.753 26.101 12.996 10.91 18.144 15.334 17.593 10.28 24.904 9.349 9.38 12.566 11.033 13.474 8.474 10.252 14.736 8.973 7.7 12.757 4.041
2.114 2.548 5.228 5.285 9.658 12.174 8.942 7.459 7.88 3.229 4.271 7.267 3.508 2.174 1.64 10.616 8.542 9.438 10.154 6.845 13.12 6.096 3.27 4.751 13.472 10.659 7.26 10.902 11.987 14.008 20.113 27.369 13.614 11.099 10.974 6.213 11.336 25.013 19.986 10.674 7.715 5.715 11.173 8.247 13.625 28.781 13.611 11.507 18.417 15.2 16.874 9.997 22.685 8.64 8.981 12.09 10.694 12.86 8.236 10.027 13.934 8.488 7.458 12.1 4.039
2.242 2.7 6.204 6.184 12.179 15.411 10.951 9.166 9.92 3.711 5.125 9.269 4.004 2.343 1.67 14.339 10.115 11.056 11.867 7.641 15.965 6.673 3.354 5.098 16.773 12.163 7.882 12.485 13.619 15.968 23.531 32.568 15.006 12.118 11.998 6.321 12.593 30.468 22.882 11.487 7.974 5.528 11.692 8.166 14.762 35.431 15.183 12.945 22.73 18.348 21.216 11.933 31.371 10.423 11.144 15.764 13.655 16.992 10.283 13.011 18.91 10.788 9.487 16.555 4.788
2.093 2.532 5.854 5.849 11.561 14.201 9.69 8.094 8.894 3.445 4.781 8.72 3.689 2.19 1.556 13.627 9.37 10.141 10.895 6.998 14.928 6.089 3.12 4.66 15.963 11.214 7.241 11.672 12.714 14.923 21.957 29.796 13.393 11.161 11.21 5.962 11.856 29.215 21.126 10.474 7.507 5.308 11.271 7.933 14.444 34.008 13.982 11.999 21.328 16.988 19.484 10.975 28.963 9.533 10.31 14.738 12.673 15.725 9.492 12.164 17.566 9.868 8.787 15.435 4.466
2.767 3.589 7.495 7.438 12.659 15.018 10.99 9.383 10.113 4.375 6.136 10.297 5.126 3.376 2.75 15.829 11.873 12.374 12.934 8.941 16.696 8.037 4.628 7.229 19.041 14.454 9.968 14.927 16.115 18.241 24.83 32.002 16.256 13.738 14.061 8.383 15.681 31.785 24.585 13.456 9.98 7.487 14.588 10.716 17.417 34.713 16.404 14.229 23.059 19.085 21.37 12.897 29.279 11.213 12.166 16.55 14.615 17.439 11.227 13.788 18.831 11.54 10.402 16.759 5.662
2.765 3.251 6.785 6.915 13.189 16.937 12.359 10.288 10.892 4.322 5.681 9.872 4.64 2.797 2.039 14.408 11.572 12.941 13.965 9.263 18.173 8.199 4.264 6.106 18.241 14.392 9.686 14.659 16.163 19.027 27.796 38.437 18.698 15.02 14.642 8.043 14.759 34.153 27.199 14.269 10.058 7.21 14.126 10.269 17.332 38.905 17.963 15.14 24.741 20.305 22.818 13.259 31.463 11.474 11.906 16.196 14.275 17.41 10.958 13.445 19.034 11.375 9.95 16.523 5.287
2.667 3.272 6.558 6.638 11.868 14.74 10.761 8.95 9.408 3.967 5.233 8.717 4.339 2.747 2.123 12.651 10.511 11.526 12.242 8.285 15.504 7.355 4.029 5.897 15.935 12.932 8.889 13.19 14.45 16.866 23.987 32.225 16.063 13.24 13.2 7.637 13.907 30.047 24.222 13.044 9.571 7.27 14.325 10.784 17.712 35.744 17.137 14.516 22.773 18.976 20.879 12.621 27.509 10.993 11.382 15.148 13.527 16.089 10.492 12.648 17.303 10.757 9.45 14.957 5.237
