4.254 3.612 7.614 5.041 8.379 11.249 9.459 11.192 10.454 4.439 6.106 11.465 7.085 3.128 1.873 15.949 15.653 12.44 12.017 9.023 14.545 9.009 6.537 6.465 13.703 10.728 7.519 8.636 12.638 15.415 19.583 20.933 14.5 11.408 14.687 9.619 15.312 18.985 18.526 9.234 9.695 8.399 8.991 10.411 16.823 20.75 9.805 11.061 14.115 16.381 15.368 14.589 28.393 11.966 10.481 14.356 15.324 14.309 13.462 10.868 13.282 16.817 11.246 15.716 6.488
4.622 4 8.156 5.577 9.006 11.866 10.034 11.706 10.939 4.857 6.642 12.089 7.704 3.566 2.24 16.802 16.601 13.274 12.762 9.716 15.255 9.723 7.213 7.215 14.697 11.701 8.384 9.616 13.814 16.645 20.755 21.952 15.398 12.256 15.605 10.491 16.318 19.993 19.46 10.032 10.564 9.301 9.986 11.513 18.037 21.818 10.648 11.92 15.004 17.209 16.125 15.272 28.344 12.389 10.917 14.704 15.629 14.597 13.722 11.172 13.485 16.835 11.486 15.725 6.792
3.562 3.075 6.422 4.299 7.055 9.355 7.855 9.22 8.604 3.718 5.155 9.548 5.959 2.682 1.656 13.359 13.084 10.334 9.936 7.509 11.988 7.513 5.516 5.515 11.494 9.036 6.383 7.355 10.678 12.911 16.199 17.177 11.939 9.457 12.164 8.063 12.74 15.685 15.245 7.693 8.143 7.132 7.668 8.869 14.099 17.159 8.187 9.251 11.76 13.557 12.685 12.02 22.846 9.761 8.602 11.749 12.514 11.67 10.972 8.895 10.835 13.623 9.172 12.715 5.342
3.441 2.955 6.459 4.184 7.084 9.514 7.885 9.355 8.689 3.568 5.071 9.72 5.859 2.511 1.504 13.838 13.372 10.381 9.969 7.411 12.193 7.4 5.338 5.337 11.62 8.945 6.176 7.181 10.636 12.956 16.443 17.478 11.9 9.323 12.204 7.873 12.82 15.924 15.427 7.472 7.974 6.918 7.468 8.701 14.213 17.464 7.969 9.133 11.789 13.7 12.77 12.084 23.938 9.728 8.565 11.964 12.779 11.875 11.147 8.943 11.062 14.092 9.254 13.133 5.228
3.729 3.228 6.452 4.443 7.072 9.267 7.882 9.173 8.606 3.889 5.264 9.434 6.075 2.85 1.802 12.808 12.755 10.262 9.891 7.587 11.788 7.602 5.661 5.645 11.283 9.044 6.512 7.425 10.564 12.688 15.783 16.75 11.891 9.518 12.052 8.181 12.576 15.371 15.014 7.862 8.256 7.283 7.792 8.944 13.877 16.795 8.361 9.346 11.733 13.459 12.67 12.048 22.171 9.948 8.791 11.787 12.545 11.761 11.095 9.095 10.944 13.616 9.383 12.753 5.621
3.806 3.296 7.168 4.678 7.855 10.486 8.693 10.254 9.522 3.952 5.639 10.724 6.516 2.818 1.719 15.329 14.907 11.529 10.998 8.193 13.384 8.196 5.946 5.982 12.898 9.978 6.911 8.046 11.868 14.4 18.146 19.209 13.108 10.29 13.449 8.749 14.168 17.544 16.97 8.28 8.863 7.741 8.375 9.752 15.779 19.258 8.849 10.124 13.035 15.092 14.046 13.267 25.857 10.65 9.37 13.052 13.928 12.93 12.123 9.748 12.022 15.251 10.068 14.192 5.719
4.485 3.859 7.964 5.351 8.721 11.565 9.752 11.429 10.696 4.681 6.423 11.812 7.421 3.366 2.079 16.383 16.168 12.781 12.282 9.319 14.793 9.349 6.874 6.851 14.157 11.185 7.914 9.083 13.141 15.894 19.938 21.188 14.824 11.759 15.056 10.05 15.746 19.379 18.877 9.619 10.131 8.88 9.518 10.978 17.385 21.192 10.233 11.508 14.597 16.827 15.782 14.973 28.26 12.301 10.802 14.677 15.641 14.609 13.749 11.185 13.573 17.023 11.54 15.894 6.783
3.721 3.177 6.158 4.288 6.711 8.82 7.611 8.872 8.393 3.864 5.094 8.992 5.891 2.792 1.746 11.705 11.973 9.85 9.556 7.383 11.336 7.419 5.515 5.423 10.619 8.633 6.245 7.025 9.903 11.95 14.984 16.121 11.649 9.343 11.697 8.011 12.102 14.824 14.625 7.796 8.061 7.072 7.484 8.521 13.134 16.071 8.225 9.094 11.349 13.058 12.397 11.849 21.741 10.104 8.88 11.752 12.528 11.806 11.17 9.199 10.979 13.621 9.517 12.794 5.774
4.555 3.953 7.614 5.37 8.33 10.813 9.3 10.738 10.122 4.753 6.305 10.998 7.273 3.529 2.273 14.592 14.751 12.035 11.615 9.025 13.706 9.058 6.824 6.792 13.132 10.702 7.82 8.841 12.389 14.809 18.287 19.41 14.026 11.321 14.152 9.81 14.733 17.897 17.545 9.48 9.888 8.784 9.364 10.685 16.249 19.567 10.108 11.187 13.896 15.861 14.994 14.288 25.467 11.961 10.571 13.934 14.807 13.932 13.171 10.901 12.961 15.943 11.218 14.948 6.889
3.615 3.062 5.967 4.115 6.513 8.661 7.467 8.766 8.285 3.753 4.931 8.812 5.705 2.664 1.637 11.363 11.71 9.63 9.379 7.199 11.176 7.208 5.309 5.181 10.326 8.348 5.986 6.724 9.574 11.659 14.778 15.948 11.431 9.118 11.453 7.76 11.832 14.578 14.392 7.569 7.808 6.806 7.194 8.215 12.883 15.953 8.064 8.949 11.226 12.98 12.318 11.776 21.951 10.039 8.794 11.68 12.459 11.736 11.106 9.128 10.926 13.584 9.427 12.731 5.685
3.58 3.055 6.669 4.333 7.374 9.952 8.261 9.797 9.095 3.768 5.302 10.188 6.155 2.661 1.583 14.77 14.229 11.043 10.608 7.899 12.968 7.889 5.7 5.688 12.432 9.581 6.641 7.727 11.486 14.03 17.806 18.867 12.827 10.036 13.085 8.458 13.729 17.044 16.483 8.024 8.516 7.378 7.951 9.269 15.181 18.627 8.521 9.684 12.441 14.409 13.392 12.633 24.802 10.086 8.812 12.217 13.004 12.053 11.282 9.036 11.116 14.123 9.288 13.129 5.27
4.368 3.813 7.485 5.253 8.248 10.72 9.152 10.573 9.918 4.598 6.187 10.918 7.155 3.45 2.232 14.88 14.886 12.032 11.57 8.939 13.689 8.965 6.759 6.776 13.275 10.744 7.839 8.933 12.599 15.051 18.546 19.555 13.963 11.239 14.131 9.726 14.76 17.926 17.478 9.327 9.792 8.706 9.323 10.679 16.315 19.537 9.895 10.989 13.672 15.571 14.636 13.886 24.86 11.357 10.05 13.319 14.128 13.237 12.469 10.256 12.241 15.108 10.525 14.139 6.391
3.41 2.854 5.878 3.926 6.52 8.867 7.534 8.957 8.398 3.621 4.848 9.075 5.658 2.532 1.496 12.427 12.467 10.063 9.795 7.385 11.844 7.371 5.343 5.216 11.023 8.703 6.132 6.989 10.252 12.632 16.197 17.393 12.11 9.516 12.131 7.975 12.553 15.59 15.262 7.694 7.963 6.854 7.268 8.381 13.609 16.941 8.12 9.048 11.451 13.269 12.455 11.809 22.8 9.728 8.428 11.357 12.068 11.258 10.569 8.531 10.315 12.981 8.733 12.091 5.087
3.66 3.175 6.498 4.438 7.185 9.464 7.988 9.316 8.695 3.858 5.294 9.651 6.138 2.842 1.789 13.535 13.306 10.606 10.191 7.755 12.192 7.759 5.762 5.777 11.798 9.374 6.718 7.723 11.112 13.379 16.658 17.574 12.296 9.787 12.477 8.381 13.06 15.986 15.53 7.995 8.437 7.434 7.99 9.219 14.448 17.431 8.478 9.498 11.952 13.686 12.8 12.106 22.423 9.757 8.6 11.59 12.304 11.476 10.778 8.767 10.584 13.208 8.998 12.33 5.317
4.2 3.469 7.015 4.68 7.735 10.623 9.068 10.87 10.226 4.385 5.775 10.805 6.723 2.988 1.738 13.95 14.479 11.819 11.594 8.723 14.052 8.691 6.253 6.009 12.652 10.01 7.021 7.909 11.574 14.371 18.667 20.272 14.166 11.151 14.207 9.288 14.615 18.278 18.019 9.061 9.308 7.934 8.336 9.571 15.699 19.905 9.545 10.672 13.569 15.895 15.046 14.376 28.521 12.136 10.578 14.305 15.309 14.377 13.58 10.991 13.349 16.925 11.387 15.86 6.645
3.73 3.185 6.395 4.332 6.961 9.222 7.844 9.201 8.657 3.861 5.189 9.404 5.975 2.751 1.693 12.615 12.565 10.069 9.744 7.45 11.72 7.482 5.51 5.438 11.039 8.785 6.249 7.1 10.181 12.322 15.507 16.6 11.769 9.379 11.914 8.018 12.396 15.247 14.94 7.743 8.083 7.068 7.521 8.624 13.574 16.647 8.225 9.205 11.628 13.431 12.679 12.094 22.761 10.178 8.945 12.052 12.864 12.08 11.419 9.355 11.298 14.128 9.694 13.248 5.79
4.7 4.105 7.986 5.647 8.819 11.439 9.797 11.272 10.581 4.969 6.644 11.649 7.698 3.747 2.432 15.959 15.958 12.913 12.404 9.622 14.617 9.646 7.295 7.318 14.26 11.596 8.489 9.665 13.615 16.252 19.946 20.958 15.021 12.101 15.147 10.502 15.825 19.167 18.674 10.066 10.544 9.409 10.082 11.547 17.551 20.933 10.736 11.855 14.68 16.648 15.63 14.803 25.969 12.101 10.659 14.009 14.824 13.884 13.07 10.787 12.79 15.672 11.014 14.647 6.758
3.725 3.116 6.002 4.153 6.587 8.983 7.885 9.357 8.878 3.98 5.145 9.174 5.987 2.773 1.682 11.479 12.589 10.621 10.387 7.916 12.241 7.874 5.732 5.513 10.949 9.009 6.464 7.215 10.316 12.821 16.642 18.2 12.985 10.224 12.681 8.528 12.907 16.069 16.007 8.355 8.489 7.312 7.647 8.7 13.811 17.579 8.892 9.785 12.211 14.134 13.413 12.764 23.86 10.808 9.327 12.191 12.928 12.127 11.41 9.305 11.045 13.707 9.478 12.73 5.647
3.031 2.502 5.577 3.504 6.201 8.627 7.119 8.615 7.994 3.2 4.428 8.842 5.149 2.149 1.194 12.593 12.28 9.459 9.177 6.753 11.463 6.735 4.761 4.644 10.658 8.043 5.457 6.334 9.652 12.019 15.641 16.743 11.202 8.691 11.457 7.201 11.966 15.053 14.567 6.874 7.231 6.119 6.53 7.636 13.071 16.464 7.269 8.307 10.807 12.689 11.798 11.158 23.151 9.013 7.81 10.978 11.715 10.846 10.161 8.069 10.037 12.928 8.307 12.009 4.633
4.266 3.676 7.711 5.123 8.41 11.163 9.363 11.007 10.282 4.399 6.121 11.366 7.055 3.134 1.923 15.674 15.439 12.156 11.668 8.792 14.091 8.797 6.422 6.406 13.393 10.504 7.364 8.47 12.302 14.884 18.725 19.936 13.858 10.957 14.136 9.338 14.803 18.276 17.8 8.923 9.452 8.264 8.88 10.269 16.38 20.04 9.525 10.807 13.809 15.989 15 14.25 27.393 11.72 10.336 14.214 15.197 14.204 13.387 10.866 13.3 16.791 11.286 15.713 6.554
3.187 2.679 5.979 3.8 6.614 9.058 7.483 8.966 8.316 3.349 4.716 9.276 5.481 2.302 1.319 13.457 12.94 9.99 9.629 7.102 11.889 7.084 5.045 4.99 11.236 8.553 5.843 6.806 10.262 12.652 16.269 17.343 11.671 9.063 11.911 7.56 12.476 15.614 15.111 7.188 7.61 6.516 7.004 8.192 13.736 17.079 7.629 8.711 11.291 13.18 12.25 11.566 23.462 9.276 8.068 11.308 12.063 11.171 10.456 8.32 10.319 13.234 8.575 12.296 4.787
4.845 4.177 8.45 5.835 9.376 12.368 10.504 12.225 11.433 5.118 6.936 12.576 8.092 3.771 2.369 17.434 17.43 14.008 13.442 10.245 15.978 10.255 7.614 7.6 15.388 12.344 8.879 10.154 14.558 17.566 21.899 23.169 16.291 12.948 16.398 11.075 17.112 20.976 20.452 10.61 11.106 9.783 10.488 12.083 18.874 22.843 11.237 12.481 15.643 17.923 16.806 15.898 29.259 12.915 11.316 15.13 16.082 15.027 14.112 11.49 13.806 17.213 11.809 16.076 7.013
4.015 3.335 6.984 4.649 7.759 10.581 8.987 10.691 10.016 4.236 5.699 10.77 6.698 2.934 1.708 14.796 14.908 12.061 11.678 8.73 14.055 8.705 6.252 6.091 12.989 10.264 7.187 8.187 12.042 14.873 19.158 20.686 14.352 11.193 14.289 9.315 14.762 18.443 18.126 9.018 9.3 7.968 8.46 9.783 15.985 20.024 9.502 10.569 13.433 15.656 14.739 13.985 27.477 11.603 10.012 13.559 14.475 13.527 12.699 10.197 12.391 15.741 10.542 14.698 6.055
3.574 3.068 6.193 4.195 6.716 8.85 7.513 8.793 8.263 3.651 4.953 8.96 5.691 2.598 1.607 11.86 11.852 9.505 9.168 6.985 10.962 6.984 5.132 5.075 10.254 8.159 5.788 6.568 9.371 11.288 14.15 15.138 10.726 8.541 10.867 7.296 11.305 13.901 13.63 7.03 7.37 6.454 6.886 7.902 12.398 15.189 7.484 8.418 10.668 12.349 11.682 11.165 21.126 9.428 8.341 11.326 12.141 11.437 10.845 8.899 10.816 13.592 9.323 12.82 5.552
4.479 3.807 7.65 5.141 8.266 10.965 9.314 10.948 10.303 4.559 6.118 11.105 7.009 3.196 1.947 14.638 14.59 11.669 11.294 8.609 13.589 8.629 6.319 6.204 12.614 9.997 7.066 7.998 11.459 13.868 17.5 18.795 13.315 10.594 13.472 9.022 13.977 17.224 16.902 8.711 9.08 7.907 8.391 9.606 15.183 18.721 9.211 10.337 13.108 15.204 14.391 13.766 26.275 11.718 10.32 13.985 14.98 14.106 13.375 10.969 13.314 16.741 11.47 15.772 6.847
4.087 3.355 7.137 4.612 7.904 10.955 9.215 11.124 10.403 4.293 5.775 11.185 6.731 2.885 1.625 15.223 15.208 12.145 11.884 8.832 14.603 8.793 6.249 6.028 13.283 10.265 7.081 8.083 12.081 15.052 19.644 21.26 14.562 11.352 14.682 9.382 15.173 19.061 18.662 9.08 9.397 7.95 8.402 9.732 16.354 20.74 9.554 10.769 13.844 16.261 15.281 14.539 29.681 12.051 10.451 14.389 15.379 14.351 13.501 10.803 13.275 17.002 11.173 15.878 6.353
4.035 3.305 7.173 4.562 7.963 11.1 9.244 11.211 10.446 4.236 5.748 11.338 6.686 2.823 1.567 15.567 15.46 12.136 11.868 8.774 14.75 8.732 6.177 5.962 13.445 10.244 6.999 8.036 12.14 15.157 19.824 21.379 14.464 11.263 14.722 9.299 15.273 19.23 18.729 8.958 9.333 7.868 8.333 9.694 16.532 20.988 9.437 10.733 13.904 16.376 15.33 14.571 30.276 11.973 10.402 14.502 15.51 14.435 13.574 10.824 13.41 17.265 11.196 16.107 6.306
4.77 4.195 8.147 5.776 8.996 11.614 9.926 11.412 10.702 5.052 6.787 11.848 7.84 3.854 2.535 16.252 16.215 13.111 12.595 9.788 14.853 9.823 7.475 7.529 14.561 11.833 8.711 9.935 13.933 16.561 20.248 21.225 15.21 12.307 15.415 10.707 16.118 19.464 18.929 10.235 10.768 9.627 10.318 11.796 17.823 21.146 10.826 11.99 14.826 16.781 15.742 14.908 26.156 12.09 10.727 14.117 14.928 13.971 13.148 10.845 12.879 15.801 11.087 14.789 6.806
4.174 3.399 6.985 4.612 7.683 10.624 9.106 10.96 10.341 4.362 5.736 10.835 6.713 2.915 1.649 14.124 14.575 11.99 11.747 8.785 14.213 8.764 6.228 5.945 12.652 10.005 6.964 7.831 11.51 14.362 18.832 20.675 14.459 11.273 14.343 9.292 14.67 18.456 18.302 9.104 9.27 7.831 8.196 9.406 15.544 19.902 9.504 10.561 13.461 15.846 15.052 14.394 29.084 12.342 10.65 14.414 15.454 14.523 13.703 11.024 13.415 17.151 11.502 16.106 6.629
4.238 3.6 7.256 4.901 7.9 10.499 8.941 10.518 9.897 4.372 5.869 10.67 6.762 3.086 1.879 14.211 14.165 11.443 11.103 8.461 13.325 8.466 6.203 6.094 12.401 9.863 7.004 7.941 11.389 13.809 17.451 18.754 13.288 10.561 13.407 8.967 13.898 17.135 16.83 8.675 9.031 7.857 8.345 9.568 15.131 18.653 9.184 10.282 13.005 15.066 14.253 13.615 25.929 11.5 10.114 13.656 14.599 13.729 12.992 10.62 12.864 16.165 11.06 15.203 6.567
