1.06 1.322 2.366 1.177 2.573 2.842 3.981 3.498 4.488 0.93 1.92 5.939 3.174 1.43 1.193 3.554 6.257 6.168 4.308 3.777 9.374 2.636 2.802 2.878 7.771 6.852 5.894 5.877 11.432 15.078 13.164 29.048 13.641 14.542 16.291 13.426 19.105 29.872 24.181 11.089 11.103 9.359 11.999 17.554 30.84 20.345 10.293 12.436 18.299 14.474 11.854 9.521 27.262 13.372 12.991 10.991 8.378 18.801 15.751 9.745 16.244 10.642 6.644 10.375 6.844
1.194 1.509 2.516 1.368 2.764 3.058 4.091 3.569 4.229 1.008 1.99 5.242 3.243 1.59 1.408 3.698 6.287 6.629 4.889 4.405 9.749 3.101 3.412 3.604 8.615 7.889 7.069 7.236 13.148 16.845 14.863 28.885 14.446 14.988 16.349 13.734 18.823 27.884 22.965 11.183 11.334 9.906 12.631 18.057 30.059 20.531 10.88 12.944 17.85 14.495 12.153 10.101 24.993 13.634 13.2 11.467 9.137 18.473 15.917 10.387 16.156 11.027 7.229 10.776 7.552
1.292 1.601 2.706 1.411 2.914 3.273 4.6 4.142 5.194 1.15 2.262 6.18 3.653 1.711 1.447 3.786 6.494 6.901 5.074 4.526 10.49 3.209 3.428 3.503 8.465 7.71 6.836 6.923 12.934 17.281 15.636 33.301 16.643 17.557 19.288 15.967 22.066 33.932 28.366 13.465 13.389 11.309 14.092 20.057 35.068 24.432 12.781 15.231 21.439 17.18 14.169 11.478 30.097 15.93 15.448 13.195 10.215 21.396 18.468 11.827 19.087 12.837 8.158 12.206 8.227
1.1 1.399 2.404 1.285 2.657 2.902 3.816 3.278 3.932 0.916 1.881 5.402 3.133 1.508 1.34 3.827 6.634 6.579 4.682 4.186 9.568 2.956 3.276 3.502 8.869 7.966 6.967 7.04 12.949 16.369 14.096 27.433 13.474 14.047 15.562 13.126 18.156 26.759 21.619 10.387 10.638 9.415 12.244 17.587 28.422 18.822 9.833 11.803 16.715 13.533 11.287 9.385 23.877 12.627 12.188 10.58 8.406 17.397 14.774 9.439 14.708 10.001 6.549 10.024 7.032
1.24 1.552 2.675 1.413 2.976 3.341 4.572 3.947 4.769 1.057 2.103 6.194 3.699 1.745 1.496 4.115 7.488 7.859 5.616 4.93 11.274 3.421 3.685 3.815 9.555 8.845 7.84 7.897 14.656 19.162 16.775 33.811 16.327 16.85 18.391 15.332 21.351 32.546 26.47 12.412 12.365 10.613 13.611 19.943 34.373 22.789 11.625 13.662 19.238 15.552 12.888 10.53 27.951 14.669 14.147 12.093 9.427 19.918 17.141 10.871 17.189 11.441 7.29 11.05 7.616
1.246 1.572 2.627 1.41 2.907 3.265 4.481 3.899 4.615 1.062 2.083 5.538 3.505 1.695 1.48 3.834 6.637 7.316 5.389 4.808 10.675 3.311 3.618 3.775 8.979 8.298 7.536 7.747 14.193 18.435 16.397 32.485 15.942 16.469 17.787 14.822 20.457 30.914 25.464 12.171 12.176 10.451 13.224 19.171 33.329 22.605 11.755 13.837 18.939 15.405 12.9 10.624 26.87 14.607 14.136 12.154 9.577 19.598 17.013 11.055 17.33 11.658 7.524 11.152 7.726
0.949 1.233 2.232 1.094 2.431 2.585 3.492 3.022 3.851 0.807 1.833 5.512 2.863 1.313 1.176 3.775 6.116 5.706 3.948 3.538 8.82 2.449 2.756 2.967 8.096 6.718 5.732 5.805 11.215 14.033 11.969 25.544 11.865 12.815 14.552 12.018 17.144 26.027 20.683 9.54 9.943 8.6 11.25 16.173 26.863 17.289 8.776 10.964 16.206 12.66 10.452 8.549 24.204 11.593 11.342 9.685 7.486 16.931 13.711 8.411 14.12 9.236 5.87 9.508 6.24
1.239 1.54 2.592 1.351 2.799 3.15 4.442 3.983 4.966 1.092 2.154 5.814 3.474 1.627 1.379 3.562 6.094 6.581 4.838 4.315 9.969 3.028 3.255 3.333 7.987 7.291 6.515 6.629 12.381 16.564 15.008 31.96 15.828 16.728 18.331 15.171 21.023 32.431 27.063 12.796 12.735 10.747 13.394 19.142 33.825 23.476 12.246 14.605 20.495 16.474 13.62 11.039 28.876 15.317 14.873 12.689 9.831 20.564 17.802 11.422 18.44 12.381 7.869 11.753 7.92
0.978 1.22 2.169 1.115 2.427 2.73 3.775 3.225 3.977 0.834 1.685 5.399 3.019 1.382 1.159 3.354 6.381 6.498 4.51 3.906 9.346 2.691 2.872 2.94 7.784 7.194 6.275 6.234 11.88 15.74 13.589 28.413 13.2 13.717 15.098 12.519 17.705 27.457 21.913 9.991 9.917 8.441 10.952 16.369 28.735 18.48 9.214 10.87 15.763 12.651 10.383 8.383 23.593 11.816 11.411 9.666 7.434 16.386 13.97 8.657 13.97 9.149 5.735 8.864 6.023
1.273 1.6 2.65 1.4 2.848 3.195 4.477 4.034 4.924 1.119 2.201 5.522 3.437 1.656 1.438 3.635 5.882 6.533 4.958 4.502 10.159 3.141 3.419 3.551 8.256 7.423 6.719 6.97 12.92 16.996 15.51 32.243 16.162 17.013 18.511 15.284 20.952 31.809 26.759 12.861 12.903 10.969 13.585 19.148 33.531 23.723 12.543 15 20.588 16.513 13.764 11.278 28.296 15.394 15.001 12.908 10.109 20.608 17.842 11.653 18.644 12.613 8.12 11.995 8.147
1.05 1.28 2.189 1.122 2.339 2.641 3.775 3.454 4.455 0.966 1.884 5.349 3.091 1.409 1.156 3.09 5.359 5.609 4.074 3.586 8.507 2.565 2.669 2.678 6.642 6.033 5.275 5.278 10.01 13.592 12.382 27.383 13.817 14.575 16.104 13.275 18.442 28.916 24.424 11.474 11.238 9.328 11.523 16.415 29.191 20.529 10.637 12.598 17.983 14.372 11.758 9.4 25.552 13.388 12.924 10.935 8.325 17.799 15.393 9.744 15.923 10.676 6.676 10.018 6.645
1.176 1.458 2.556 1.325 2.83 3.191 4.432 3.868 4.787 1.028 2.053 6.278 3.65 1.685 1.414 4.013 7.357 7.626 5.404 4.702 11.032 3.276 3.463 3.541 9.108 8.369 7.323 7.316 13.803 18.263 16.035 33.462 16.068 16.602 18.187 15.039 21.032 32.532 26.533 12.267 12.108 10.252 13.082 19.183 33.556 22.327 11.26 13.214 18.85 15.099 12.408 10.03 27.588 14.219 13.698 11.615 8.923 19.299 16.553 10.363 16.636 10.988 6.9 10.553 7.157
1.038 1.254 2.195 1.106 2.415 2.808 4.15 3.709 4.759 0.948 1.832 5.673 3.277 1.444 1.142 3.061 5.86 6.396 4.51 3.844 9.315 2.65 2.715 2.648 6.749 6.378 5.64 5.591 10.825 15.203 13.749 31.293 14.761 15.345 16.696 13.606 19.281 31.459 26.013 11.617 11.103 8.979 11.167 16.676 32.047 21.684 10.704 12.403 17.877 14.354 11.666 9.161 26.693 13.593 13.083 10.832 8.075 18.007 15.818 9.8 16.215 10.573 6.42 9.67 6.329
0.953 1.186 2.013 1.061 2.186 2.445 3.377 3.014 3.728 0.84 1.661 4.602 2.742 1.299 1.112 2.988 5.16 5.411 3.967 3.539 8.106 2.514 2.693 2.778 6.771 6.162 5.442 5.504 10.2 13.416 12.005 24.772 12.424 12.974 14.222 11.806 16.243 24.65 20.503 9.791 9.771 8.337 10.475 14.916 25.498 17.634 9.222 10.949 15.349 12.295 10.153 8.274 21.499 11.434 11.064 9.489 7.389 15.401 13.244 8.48 13.528 9.114 5.824 8.75 5.96
1.051 1.331 2.446 1.195 2.689 2.937 4.065 3.487 4.446 0.899 1.922 6.262 3.202 1.437 1.216 3.861 6.877 6.584 4.517 3.964 10.066 2.714 2.927 3.045 8.608 7.456 6.362 6.34 12.51 16.236 13.838 30.346 13.716 14.661 16.521 13.585 19.533 30.334 23.926 10.805 10.982 9.35 12.245 18.14 31.461 19.996 9.957 12.176 18.171 14.232 11.645 9.391 27.581 13.031 12.707 10.779 8.231 18.948 15.556 9.487 15.964 10.302 6.431 10.292 6.772
0.938 1.154 1.962 1.004 2.11 2.391 3.434 3.096 3.944 0.836 1.645 4.613 2.688 1.226 1.012 2.627 4.593 4.934 3.572 3.142 7.419 2.199 2.327 2.341 5.707 5.24 4.653 4.689 8.881 12.124 11.032 24.402 11.957 12.696 13.975 11.533 16.156 25.521 21.337 9.918 9.772 8.125 10.092 14.559 26.462 18.316 9.427 11.216 15.987 12.85 10.566 8.466 23.021 11.998 11.643 9.837 7.514 16.086 13.972 8.857 14.519 9.674 6.057 9.09 6.035
0.926 1.184 2.115 1.041 2.282 2.448 3.345 2.912 3.722 0.784 1.698 5.09 2.638 1.204 1.046 3.214 5.317 5.028 3.504 3.136 7.81 2.167 2.395 2.533 6.886 5.82 4.987 5.028 9.757 12.435 10.7 23.254 10.878 11.825 13.445 11.153 15.949 24.463 19.631 9.117 9.438 8.124 10.561 15.257 25.807 16.849 8.643 10.758 15.912 12.519 10.334 8.423 23.745 11.489 11.248 9.632 7.445 16.689 13.691 8.488 14.257 9.36 5.942 9.447 6.227
0.921 1.184 2.23 1.035 2.417 2.595 3.651 3.167 4.166 0.792 1.79 5.789 2.863 1.235 1.044 3.504 5.861 5.466 3.685 3.226 8.547 2.181 2.376 2.496 7.302 6.017 5.065 5.068 10.249 13.201 11.249 25.922 11.511 12.532 14.316 11.641 17.086 27.2 21.565 9.5 9.717 8.146 10.738 15.961 28.393 18.038 8.822 11.053 16.914 13.059 10.646 8.496 26.512 12.061 11.819 9.911 7.444 18.047 14.536 8.689 15.318 9.716 5.932 9.798 6.181
0.981 1.256 2.299 1.112 2.507 2.7 3.719 3.2 4.101 0.833 1.819 5.768 2.909 1.306 1.122 3.593 6.151 5.794 3.983 3.533 9.022 2.41 2.64 2.776 7.853 6.64 5.657 5.674 11.216 14.376 12.236 26.974 12.223 13.231 15.029 12.374 17.849 27.607 21.808 9.905 10.213 8.733 11.454 16.819 28.866 18.403 9.241 11.485 17.181 13.401 10.997 8.907 26.056 12.234 11.977 10.202 7.818 18.027 14.658 8.952 15.216 9.823 6.162 9.931 6.486
1.202 1.463 2.602 1.298 2.838 3.232 4.682 4.161 5.382 1.085 2.14 6.731 3.7 1.634 1.308 3.693 6.879 7.114 4.978 4.282 10.604 2.984 3.075 3.046 8.076 7.423 6.444 6.372 12.45 17.116 15.231 34.635 16.266 17.126 18.944 15.508 22.074 35.539 29.112 13.133 12.76 10.479 13.208 19.605 36.374 24.328 12.132 14.31 20.976 16.708 13.591 10.742 31.437 15.624 15.091 12.601 9.455 21.304 18.305 11.302 18.856 12.31 7.538 11.539 7.561
1.129 1.406 2.581 1.281 2.867 3.202 4.486 3.853 4.885 0.982 2.028 6.787 3.595 1.603 1.322 4.098 7.675 7.584 5.193 4.476 11.215 3.08 3.24 3.304 9.242 8.294 7.107 7.023 13.787 18.286 15.704 34.336 15.577 16.322 18.158 14.897 21.331 33.554 26.61 11.909 11.814 9.944 12.939 19.407 34.506 22.017 10.82 12.895 19.127 15.104 12.309 9.848 29.165 14.022 13.568 11.413 8.647 19.849 16.618 10.119 16.804 10.845 6.7 10.585 7.016
1.211 1.48 2.543 1.287 2.747 3.132 4.55 4.09 5.255 1.081 2.125 6.17 3.541 1.586 1.286 3.366 6.052 6.496 4.634 4.028 9.66 2.8 2.937 2.919 7.236 6.704 5.937 5.94 11.368 15.728 14.284 32.238 15.527 16.485 18.161 14.954 21.133 33.941 28.255 12.928 12.642 10.406 12.946 18.93 35.228 24.132 12.247 14.516 20.913 16.829 13.787 10.959 30.719 15.779 15.301 12.827 9.708 21.184 18.461 11.586 19.165 12.674 7.847 11.821 7.78
0.958 1.174 2.096 1.028 2.238 2.487 3.559 3.207 4.222 0.864 1.748 5.329 2.867 1.257 1.016 2.974 5.12 5.064 3.53 3.063 7.68 2.155 2.235 2.258 6.093 5.346 4.571 4.536 8.901 11.948 10.622 24.371 11.732 12.537 14.114 11.604 16.596 26.634 22.148 10.126 9.97 8.239 10.412 15.206 27.54 18.738 9.468 11.387 16.908 13.427 10.96 8.701 25.506 12.651 12.241 10.266 7.712 17.507 14.837 9.163 15.506 10.204 6.273 9.734 6.308
1.171 1.466 2.706 1.325 2.981 3.293 4.617 4.008 5.146 1.031 2.18 7.15 3.755 1.664 1.383 4.406 7.898 7.689 5.267 4.561 11.57 3.154 3.329 3.428 9.677 8.449 7.193 7.137 14.094 18.507 15.931 35.267 16.106 16.979 18.992 15.525 22.258 35.009 27.927 12.51 12.465 10.463 13.579 20.155 35.628 22.946 11.303 13.597 20.236 15.877 12.936 10.343 30.801 14.733 14.265 11.98 9.045 20.934 17.362 10.543 17.703 11.431 7.05 11.244 7.357
1.195 1.445 2.495 1.273 2.701 3.107 4.525 4.124 5.301 1.114 2.141 6.298 3.69 1.662 1.339 3.583 6.499 6.998 5.057 4.388 10.445 3.09 3.167 3.127 7.82 7.231 6.356 6.34 12.129 16.739 15.26 34.108 16.848 17.52 19.116 15.607 21.746 34.662 29.191 13.428 12.931 10.568 13.014 18.848 34.728 24.279 12.311 14.339 20.394 16.273 13.251 10.501 29.341 15.326 14.753 12.362 9.304 20.165 17.603 11.061 18.115 12.003 7.391 11.062 7.295
1.215 1.546 2.762 1.408 3.031 3.289 4.426 3.861 4.852 1.055 2.297 6.922 3.832 1.781 1.569 4.87 8.185 7.88 5.502 4.861 11.674 3.435 3.756 3.999 10.576 9.129 7.822 7.861 14.851 18.809 16.224 33.514 16.093 16.934 18.938 15.688 21.984 33.194 26.773 12.5 12.732 10.992 14.199 20.327 33.558 22.031 11.21 13.57 19.668 15.567 12.853 10.512 28.787 14.47 14.013 11.936 9.23 20.208 16.77 10.381 16.823 11.189 7.138 11.306 7.596
0.998 1.21 2.095 1.065 2.302 2.675 3.933 3.527 4.482 0.912 1.758 5.28 3.13 1.4 1.122 2.967 5.571 6.162 4.406 3.783 8.994 2.605 2.685 2.637 6.582 6.194 5.513 5.505 10.551 14.689 13.343 29.843 14.281 14.789 16.006 13.043 18.337 29.611 24.646 11.12 10.657 8.656 10.718 15.851 30.124 20.619 10.259 11.87 16.869 13.536 11.038 8.716 24.799 12.847 12.376 10.293 7.716 16.914 14.875 9.298 15.254 9.988 6.104 9.143 6.02
0.909 1.097 2.066 0.981 2.263 2.581 3.822 3.355 4.455 0.827 1.646 5.79 2.942 1.235 0.946 2.928 5.666 5.66 3.813 3.203 8.531 2.2 2.195 2.137 6.283 5.688 4.823 4.693 9.634 13.429 11.728 28.353 12.522 13.232 14.815 11.976 17.564 29.312 23.504 10.158 9.745 7.844 10.068 15.517 30.13 19.412 9.311 11.002 16.839 13.234 10.641 8.252 26.732 12.409 11.973 9.842 7.205 17.517 14.791 8.844 15.362 9.739 5.776 9.1 5.786
1.092 1.365 2.3 1.208 2.494 2.787 3.87 3.44 4.253 0.951 1.884 5.111 3.036 1.433 1.227 3.21 5.514 5.852 4.281 3.828 8.819 2.696 2.921 3.017 7.29 6.652 5.924 6.018 11.189 14.804 13.275 27.732 13.718 14.496 15.925 13.243 18.332 27.966 23.174 11.031 11.056 9.43 11.855 16.956 29.377 20.198 10.587 12.665 17.793 14.329 11.873 9.677 25.055 13.291 12.898 11.058 8.63 17.966 15.488 9.953 15.952 10.75 6.888 10.315 7.017
1.109 1.335 2.286 1.158 2.47 2.875 4.279 3.927 5.072 1.041 1.986 5.759 3.424 1.529 1.216 3.139 5.704 6.355 4.615 3.984 9.471 2.77 2.831 2.761 6.76 6.304 5.61 5.618 10.783 15.156 14.016 32.065 15.748 16.398 17.782 14.451 20.213 32.794 27.818 12.652 12.08 9.734 11.859 17.241 32.908 23.22 11.686 13.547 19.188 15.354 12.506 9.849 27.774 14.569 14.047 11.683 8.72 18.942 16.718 10.515 17.342 11.44 6.985 10.38 6.776
