3.739 4.076 5.281 0.316 3.78 3.624 4.071 4.518 7.146 4.954 4.648 4.259 4.152 3.585 3.11 5.643 6.798 5.853 5.595 4.494 7.477 5.235 4.041 4.209 6.773 7.331 6.135 7.054 9.035 12.546 12.632 15.089 11.938 11.888 10.52 11.617 11.615 15.806 17.966 13.941 12.304 11.491 10.697 11.696 11.929 13.634 10.844 9.671 13.336 13.826 14.066 21.289 22.409 13.816 12.486 13.548 11.084 12.926 9.395 10.752 10.637 14.974 13.477 16.018 8.19
3.454 3.8 4.961 0.284 3.685 3.53 4.043 4.502 7.07 4.697 4.397 4.034 3.972 3.464 3.053 5.816 6.94 5.829 5.522 4.4 7.474 5.108 3.968 4.216 7.014 7.508 6.195 7.158 9.124 12.361 11.928 13.863 10.679 10.61 9.387 10.477 10.505 14.399 16.056 12.194 10.753 10.091 9.451 10.443 10.674 12.21 9.597 8.565 11.94 12.255 12.373 18.579 18.905 11.42 10.391 11.405 9.364 11.106 8.059 9.375 9.315 13.273 11.797 13.973 7.015
3.65 4.016 5.22 0.288 4.071 3.813 4.305 4.737 7.244 4.844 4.53 4.163 4.109 3.602 3.199 5.958 6.965 5.816 5.474 4.379 7.306 5.047 3.948 4.221 6.873 7.252 5.989 6.868 8.611 11.405 10.972 12.648 9.8 9.756 8.69 9.694 9.742 13.238 14.707 11.247 9.972 9.406 8.853 9.802 10.029 11.459 9.054 8.129 11.344 11.665 11.823 17.716 18.134 11.092 10.217 11.307 9.365 11.205 8.177 9.59 9.58 13.724 12.256 14.582 7.341
4.49 4.958 6.456 0.347 5.142 4.799 5.413 5.954 9.092 6.049 5.673 5.233 5.192 4.573 4.088 7.674 8.957 7.46 7.031 5.638 9.47 6.533 5.133 5.532 9.056 9.534 7.868 9.057 11.366 15.016 14.378 16.53 12.752 12.706 11.328 12.66 12.725 17.288 19.117 14.539 12.886 12.166 11.459 12.698 12.971 14.789 11.635 10.443 14.586 14.928 15.069 22.469 22.747 13.789 12.705 14.061 11.617 13.905 10.108 11.868 11.828 16.917 15.008 17.771 8.872
4.431 4.873 6.328 0.362 4.94 4.634 5.243 5.785 8.865 5.954 5.584 5.147 5.091 4.476 3.987 7.435 8.722 7.315 6.909 5.547 9.261 6.421 5.041 5.395 8.794 9.301 7.708 8.859 11.13 14.764 14.224 16.406 12.732 12.673 11.294 12.584 12.64 17.144 19.022 14.554 12.899 12.154 11.425 12.616 12.881 14.676 11.591 10.392 14.432 14.802 14.967 22.313 22.732 13.911 12.775 14.072 11.632 13.844 10.1 11.783 11.733 16.715 14.901 17.652 8.92
4.097 4.509 6.066 0.294 4.06 3.883 4.575 5.214 8.812 5.664 5.245 4.702 4.547 3.846 3.274 6.615 8.176 6.819 6.406 4.927 8.747 5.747 4.283 4.436 7.704 8.398 6.829 7.952 10.406 14.775 14.401 17.204 12.949 12.787 11.059 12.35 12.324 17.555 20.05 14.91 12.927 11.902 10.928 12.09 12.362 14.418 11.071 9.694 13.983 14.538 14.88 24.008 25.039 14.523 13.039 14.332 11.452 13.821 9.65 11.35 11.267 17.017 15.119 18.642 8.715
3.696 4.13 5.573 0.232 4.268 3.855 4.484 5.033 8.234 5.177 4.819 4.372 4.306 3.703 3.233 6.662 7.955 6.483 6.069 4.697 8.471 5.507 4.168 4.481 7.873 8.351 6.712 7.864 10.182 14.02 13.325 15.631 11.618 11.533 10.053 11.352 11.357 16.098 18.013 13.2 11.49 10.698 9.93 11.109 11.349 13.177 10.018 8.834 12.887 13.203 13.362 21.129 21.392 12.175 11.067 12.333 9.877 12.089 8.393 10.05 9.98 15.034 13.117 15.961 7.3
5.103 5.571 7.183 0.439 5.305 5.121 5.779 6.389 9.863 6.731 6.285 5.762 5.642 4.915 4.316 7.88 9.398 7.996 7.586 6.088 10.067 7.026 5.469 5.753 9.307 10.016 8.347 9.564 12.12 16.44 16.133 18.838 14.756 14.68 13.046 14.493 14.562 19.787 22.238 17.181 15.219 14.313 13.446 14.823 15.202 17.392 13.871 12.451 17.189 17.772 18.027 26.855 27.755 17.163 15.639 17.115 14.178 16.683 12.279 14.183 14.133 19.842 17.82 21.007 10.854
3.305 3.577 4.714 0.256 3.098 2.986 3.421 3.867 6.433 4.416 4.099 3.692 3.55 3.003 2.541 4.785 5.96 5.132 4.861 3.803 6.456 4.437 3.323 3.38 5.569 6.125 5.085 5.851 7.606 10.875 11.057 13.429 10.539 10.423 9.095 10.015 9.987 13.917 16.164 12.465 10.852 9.971 9.123 9.918 10.084 11.623 9.119 7.982 11.147 11.694 12.041 19.164 20.895 12.773 11.411 12.369 9.98 11.723 8.346 9.541 9.424 13.778 12.575 15.429 7.633
4.261 4.653 6.143 0.33 4.154 3.997 4.601 5.185 8.533 5.662 5.256 4.738 4.576 3.892 3.325 6.342 7.786 6.585 6.212 4.85 8.298 5.606 4.23 4.358 7.257 7.909 6.511 7.508 9.713 13.679 13.517 16.145 12.412 12.299 10.742 11.934 11.936 16.71 19.139 14.536 12.716 11.782 10.889 11.988 12.273 14.227 11.134 9.838 13.903 14.513 14.886 23.541 24.871 14.899 13.468 14.773 11.991 14.301 10.22 11.892 11.835 17.417 15.672 19.149 9.349
3.334 3.63 4.699 0.286 3.371 3.221 3.576 3.908 6.052 4.25 4.033 3.751 3.699 3.22 2.798 4.998 5.908 5.039 4.801 3.882 6.458 4.606 3.584 3.735 5.955 6.399 5.339 6.096 7.778 10.85 11.2 13.768 11.286 11.483 10.319 11.445 11.429 15.365 17.313 13.493 11.962 11.223 10.468 11.405 11.561 13.084 10.375 9.225 12.637 13.097 13.337 20.173 21.557 13.544 12.338 13.427 10.963 12.644 9.099 10.26 10.014 13.852 12.39 14.671 7.575
3.193 3.458 4.461 0.271 3.16 3.013 3.335 3.633 5.589 3.914 3.692 3.424 3.377 2.946 2.561 4.575 5.432 4.632 4.382 3.517 5.792 4.138 3.218 3.344 5.32 5.734 4.79 5.443 6.908 9.611 9.998 12.449 10.413 10.755 9.804 10.99 11.077 14.979 16.957 13.242 11.724 10.989 10.249 11.169 11.333 12.821 10.152 8.982 12.236 12.666 12.915 19.638 21.291 13.566 12.447 13.653 11.228 13.008 9.365 10.518 10.208 14.033 12.492 14.754 7.616
2.993 3.258 4.193 0.261 3.078 2.951 3.278 3.57 5.409 3.752 3.527 3.273 3.235 2.838 2.493 4.452 5.23 4.428 4.177 3.364 5.511 3.934 3.087 3.244 5.173 5.554 4.64 5.276 6.657 9.11 9.294 11.324 9.326 9.56 8.693 9.739 9.814 13.206 14.795 11.506 10.218 9.636 9.062 9.95 10.16 11.535 9.192 8.218 11.252 11.659 11.88 17.812 18.872 11.918 10.937 11.992 9.901 11.5 8.352 9.457 9.249 12.695 11.288 13.223 6.873
3.883 4.217 5.457 0.329 3.865 3.686 4.084 4.451 6.882 4.82 4.564 4.245 4.191 3.649 3.166 5.661 6.698 5.694 5.395 4.339 7.208 5.146 3.998 4.156 6.623 7.121 5.929 6.745 8.589 12.014 12.498 15.545 12.89 13.233 11.971 13.343 13.365 18.024 20.361 15.873 14.067 13.198 12.308 13.412 13.591 15.37 12.152 10.76 14.719 15.269 15.587 23.767 25.712 16.274 14.893 16.295 13.338 15.413 11.059 12.43 12.085 16.701 14.926 17.72 9.134
3.595 3.883 4.94 0.314 3.632 3.475 3.848 4.188 6.301 4.427 4.157 3.842 3.775 3.304 2.901 5.109 6.015 5.175 4.93 4.006 6.467 4.645 3.648 3.815 5.993 6.431 5.427 6.177 7.772 10.541 10.753 12.961 10.785 11.078 10.178 11.47 11.723 15.885 18.105 14.42 12.9 12.171 11.43 12.481 12.716 14.389 11.543 10.343 14.039 14.488 14.693 21.668 22.857 14.614 13.425 14.7 12.225 14.235 10.459 11.883 11.664 15.934 14.091 16.265 8.406
3.266 3.519 4.468 0.285 3.313 3.188 3.555 3.895 5.882 4.127 3.866 3.56 3.486 3.046 2.678 4.736 5.61 4.866 4.66 3.79 6.092 4.325 3.373 3.516 5.511 5.912 5.012 5.748 7.282 9.896 10.035 12.015 9.98 10.335 9.613 10.993 11.379 15.579 17.748 13.942 12.298 11.457 10.651 11.561 11.742 13.302 10.698 9.625 13.116 13.531 13.686 20.148 21.226 13.598 12.56 13.83 11.535 13.479 9.898 11.243 10.981 14.842 12.861 14.562 7.441
3.617 3.932 5.201 0.276 3.373 3.211 3.663 4.183 7.178 4.953 4.62 4.149 3.963 3.323 2.789 5.209 6.558 5.727 5.487 4.297 7.328 5.002 3.733 3.786 6.191 6.829 5.704 6.625 8.702 12.693 13.073 16.039 12.463 12.256 10.581 11.574 11.476 16.055 18.818 14.449 12.526 11.439 10.396 11.258 11.426 13.219 10.364 9.075 12.707 13.34 13.764 22.177 24.235 14.488 12.821 13.761 10.978 12.842 9.081 10.383 10.245 15.063 13.772 17.01 8.274
4.198 4.629 6.165 0.298 4.56 4.307 5.001 5.622 9.078 5.935 5.516 5.013 4.926 4.264 3.736 7.413 8.963 7.473 7.018 5.495 9.584 6.453 4.922 5.229 8.932 9.595 7.853 9.113 11.715 16.07 15.514 18.15 13.745 13.555 11.847 13.22 13.23 18.456 20.75 15.518 13.494 12.506 11.577 12.805 13.06 15.043 11.62 10.23 14.543 14.979 15.185 23.552 24.119 14.15 12.711 13.929 11.24 13.492 9.539 11.187 11.101 16.39 14.542 17.543 8.364
4.176 4.588 6.206 0.284 4.218 4.055 4.795 5.477 9.261 5.989 5.51 4.932 4.782 4.058 3.471 7.118 8.868 7.407 6.929 5.313 9.482 6.267 4.649 4.84 8.491 9.292 7.554 8.795 11.521 16.345 15.96 18.996 14.246 13.954 12.016 13.381 13.352 19.033 21.791 16.162 13.878 12.691 11.598 12.808 13.078 15.23 11.648 10.122 14.602 15.197 15.526 25.008 26.132 15.056 13.311 14.521 11.54 13.895 9.649 11.31 11.218 17.015 15.176 18.67 8.644
3.895 4.332 5.714 0.271 4.586 4.213 4.787 5.291 8.241 5.36 5.025 4.624 4.595 4.029 3.592 6.979 8.182 6.746 6.347 5.039 8.701 5.879 4.577 4.962 8.331 8.765 7.162 8.309 10.531 14.058 13.377 15.448 11.733 11.688 10.353 11.629 11.672 16.072 17.777 13.303 11.722 11.031 10.352 11.521 11.756 13.464 10.444 9.323 13.224 13.494 13.596 20.597 20.703 12.216 11.225 12.466 10.184 12.296 8.783 10.399 10.339 15.027 13.201 15.727 7.578
3.056 3.276 4.178 0.26 2.93 2.787 3.074 3.348 5.12 3.662 3.449 3.185 3.12 2.713 2.353 4.142 4.963 4.332 4.145 3.352 5.427 3.914 3.039 3.129 4.898 5.298 4.483 5.099 6.465 8.965 9.416 11.729 10.031 10.466 9.7 10.979 11.252 15.339 17.681 14.107 12.497 11.63 10.753 11.579 11.67 13.116 10.433 9.204 12.359 12.715 12.876 19.232 20.897 13.596 12.476 13.642 11.295 13.064 9.496 10.617 10.274 13.936 12.319 14.292 7.383
3.547 3.835 5.108 0.265 3.238 3.142 3.649 4.179 7.158 4.887 4.513 4.033 3.853 3.231 2.706 5.212 6.626 5.72 5.408 4.185 7.204 4.907 3.625 3.656 6.121 6.81 5.644 6.516 8.56 12.447 12.702 15.514 12.055 11.836 10.218 11.211 11.146 15.7 18.386 14.072 12.134 11.041 10.009 10.854 11.024 12.767 9.944 8.629 12.137 12.791 13.213 21.443 23.539 14.171 12.5 13.463 10.739 12.615 8.873 10.132 9.995 14.861 13.606 16.869 8.176
3.895 4.248 5.516 0.33 3.924 3.749 4.185 4.623 7.331 5.156 4.88 4.503 4.402 3.799 3.283 5.909 7.078 6.107 5.869 4.744 7.929 5.59 4.316 4.484 7.18 7.749 6.485 7.46 9.592 13.446 13.758 16.698 13.385 13.397 11.87 13.065 12.997 17.568 19.946 15.529 13.717 12.8 11.875 12.912 13.093 14.885 11.814 10.509 14.448 14.969 15.225 23.094 24.525 15.19 13.706 14.805 12.025 13.894 10.018 11.368 11.17 15.634 14.065 16.745 8.579
3.873 4.18 5.327 0.34 3.97 3.835 4.292 4.716 7.137 5.01 4.693 4.322 4.235 3.705 3.263 5.788 6.887 5.992 5.741 4.663 7.485 5.303 4.134 4.312 6.777 7.301 6.217 7.151 9.075 12.332 12.484 14.941 12.423 12.887 11.995 13.702 14.139 19.251 21.734 16.905 14.808 13.729 12.731 13.808 14.035 15.924 12.825 11.541 15.718 16.19 16.349 24.046 25.337 16.228 14.968 16.441 13.667 15.91 11.633 13.155 12.782 17.171 14.797 16.725 8.575
3.111 3.392 4.392 0.267 3.159 3.021 3.362 3.692 5.768 4.058 3.846 3.564 3.499 3.035 2.635 4.715 5.601 4.809 4.607 3.733 6.214 4.41 3.424 3.568 5.694 6.127 5.125 5.876 7.52 10.482 10.74 13.06 10.568 10.646 9.497 10.486 10.453 14.069 15.893 12.392 10.976 10.279 9.572 10.422 10.573 11.994 9.533 8.494 11.651 12.064 12.265 18.491 19.612 12.235 11.092 12.016 9.796 11.306 8.166 9.247 9.069 12.6 11.3 13.384 6.902
4.003 4.336 5.524 0.355 4.169 4.021 4.486 4.905 7.354 5.116 4.785 4.409 4.329 3.799 3.361 5.965 7.038 6.05 5.75 4.655 7.467 5.289 4.148 4.359 6.881 7.397 6.266 7.175 9.038 12.153 12.178 14.487 11.953 12.326 11.393 12.949 13.296 18.05 20.31 15.83 13.993 13.12 12.302 13.472 13.783 15.686 12.639 11.406 15.581 16.074 16.285 23.982 25.128 15.987 14.744 16.215 13.518 15.798 11.616 13.231 12.96 17.544 15.287 17.432 9.018
3.085 3.424 4.675 0.209 3.096 2.96 3.55 4.076 7.035 4.38 4.055 3.624 3.512 2.959 2.514 5.311 6.594 5.425 5.086 3.868 7.083 4.536 3.354 3.492 6.268 6.833 5.493 6.451 8.53 12.208 11.737 14.02 10.347 10.212 8.771 9.858 9.822 14.201 16.151 11.766 10.15 9.322 8.534 9.497 9.708 11.383 8.602 7.493 10.996 11.375 11.601 18.977 19.466 10.934 9.803 10.828 8.553 10.437 7.156 8.511 8.433 12.973 11.357 14.068 6.34
4.186 4.662 6.192 0.307 4.878 4.438 5.111 5.72 9.121 5.886 5.521 5.074 5.032 4.391 3.89 7.749 9.179 7.566 7.138 5.638 9.891 6.601 5.102 5.509 9.422 9.964 8.112 9.469 12.127 16.395 15.586 18.07 13.645 13.553 11.935 13.401 13.41 18.596 20.599 15.305 13.42 12.572 11.733 13.03 13.266 15.208 11.716 10.397 14.794 15.063 15.146 23.119 23.152 13.513 12.319 13.625 11.038 13.293 9.419 11.122 11.018 16.096 14.09 16.82 8.046
3.778 4.059 5.195 0.321 3.62 3.44 3.795 4.14 6.389 4.583 4.332 4.007 3.927 3.408 2.946 5.191 6.227 5.432 5.204 4.209 6.863 4.952 3.84 3.95 6.197 6.708 5.665 6.447 8.197 11.438 12.042 15.021 12.756 13.204 12.111 13.581 13.789 18.7 21.5 17.131 15.19 14.152 13.09 14.102 14.211 15.976 12.687 11.172 15.012 15.458 15.672 23.509 25.596 16.585 15.154 16.499 13.589 15.663 11.344 12.67 12.27 16.741 14.918 17.481 9.065
3.163 3.381 4.292 0.268 3.034 2.891 3.195 3.483 5.306 3.768 3.531 3.246 3.17 2.754 2.394 4.224 5.068 4.434 4.246 3.432 5.525 3.953 3.06 3.151 4.926 5.321 4.512 5.147 6.526 9.001 9.368 11.571 9.875 10.357 9.687 11.089 11.492 15.822 18.316 14.582 12.884 11.964 11.05 11.906 12.018 13.544 10.807 9.576 12.9 13.268 13.417 19.985 21.628 14.075 12.982 14.285 11.898 13.86 10.128 11.386 11.044 14.95 13.088 15.013 7.691
