1.811 1.082 1.984 1.185 1.834 3.51 3.475 2.544 4.395 0.808 0.909 5.389 2.82 1.161 0.959 3.786 7.729 7.641 4.521 4.352 9.13 2.795 3.11 2.828 4.98 6.65 4.027 4.92 6.405 7.913 7.841 23.472 9.944 8.731 9.098 8.587 12.706 24.157 17.943 6.755 7.426 5.555 7.716 9.944 29.745 16.125 8.193 10.944 13.097 10.307 9.138 5.123 23.758 10.852 8.033 6.544 4.757 16.168 12.374 6.108 12.147 7.072 3.063 7.36 5.637
1.87 1.11 2.087 1.224 1.928 3.658 3.552 2.564 4.456 0.796 0.946 5.738 2.916 1.172 1.006 4.133 8.138 7.83 4.54 4.44 9.451 2.817 3.253 2.997 5.367 7.073 4.208 5.24 6.846 8.401 8.252 24.58 10.084 8.931 9.451 8.955 13.355 25.102 18.258 6.757 7.71 5.795 8.208 10.544 31.032 16.35 8.179 11.277 13.541 10.562 9.4 5.263 25.008 11.078 8.149 6.728 4.934 17.158 12.759 6.162 12.617 7.228 3.117 7.867 5.906
1.722 1.047 1.896 1.145 1.748 3.221 3.177 2.347 3.98 0.761 0.89 4.777 2.539 1.061 0.907 3.372 6.444 6.332 3.811 3.716 7.601 2.414 2.753 2.54 4.379 5.694 3.493 4.299 5.543 6.752 6.676 19.003 8.309 7.44 7.877 7.512 11.017 20.327 15.308 5.935 6.744 5.155 7.202 9.176 26.056 14.523 7.577 10.32 12.373 9.84 8.818 5.059 22.309 10.463 7.835 6.503 4.828 15.706 12.056 6.063 12.023 7.132 3.171 7.61 5.804
1.597 0.972 1.736 1.06 1.607 2.999 2.998 2.231 3.774 0.735 0.826 4.485 2.44 1.034 0.862 3.186 6.353 6.374 3.872 3.727 7.596 2.445 2.711 2.477 4.25 5.614 3.48 4.229 5.458 6.701 6.668 19.188 8.515 7.525 7.846 7.434 10.836 20.176 15.326 5.974 6.565 4.975 6.821 8.691 24.971 14.07 7.342 9.7 11.544 9.188 8.177 4.679 20.338 9.7 7.251 5.94 4.367 14.04 10.963 5.562 10.756 6.425 2.857 6.622 5.125
1.547 0.905 1.665 0.986 1.531 3.085 3.109 2.259 3.995 0.702 0.729 4.701 2.447 0.981 0.756 3.062 6.884 6.943 4.045 3.801 8.166 2.414 2.551 2.247 3.99 5.53 3.315 3.96 5.193 6.546 6.54 21.052 8.766 7.527 7.68 7.172 10.742 21.546 16.023 5.86 6.135 4.471 6.149 8.111 26.62 14.333 7.137 9.309 11.223 8.807 7.721 4.21 20.747 9.382 6.861 5.448 3.846 13.713 10.711 5.217 10.412 5.985 2.507 5.897 4.574
1.246 0.719 1.331 0.776 1.205 2.478 2.518 1.825 3.295 0.559 0.557 3.595 1.824 0.71 0.524 2.087 4.775 4.84 2.799 2.615 5.697 1.635 1.69 1.455 2.569 3.584 2.117 2.503 3.28 4.162 4.169 14.092 5.806 5.008 5.123 4.791 7.293 15.208 11.403 4.119 4.275 3.087 4.286 5.779 20.428 11.079 5.546 7.351 9.038 7.135 6.273 3.371 17.478 7.819 5.723 4.515 3.147 11.63 9.162 4.444 9.126 5.213 2.141 5.037 3.887
1.363 0.798 1.492 0.877 1.375 2.706 2.691 1.953 3.438 0.598 0.661 4.182 2.157 0.86 0.693 2.856 5.998 5.94 3.451 3.286 7.045 2.077 2.285 2.06 3.69 4.984 2.965 3.614 4.736 5.888 5.825 18.118 7.494 6.498 6.737 6.332 9.504 18.578 13.717 4.984 5.413 3.987 5.603 7.33 23.066 12.328 6.115 8.184 9.885 7.735 6.824 3.733 18.406 8.242 6.028 4.838 3.458 12.36 9.447 4.555 9.244 5.295 2.214 5.464 4.168
1.532 0.916 1.65 0.987 1.501 2.899 2.922 2.158 3.756 0.696 0.736 4.142 2.165 0.885 0.695 2.561 5.339 5.381 3.219 3.07 6.396 1.964 2.107 1.863 3.195 4.293 2.606 3.12 4.036 5.018 5.015 15.51 6.71 5.944 6.185 5.85 8.691 17.037 12.971 4.961 5.365 4.009 5.532 7.232 22.852 12.832 6.696 8.969 10.883 8.693 7.745 4.348 20.242 9.44 7.063 5.744 4.148 14.025 11.038 5.564 11.125 6.553 2.848 6.581 5.076
1.346 0.807 1.408 0.863 1.286 2.554 2.677 2.002 3.456 0.657 0.653 3.617 2.042 0.844 0.634 2.234 5.145 5.492 3.336 3.089 6.357 2.02 2.054 1.772 2.963 4.103 2.556 2.984 3.851 4.862 4.94 15.645 7.117 6.129 6.186 5.767 8.437 16.937 13.295 5.096 5.209 3.814 5.054 6.581 21.441 12.577 6.523 8.258 9.877 7.909 6.937 3.865 17.37 8.573 6.333 5.009 3.543 11.576 9.603 4.889 9.32 5.592 2.411 5.206 4.113
1.825 1.102 1.939 1.179 1.763 3.406 3.478 2.593 4.481 0.855 0.881 4.74 2.549 1.061 0.818 2.849 6.129 6.298 3.822 3.619 7.438 2.341 2.455 2.146 3.593 4.869 3.006 3.545 4.56 5.698 5.745 17.828 7.922 7.013 7.237 6.836 10.066 19.864 15.369 5.991 6.361 4.759 6.438 8.398 26.705 15.348 8.136 10.702 12.95 10.426 9.281 5.256 23.613 11.342 8.536 6.919 4.996 16.339 13.182 6.77 13.229 7.921 3.492 7.718 6.043
1.474 0.892 1.64 0.982 1.52 2.81 2.737 2 3.404 0.641 0.771 4.334 2.269 0.938 0.82 3.194 6.114 5.914 3.501 3.436 7.133 2.222 2.579 2.398 4.207 5.478 3.325 4.136 5.363 6.534 6.431 18.378 7.817 6.972 7.401 7.045 10.364 19.017 14.038 5.359 6.155 4.693 6.584 8.358 23.511 12.726 6.509 8.918 10.65 8.382 7.492 4.283 19.178 8.785 6.518 5.426 4.035 13.354 10.051 4.964 9.925 5.812 2.574 6.33 4.79
1.877 1.166 2.061 1.274 1.909 3.414 3.373 2.525 4.18 0.85 1.008 4.984 2.742 1.184 1.035 3.627 6.699 6.606 4.067 3.982 7.911 2.646 3.036 2.835 4.778 6.129 3.849 4.728 6.042 7.296 7.227 19.552 8.901 8.031 8.53 8.179 11.806 21.152 16.175 6.505 7.438 5.784 7.993 10.049 27.012 15.49 8.284 11.198 13.345 10.722 9.661 5.682 23.407 11.398 8.624 7.231 5.459 16.799 13.06 6.735 12.993 7.902 3.627 8.458 6.523
1.356 0.789 1.537 0.877 1.406 2.663 2.565 1.823 3.217 0.528 0.672 4.084 2.03 0.77 0.677 2.839 5.372 5.087 2.872 2.829 6.126 1.742 2.092 1.939 3.513 4.547 2.628 3.339 4.368 5.319 5.175 15.561 6.226 5.575 6.02 5.739 8.704 16.456 11.878 4.207 5.068 3.822 5.619 7.258 21.655 11.313 5.533 8.034 9.809 7.606 6.803 3.743 18.88 8.201 5.965 4.958 3.646 13.247 9.717 4.531 9.807 5.51 2.294 6.263 4.581
1.726 1.071 1.935 1.193 1.816 3.194 3.088 2.284 3.759 0.752 0.983 4.898 2.71 1.168 1.089 3.929 7.001 6.718 4.065 4.037 8.055 2.686 3.232 3.108 5.307 6.709 4.199 5.263 6.734 8.044 7.889 20.593 9.16 8.273 8.882 8.541 12.315 21.422 15.992 6.311 7.499 5.869 8.218 10.2 26.059 14.422 7.524 10.381 12.318 9.782 8.827 5.203 21.422 10.241 7.679 6.493 4.977 15.376 11.629 5.832 11.383 6.862 3.143 7.729 5.9
1.394 0.845 1.481 0.904 1.346 2.573 2.636 1.976 3.395 0.658 0.681 3.555 1.929 0.805 0.624 2.134 4.469 4.601 2.81 2.659 5.407 1.725 1.813 1.589 2.641 3.541 2.192 2.587 3.316 4.12 4.147 12.657 5.714 5.071 5.248 4.967 7.291 14.262 11.134 4.379 4.675 3.514 4.759 6.184 19.371 11.316 6.047 7.976 9.658 7.811 6.977 3.976 17.634 8.59 6.485 5.277 3.828 12.38 10.033 5.19 10.119 6.108 2.709 5.992 4.689
1.869 1.185 1.999 1.276 1.852 3.3 3.358 2.574 4.186 0.919 1.017 4.695 2.746 1.233 1.035 3.366 6.509 6.731 4.299 4.147 8.016 2.838 3.103 2.849 4.641 6.035 3.911 4.681 5.947 7.243 7.284 19.61 9.509 8.52 8.89 8.488 12.002 21.511 17.03 7.133 7.804 6.084 8.095 10.083 26.74 16.205 8.917 11.506 13.524 10.993 9.841 5.877 22.328 11.59 8.831 7.334 5.517 15.825 12.856 6.9 12.586 7.906 3.727 7.959 6.311
1.519 0.944 1.604 1.012 1.474 2.723 2.834 2.171 3.6 0.758 0.798 3.826 2.243 0.971 0.777 2.555 5.186 5.49 3.47 3.282 6.435 2.216 2.342 2.097 3.419 4.514 2.888 3.415 4.352 5.354 5.404 15.327 7.424 6.547 6.753 6.395 9.14 17.074 13.694 5.573 5.931 4.515 5.994 7.581 21.664 13.328 7.216 9.248 10.975 8.915 7.932 4.618 18.55 9.651 7.265 5.915 4.342 12.973 10.745 5.682 10.519 6.553 2.981 6.37 5.043
1.614 1.013 1.725 1.094 1.6 2.899 2.956 2.255 3.7 0.792 0.87 4.191 2.437 1.08 0.899 3.013 5.958 6.172 3.903 3.744 7.318 2.543 2.766 2.528 4.161 5.456 3.509 4.201 5.359 6.554 6.587 18.079 8.638 7.672 7.96 7.564 10.746 19.493 15.341 6.308 6.841 5.273 7.022 8.785 23.846 14.28 7.738 9.948 11.693 9.449 8.422 4.966 19.43 9.956 7.533 6.204 4.622 13.591 11.012 5.834 10.719 6.664 3.089 6.672 5.276
1.423 0.858 1.602 0.952 1.475 2.662 2.581 1.875 3.178 0.572 0.746 3.918 2.077 0.828 0.75 2.809 5.042 4.817 2.823 2.783 5.715 1.775 2.142 2.022 3.51 4.445 2.675 3.371 4.34 5.209 5.086 14.039 6.054 5.479 5.943 5.722 8.452 15.268 11.372 4.268 5.201 4.046 5.844 7.401 20.247 11.191 5.704 8.181 9.924 7.854 7.093 4.065 18.33 8.561 6.335 5.35 4.048 13.398 10.133 4.931 10.198 5.998 2.623 6.827 5.114
1.26 0.747 1.394 0.825 1.289 2.449 2.405 1.752 3.036 0.542 0.638 3.775 1.961 0.796 0.674 2.698 5.323 5.198 3.049 2.953 6.221 1.88 2.147 1.977 3.507 4.62 2.773 3.43 4.465 5.475 5.39 15.939 6.675 5.889 6.197 5.871 8.737 16.481 12.162 4.504 5.078 3.811 5.393 6.945 20.546 11.029 5.549 7.571 9.111 7.148 6.358 3.546 16.764 7.568 5.585 4.565 3.333 11.508 8.694 4.226 8.572 4.955 2.12 5.308 4.018
1.403 0.813 1.576 0.899 1.445 2.81 2.716 1.93 3.44 0.572 0.68 4.422 2.165 0.833 0.705 3.058 6.105 5.821 3.287 3.214 7.047 1.985 2.304 2.105 3.855 5.109 2.955 3.704 4.875 6.012 5.879 18.321 7.212 6.375 6.774 6.405 9.739 18.807 13.474 4.786 5.507 4.086 5.914 7.712 23.91 12.27 5.985 8.443 10.256 7.923 7.035 3.839 19.681 8.389 6.103 5.006 3.622 13.394 9.808 4.594 9.798 5.464 2.273 6.006 4.434
1.32 0.804 1.405 0.872 1.297 2.449 2.534 1.913 3.215 0.64 0.68 3.545 2.042 0.859 0.687 2.428 4.991 5.214 3.212 3.019 6.058 2.009 2.137 1.924 3.235 4.305 2.704 3.225 4.145 5.11 5.122 14.799 6.91 6 6.171 5.824 8.438 15.977 12.586 4.919 5.219 3.921 5.296 6.78 19.928 11.893 6.217 7.998 9.544 7.675 6.796 3.868 16.529 8.348 6.18 4.971 3.607 11.389 9.304 4.763 9.004 5.496 2.415 5.394 4.244
1.417 0.859 1.549 0.941 1.439 2.703 2.683 1.983 3.37 0.647 0.734 4.141 2.226 0.94 0.788 3.002 6.03 5.995 3.605 3.476 7.148 2.268 2.53 2.318 4.022 5.334 3.286 4.008 5.191 6.382 6.336 18.346 7.989 7.033 7.324 6.925 10.119 18.843 14.135 5.452 5.999 4.53 6.223 7.928 22.79 12.584 6.489 8.576 10.186 8.059 7.16 4.08 18.009 8.447 6.293 5.154 3.785 12.355 9.544 4.794 9.313 5.514 2.441 5.736 4.43
1.894 1.203 2.098 1.328 1.966 3.372 3.296 2.483 3.993 0.858 1.087 4.925 2.827 1.265 1.17 3.882 6.773 6.597 4.121 4.083 7.864 2.785 3.295 3.172 5.247 6.581 4.241 5.242 6.635 7.887 7.784 19.491 9.168 8.349 8.956 8.664 12.298 21.021 16.144 6.687 7.859 6.256 8.629 10.655 26.315 15.278 8.282 11.257 13.334 10.777 9.786 5.916 22.691 11.403 8.686 7.397 5.737 16.697 12.986 6.772 12.796 7.956 3.77 8.78 6.831
1.562 0.974 1.725 1.074 1.613 2.848 2.798 2.095 3.442 0.702 0.868 4.221 2.367 1.038 0.934 3.245 5.873 5.758 3.55 3.487 6.87 2.335 2.727 2.591 4.361 5.549 3.52 4.344 5.534 6.636 6.552 17.163 7.845 7.076 7.529 7.235 10.394 18.279 13.927 5.596 6.463 5.053 7.008 8.755 22.773 12.974 6.901 9.342 11.103 8.909 8.04 4.746 19.259 9.414 7.125 5.976 4.549 13.85 10.714 5.494 10.547 6.434 2.959 7.001 5.417
1.799 1.111 1.938 1.201 1.785 3.283 3.311 2.493 4.17 0.847 0.933 4.725 2.618 1.129 0.932 3.241 6.407 6.511 4.033 3.883 7.766 2.578 2.826 2.567 4.3 5.652 3.554 4.28 5.486 6.727 6.73 19.111 8.766 7.821 8.169 7.771 11.23 20.798 16.108 6.468 7.094 5.435 7.372 9.356 26.534 15.444 8.278 10.895 12.966 10.438 9.33 5.425 22.568 11.105 8.388 6.917 5.122 15.825 12.588 6.55 12.468 7.592 3.453 7.714 6.019
1.184 0.701 1.316 0.775 1.218 2.323 2.27 1.645 2.862 0.508 0.6 3.638 1.868 0.755 0.642 2.621 5.195 5.037 2.934 2.849 6.047 1.807 2.072 1.907 3.409 4.503 2.688 3.334 4.351 5.342 5.252 15.646 6.461 5.694 5.994 5.671 8.457 15.968 11.676 4.301 4.859 3.637 5.15 6.632 19.668 10.41 5.204 7.118 8.554 6.682 5.939 3.306 15.792 7.035 5.181 4.242 3.095 10.795 8.083 3.905 7.96 4.57 1.953 4.928 3.717
1.438 0.878 1.61 0.972 1.488 2.65 2.577 1.891 3.165 0.594 0.767 3.863 2.085 0.855 0.776 2.8 4.983 4.785 2.852 2.812 5.675 1.821 2.182 2.067 3.537 4.465 2.734 3.423 4.384 5.248 5.139 13.848 6.116 5.551 6.007 5.794 8.476 15.124 11.377 4.381 5.294 4.147 5.926 7.466 19.962 11.207 5.817 8.245 9.96 7.938 7.186 4.175 18.099 8.624 6.441 5.455 4.154 13.315 10.164 5.043 10.215 6.099 2.721 6.884 5.21
1.863 1.191 1.978 1.278 1.831 3.239 3.327 2.571 4.148 0.935 1.022 4.535 2.717 1.233 1.028 3.225 6.279 6.6 4.272 4.109 7.852 2.842 3.072 2.81 4.507 5.86 3.838 4.559 5.773 7.039 7.114 19.026 9.47 8.497 8.847 8.452 11.86 21.177 16.994 7.226 7.856 6.153 8.108 10.05 26.299 16.3 9.071 11.593 13.574 11.082 9.912 5.966 21.908 11.663 8.911 7.405 5.585 15.556 12.827 6.977 12.521 7.965 3.798 7.905 6.314
1.401 0.86 1.532 0.939 1.413 2.567 2.557 1.911 3.2 0.63 0.731 3.692 2.021 0.857 0.73 2.573 4.826 4.794 2.933 2.842 5.685 1.866 2.112 1.952 3.3 4.257 2.653 3.24 4.145 5.023 4.977 13.769 6.241 5.601 5.926 5.672 8.252 15.081 11.589 4.583 5.189 4.004 5.57 7.079 19.724 11.359 6.032 8.165 9.808 7.89 7.103 4.121 17.573 8.534 6.439 5.351 3.998 12.63 9.895 5.066 9.898 5.986 2.692 6.337 4.89
