2.648 4.684 8.866 5.887 7.278 10.287 9.27 10.49 10.904 5.554 5.54 8.8 9.051 4.792 4.367 13.189 12.974 14.273 12.859 7.476 21.614 5.91 3.658 5.519 14.418 8.629 5.559 5.926 9.312 8.205 11.25 13.406 9.571 10.47 9.093 8.096 8.968 13.85 11.444 9.141 7.248 6.919 9.197 9.685 9.925 13.271 6.875 8.561 10.462 11.079 14.792 12.466 20.464 7.562 10.771 11.607 14.605 12.94 12.331 11.601 9.291 8.461 10.562 8.839 6.459
2.874 5.179 9.938 6.672 8.393 11.909 10.636 12.124 12.13 5.983 6.027 9.644 9.916 5.301 4.929 15.211 15.219 16.447 14.013 8.014 22.656 6.012 3.819 5.917 15.879 9.79 6.36 6.853 10.938 9.655 12.73 14.53 10.539 11.631 9.93 8.81 9.816 15.235 12.604 10.181 8.123 7.794 10.338 10.708 10.91 14.789 7.784 9.812 11.899 12.312 16.22 13.507 22.388 8.062 11.563 12.457 15.672 13.88 13.424 12.908 10.23 9.188 11.447 9.593 7.091
2.806 5.009 9.657 6.599 8.1 11.089 9.651 10.695 10.342 5.336 5.525 9.105 9.857 5.44 5.021 15.281 14.564 14.231 12.176 7.446 22.052 6.848 4.402 6.767 18.09 10.592 6.464 6.668 10.191 8.505 10.763 13.152 10.69 11.401 9.435 8.5 9.714 15.492 13.066 10.298 7.899 7.351 9.578 10.031 10.644 15 7.755 9.224 10.603 10.856 14.905 13.227 22.315 7.876 11.241 12.421 16.282 15.061 14.701 13.622 10.073 8.86 11.272 9.915 7.456
3.119 5.622 10.675 6.98 8.808 12.657 11.346 13.082 13.775 6.752 6.754 10.692 10.684 5.543 5.11 15.576 15.365 17.744 15.6 8.879 24.948 6.18 3.846 5.897 15.473 9.294 6.25 6.876 11.117 10.249 14.375 16.275 11.164 12.381 10.76 9.493 10.463 15.961 12.828 10.391 8.424 8.228 11.121 11.659 11.692 15.373 7.948 10.247 12.87 13.663 17.929 14.566 23.629 8.616 12.387 13.23 16.35 14.063 13.191 12.671 10.603 9.762 12.139 9.991 7.28
3.337 6.138 12.096 8.285 10.582 15.112 13.309 14.753 13.854 6.688 6.823 11.099 11.714 6.419 6.094 19.362 19.348 19.379 15.454 8.63 24.243 6.644 4.322 6.838 18.854 11.861 7.661 8.364 13.419 11.495 14.739 16.781 12.665 13.835 11.41 10.064 11.305 17.973 15.09 12.114 9.525 9.03 11.876 12.315 12.888 18.21 9.674 12.05 14.157 14.27 18.871 15.904 26.28 9.022 12.91 13.887 17.677 16.04 15.8 15.001 11.385 10.03 12.566 10.779 8.22
2.453 4.221 8.025 5.646 7.592 11.821 10.855 11.789 10.525 4.823 4.59 7.066 7.417 4.291 4.111 13.502 16.135 17.4 12.439 6.335 16.77 4.903 3.086 4.635 12.706 9.883 7.064 7.176 10.652 8.93 11.596 13.299 9.867 10.394 8.395 7.25 8.064 13.108 12.325 10.135 7.563 6.744 8.498 8.879 9.758 14.543 8.095 9.654 10.908 10.824 14.611 12.514 20.452 7.16 9.624 9.847 12.61 12.672 12.981 12.301 9.143 7.737 9.337 7.965 6.091
3.155 5.66 11.007 7.589 9.707 14.106 12.756 14.189 13.272 6.293 6.261 9.982 10.434 5.74 5.428 17.561 18.799 19.624 15.587 8.483 23.374 6.411 4.132 6.461 18.164 12.174 8.042 8.699 13.815 11.61 14.501 16.296 12.175 13.263 11.026 9.684 10.817 17.19 14.846 12.199 9.612 9.006 11.653 11.884 12.306 17.494 9.5 11.792 13.84 13.804 17.991 15.109 25.406 8.916 12.6 13.483 17.164 15.811 16.032 15.636 11.988 10.454 12.896 10.893 8.173
2.692 4.701 8.84 5.892 7.262 10.277 9.409 10.86 11.105 5.661 5.612 8.831 9.032 4.762 4.294 12.967 13.099 14.549 13.309 7.753 22.064 6.065 3.701 5.499 14.192 8.59 5.515 5.88 9.38 8.389 11.273 13.573 9.926 10.737 9.184 8.164 9.02 13.935 11.569 9.27 7.34 6.977 9.205 9.629 9.897 13.421 7 8.674 10.54 11.131 15.003 12.687 21.112 7.642 10.842 11.693 14.717 13.042 12.495 11.808 9.291 8.407 10.523 8.864 6.452
2.836 5.029 9.703 6.684 8.679 13.57 12.431 13.566 12.19 5.613 5.468 8.562 8.865 4.974 4.819 15.827 17.967 19.522 14.279 7.347 19.631 5.495 3.538 5.504 15.267 10.733 7.94 8.443 12.69 10.249 13.177 15.265 11.24 12.005 9.756 8.439 9.425 15.094 13.82 11.556 8.815 7.963 10.052 10.298 11.097 16.414 9.207 11.168 12.778 12.466 16.624 14.282 23.249 8.073 11.151 11.587 14.479 14.177 14.728 14.082 10.492 8.985 10.918 9.201 6.996
3.05 5.576 10.885 7.483 9.543 13.612 12.377 14.063 13.136 6.243 6.3 10.107 10.427 5.671 5.392 17.186 18.149 18.922 15.221 8.334 22.673 5.95 3.891 6.192 17.297 11.243 7.377 8.113 13.244 11.445 14.07 15.503 11.678 12.818 10.661 9.391 10.497 16.443 13.924 11.475 9.203 8.78 11.453 11.562 11.763 16.453 9.046 11.431 13.574 13.567 17.491 14.546 24.469 8.527 12.211 13.08 16.423 14.68 14.832 14.699 11.328 9.923 12.261 10.281 7.701
2.194 3.641 7.653 5.833 7.71 11.562 10.022 10.69 9.59 4.284 3.948 6.435 7.595 4.213 3.777 14.187 15.502 15.026 11.098 5.66 16.775 4.645 2.676 3.824 13.861 10.029 6.311 6.322 10.375 8.857 11.23 12.63 9.093 9.65 7.891 6.851 7.767 13.546 11.659 9.23 6.874 6.197 8.3 9.04 9.761 14.459 7.424 8.787 10.39 10.57 14.126 11.558 19.649 6.499 8.537 9.393 12.978 12.173 12.21 11.597 8.576 7.243 9.132 7.953 5.914
2.745 4.729 9.027 6.315 8.172 12.306 11.413 12.522 11.509 5.356 5.136 7.983 8.402 4.722 4.427 14.5 16.839 18.21 13.894 7.299 19.933 5.793 3.628 5.462 15.244 10.999 7.591 7.928 12.051 10.04 12.733 14.732 11.043 11.805 9.677 8.376 9.288 14.998 13.714 11.355 8.669 7.818 9.892 10.189 10.857 15.875 8.794 10.524 12.024 11.895 15.782 13.633 22.915 8.14 11.11 11.636 14.874 14.486 15.025 14.555 10.99 9.415 11.483 9.79 7.38
2.524 4.352 8.138 5.473 6.791 9.744 9.035 10.608 10.846 5.371 5.235 8.133 8.26 4.351 3.908 11.923 12.677 14.618 12.995 7.5 20.935 5.582 3.386 5.003 13.093 8.284 5.378 5.715 9.148 8.291 10.955 12.711 9.367 10.329 8.817 7.719 8.443 13.036 11.005 8.979 7.151 6.767 8.84 9.106 9.223 12.579 6.794 8.485 10.317 10.747 14.242 12.016 20.217 7.524 10.476 11.115 13.864 12.314 11.95 11.597 9.232 8.192 10.032 8.332 6.04
2.505 4.395 8.51 5.842 7.436 10.846 9.827 10.978 10.384 4.951 4.867 7.719 8.098 4.422 4.107 13.362 14.469 15.331 12.464 6.841 19.227 5.392 3.391 5.172 14.539 9.778 6.369 6.776 10.712 9.011 11.334 12.992 9.685 10.545 8.774 7.706 8.578 13.728 11.908 9.732 7.593 7.06 9.116 9.337 9.692 13.819 7.407 9.112 10.681 10.705 14.104 11.91 20.279 7.16 10.072 10.809 13.867 12.88 13.025 12.678 9.678 8.43 10.427 8.813 6.554
2.552 4.355 9.066 6.647 8.9 13.236 11.677 12.341 10.938 4.918 4.637 7.572 8.535 4.854 4.502 16.105 17.796 17.52 12.407 6.249 17.743 5.026 3.02 4.54 15.014 11.202 7.283 7.387 11.724 9.952 12.635 14.19 10.285 10.84 8.822 7.703 8.745 14.808 13.157 10.457 7.79 7.06 9.371 10.12 11.06 16.323 8.654 10.314 11.942 12.046 15.974 13.223 21.745 7.25 9.71 10.365 13.989 13.402 13.444 12.639 9.298 7.88 9.856 8.589 6.516
2.994 5.435 10.572 7.374 10.025 14.62 12.791 13.581 12.126 5.669 5.675 9.103 9.673 5.676 5.545 17.578 19.254 18.9 13.637 7.179 19.646 5.695 3.74 5.916 16.548 12.356 8.244 8.648 13.144 11.026 14.031 15.557 11.378 12.147 9.979 8.84 10.031 16.179 14.466 11.61 8.887 8.217 10.681 11.196 12.128 17.337 9.414 11.479 13.145 13.177 17.36 14.433 23.472 7.956 11.135 11.847 15.533 14.966 14.997 14.191 10.647 9.248 11.441 9.868 7.655
2.529 4.508 9.117 6.429 8.427 12.289 10.789 11.592 10.497 4.871 4.793 7.823 8.504 4.774 4.529 15.408 16.235 16.095 12.031 6.336 17.93 5.027 3.189 4.983 15.179 10.53 6.923 7.303 11.536 9.609 12.07 13.526 9.898 10.635 8.769 7.728 8.763 14.369 12.478 10.063 7.731 7.161 9.422 9.885 10.53 15.203 8.064 9.854 11.458 11.435 15.006 12.459 20.64 7.005 9.795 10.546 13.851 13.027 13.158 12.578 9.432 8.166 10.209 8.782 6.666
2.784 4.985 9.723 6.739 8.647 12.566 11.274 12.36 11.408 5.394 5.358 8.571 9.054 5.035 4.778 15.571 16.708 17.127 13.404 7.232 20.113 5.664 3.661 5.73 16.319 11.103 7.362 7.902 12.407 10.329 12.862 14.523 10.812 11.721 9.724 8.553 9.595 15.38 13.396 10.975 8.584 7.989 10.326 10.585 11.058 15.804 8.54 10.492 12.2 12.11 15.807 13.301 22.328 7.797 11.009 11.817 15.197 14.221 14.521 14.156 10.782 9.4 11.648 9.924 7.497
2.586 4.48 9.084 6.501 8.512 12.45 10.813 11.706 10.678 4.925 4.745 7.71 8.586 4.764 4.399 15.453 16.257 16.179 12.428 6.617 19.423 5.424 3.333 5.009 16.123 11.175 7.225 7.484 11.982 10.024 12.672 14.231 10.399 11.234 9.268 8.138 9.207 15.426 13.254 10.684 8.168 7.502 9.9 10.438 11.065 16.004 8.3 10.055 11.733 11.781 15.604 12.886 21.939 7.467 10.298 11.21 15.085 14.168 14.391 13.89 10.497 9.088 11.437 9.861 7.411
2.621 4.531 8.915 6.688 9.01 13.2 11.705 12.26 10.846 4.97 4.764 7.569 8.496 5.009 4.713 15.726 17.866 17.269 12.178 6.238 17.186 5.124 3.174 4.744 14.262 11.543 7.391 7.435 11.5 9.985 12.599 14.038 10.223 10.724 8.771 7.713 8.717 14.561 13.169 10.385 7.76 7.06 9.251 10.033 11.001 16.025 8.623 10.225 11.739 11.977 15.799 13.114 21.135 7.194 9.643 10.236 13.892 13.404 13.331 12.514 9.276 7.896 9.776 8.61 6.616
3.229 5.757 11.133 7.672 10.015 15.473 14.017 15.245 13.696 6.337 6.215 9.788 10.182 5.744 5.58 18.216 20.478 21.879 15.919 8.265 22.263 6.261 4.062 6.346 17.632 12.476 9.065 9.571 14.423 11.731 15.082 17.28 12.71 13.586 11.069 9.632 10.797 17.293 15.76 13.058 9.964 9.057 11.506 11.842 12.769 18.793 10.403 12.652 14.477 14.195 18.934 16.116 26.204 9.09 12.616 13.163 16.604 16.238 16.714 15.947 11.912 10.244 12.501 10.578 8.075
2.709 4.626 9.07 6.993 9.086 13.296 11.786 12.489 11.328 5.184 4.934 7.801 8.998 5.131 4.692 15.84 18.115 17.668 13.158 6.845 19.288 5.877 3.493 5.056 15.708 12.433 7.637 7.731 12.233 10.667 13.262 14.971 10.908 11.536 9.547 8.342 9.391 15.806 14.059 11.075 8.344 7.604 9.984 10.802 11.57 16.741 8.869 10.443 12.205 12.473 16.448 13.702 22.67 7.887 10.419 11.331 15.488 14.703 14.71 14.066 10.531 8.987 11.214 9.847 7.388
3.114 5.511 11.372 8.461 10.969 16.079 13.546 14.519 13.075 5.987 5.809 9.603 11.116 6.098 5.669 20.084 20.66 19.674 14.749 7.816 22.71 6.362 3.927 5.938 19.945 13.576 8.77 9.053 14.805 12.378 15.525 17.224 12.355 13.36 11.061 9.745 11.141 18.885 15.684 12.611 9.636 8.916 11.993 12.869 13.654 19.754 9.987 12.255 14.611 14.659 19.268 15.561 25.492 8.733 11.98 13.433 18.059 16.603 16.663 15.871 11.881 10.273 13.041 11.343 8.52
2.513 4.293 8.271 6.419 8.331 12.03 10.821 11.394 10.36 4.772 4.566 7.142 8.193 4.743 4.339 13.931 16.753 16.152 12.038 6.275 16.841 5.474 3.267 4.726 13.954 11.591 7.034 7.139 11.138 9.828 12.129 13.636 10.037 10.571 8.778 7.684 8.62 14.213 13.011 10.17 7.681 7.015 9.139 9.896 10.6 15.034 8.207 9.6 11.134 11.425 14.888 12.601 19.928 7.343 9.615 10.369 14.083 13.58 13.517 12.936 9.707 8.302 10.321 9.092 6.844
2.365 4.251 8.687 6.158 8.063 11.618 9.935 10.627 9.62 4.486 4.461 7.372 8.145 4.554 4.322 14.835 15.049 14.427 10.843 5.818 16.844 4.685 3.003 4.709 14.774 9.972 6.461 6.825 10.922 9.069 11.369 12.612 9.143 9.895 8.206 7.286 8.32 13.732 11.636 9.311 7.194 6.731 8.962 9.444 10.007 14.335 7.429 9.149 10.723 10.724 14.035 11.484 19.088 6.382 9.058 9.932 13.195 12.245 12.287 11.741 8.843 7.722 9.76 8.432 6.408
2.51 4.393 8.409 5.795 7.52 11.264 10.128 11.096 10.126 4.767 4.653 7.311 7.68 4.335 4.125 13.247 14.886 15.903 12.08 6.439 17.36 5.213 3.343 5.141 14.146 10.167 7.029 7.247 10.969 9.152 11.682 13.279 9.933 10.655 8.768 7.668 8.58 13.754 12.512 10.3 7.843 7.172 9.145 9.444 10.071 14.55 7.915 9.554 10.916 10.762 14.34 12.204 19.916 7.282 10.1 10.638 13.622 13.383 13.733 13.24 10.078 8.731 10.752 9.203 7.003
2.604 4.679 10.132 6.965 9.329 13.673 11.504 12.316 11.057 5.028 4.947 8.428 9.311 5.082 4.8 17.944 17.526 16.604 12.319 6.5 19.674 5.104 3.177 5.046 17.425 11.156 7.177 7.66 12.603 10.267 13.054 14.479 10.341 11.253 9.244 8.18 9.422 15.918 13.222 10.503 8.068 7.538 10.222 10.787 11.512 16.813 8.475 10.582 12.454 12.389 16.379 13.199 22.252 7.173 10.264 11.218 15.028 13.807 13.824 13.134 9.766 8.488 10.862 9.287 6.997
2.473 4.285 8.675 7.051 8.953 13.336 11.366 11.958 10.688 4.778 4.524 7.332 8.97 4.934 4.501 15.718 17.821 16.424 11.982 6.174 17.652 5.207 3.049 4.399 15.128 11.618 7.108 7.114 11.704 10.202 12.606 14.119 10.037 10.643 8.823 7.683 8.777 15.248 12.902 10.198 7.617 6.953 9.408 10.413 11.135 16.299 8.239 9.798 11.858 12.062 15.867 12.824 20.595 7.114 9.298 10.596 14.537 13.459 13.373 12.637 9.348 7.925 10.064 8.94 6.631
2.273 3.733 7.188 5.782 7.711 11.31 10.338 10.771 9.642 4.366 4.016 6.196 7.253 4.315 3.879 12.841 15.857 15.549 11.185 5.656 15.432 4.951 2.845 3.942 11.981 10.858 6.492 6.346 9.852 8.941 11.139 12.584 9.208 9.541 7.817 6.79 7.566 12.929 11.991 9.287 6.859 6.117 7.954 8.818 9.685 14.143 7.683 8.819 10.106 10.562 13.987 11.763 18.654 6.719 8.53 8.954 12.56 12.208 12.102 11.444 8.469 7.093 8.691 7.74 5.845
2.779 4.93 9.759 7.457 9.502 13.845 11.971 12.73 11.548 5.297 5.178 8.353 9.659 5.363 4.994 16.669 18.446 17.491 13.162 6.979 19.939 5.845 3.598 5.392 16.834 12.533 7.812 8.044 12.889 11.058 13.67 15.328 11.07 11.855 9.87 8.669 9.861 16.516 14.179 11.288 8.592 7.949 10.576 11.36 12.011 17.288 8.908 10.731 12.761 12.883 16.884 13.848 22.791 7.802 10.687 11.925 16.058 14.968 15.003 14.358 10.788 9.305 11.751 10.298 7.714
