1.479 1.049 1.26 1.018 1.091 1.767 1.882 1.441 1.978 0.607 1.08 2.284 1.615 0.881 0.761 2.34 2.852 2.437 1.49 1.683 2.793 1.627 1.353 1.286 2.871 2.357 1.956 2.548 3.129 2.704 3.178 4.572 2.308 2.988 3.749 2.99 4.23 4.815 3.477 2.186 2.313 2.532 2.558 3.667 6.654 4.72 2.268 3.582 4.809 3.401 3.483 2.863 5.039 2.793 2.389 3.035 2.32 5.698 3.947 2.387 4.926 3.822 2.393 4.419 3.044
2.947 2.033 2.452 1.939 2.066 3.406 3.594 2.686 3.723 1.066 1.918 4.151 2.808 1.466 1.233 3.984 4.776 3.96 2.328 2.605 4.368 2.417 1.959 1.82 4.198 3.329 2.69 3.51 4.301 3.636 4.274 6.221 2.992 3.903 4.914 3.833 5.5 6.257 4.4 2.68 2.831 3.103 3.123 4.567 8.592 5.943 2.759 4.455 6.04 4.169 4.27 3.46 6.281 3.347 2.835 3.632 2.717 7.055 4.743 2.801 6.03 4.576 2.795 5.339 3.578
1.676 1.181 1.543 1.234 1.3 2.018 2.042 1.519 2.317 0.716 1.173 2.475 1.799 0.945 0.785 2.412 3.085 2.697 1.565 1.665 2.92 1.576 1.255 1.149 2.764 2.231 1.715 2.453 3.06 2.49 2.829 4.64 2.339 3.094 4.004 3.182 4.539 4.936 3.413 2.173 2.235 2.757 2.47 4.097 7.885 5.602 2.452 3.929 5.753 3.942 3.793 3.538 5.678 3.1 2.867 3.275 2.548 7.118 4.875 2.689 6.009 4.376 2.782 5.563 3.501
2.013 1.373 1.684 1.324 1.422 2.43 2.604 1.946 2.781 0.765 1.389 3.164 2.114 1.088 0.902 3.123 3.834 3.208 1.869 2.11 3.67 1.982 1.596 1.467 3.569 2.813 2.27 3.022 3.78 3.196 3.827 5.762 2.69 3.56 4.551 3.522 5.188 5.989 4.163 2.482 2.603 2.856 2.878 4.313 8.562 5.861 2.666 4.358 6.006 4.094 4.207 3.374 6.325 3.28 2.751 3.536 2.605 7.158 4.738 2.761 6.16 4.618 2.776 5.444 3.584
2.723 1.878 2.263 1.791 1.912 3.151 3.325 2.489 3.446 0.988 1.8 3.917 2.68 1.412 1.202 3.911 4.738 3.976 2.359 2.669 4.517 2.533 2.08 1.961 4.564 3.669 3.006 3.961 4.89 4.172 4.93 7.192 3.483 4.564 5.759 4.514 6.487 7.385 5.217 3.197 3.384 3.703 3.725 5.427 10.113 6.977 3.229 5.204 7.04 4.86 4.971 4.028 7.285 3.889 3.295 4.224 3.168 8.17 5.496 3.237 6.928 5.257 3.209 6.109 4.097
3.429 2.37 2.856 2.256 2.398 3.989 4.264 3.199 4.446 1.257 2.221 4.867 3.324 1.716 1.411 4.579 5.591 4.677 2.722 2.994 5.015 2.767 2.204 2.014 4.647 3.712 2.976 3.848 4.713 3.979 4.654 6.799 3.259 4.196 5.278 4.114 5.897 6.747 4.737 2.84 2.954 3.228 3.253 4.79 9.204 6.458 2.97 4.743 6.479 4.49 4.579 3.692 6.735 3.599 3.014 3.847 2.874 7.541 5.14 3.016 6.491 4.966 3.014 5.747 3.869
3.586 2.51 2.992 2.374 2.494 4.064 4.386 3.334 4.627 1.349 2.291 4.836 3.335 1.737 1.418 4.31 5.357 4.607 2.728 2.973 4.901 2.732 2.158 1.941 4.276 3.453 2.765 3.544 4.382 3.763 4.451 6.694 3.301 4.242 5.387 4.249 6.09 7.121 5.083 3.064 3.16 3.437 3.447 5.004 9.811 7.221 3.41 5.385 7.347 5.13 5.191 4.189 7.457 4.056 3.38 4.227 3.158 7.917 5.536 3.302 6.956 5.435 3.338 6.19 4.229
2.096 1.43 1.736 1.364 1.457 2.449 2.596 1.934 2.721 0.76 1.383 3.1 2.083 1.082 0.909 3.1 3.784 3.168 1.861 2.113 3.658 2.003 1.631 1.521 3.674 2.916 2.374 3.169 3.962 3.366 4.025 6.002 2.837 3.751 4.776 3.709 5.418 6.213 4.337 2.613 2.755 3.018 3.031 4.481 8.639 5.892 2.69 4.365 5.949 4.056 4.15 3.333 6.149 3.211 2.699 3.461 2.56 6.861 4.542 2.65 5.811 4.355 2.626 5.086 3.358
2.302 1.603 1.926 1.534 1.635 2.674 2.83 2.136 2.946 0.868 1.552 3.336 2.301 1.227 1.044 3.322 4.026 3.396 2.037 2.296 3.853 2.184 1.795 1.688 3.87 3.125 2.567 3.366 4.148 3.553 4.193 6.1 2.998 3.905 4.916 3.875 5.538 6.308 4.49 2.773 2.928 3.202 3.221 4.664 8.643 6.03 2.839 4.525 6.098 4.246 4.341 3.533 6.32 3.42 2.903 3.697 2.787 7.067 4.804 2.864 6.04 4.619 2.848 5.35 3.621
2.322 1.631 1.947 1.549 1.631 2.66 2.88 2.198 3.058 0.898 1.526 3.229 2.24 1.172 0.959 2.923 3.666 3.184 1.902 2.086 3.469 1.951 1.55 1.4 3.103 2.529 2.04 2.631 3.28 2.842 3.389 5.143 2.561 3.308 4.227 3.357 4.833 5.682 4.08 2.47 2.553 2.783 2.799 4.07 7.983 5.895 2.796 4.412 6.027 4.222 4.275 3.453 6.136 3.347 2.791 3.487 2.609 6.517 4.564 2.727 5.724 4.478 2.757 5.1 3.491
2.222 1.573 1.87 1.5 1.583 2.538 2.706 2.065 2.827 0.859 1.466 3.037 2.113 1.124 0.933 2.771 3.388 2.904 1.761 1.947 3.214 1.844 1.485 1.36 2.973 2.429 1.967 2.52 3.114 2.71 3.22 4.816 2.456 3.19 4.09 3.296 4.732 5.535 4.016 2.48 2.602 2.876 2.931 4.264 8.117 5.974 2.891 4.574 6.24 4.427 4.505 3.674 6.448 3.565 3.007 3.773 2.859 6.981 4.888 2.953 6.078 4.763 2.976 5.455 3.773
2.329 1.662 1.975 1.59 1.68 2.675 2.843 2.173 2.949 0.91 1.551 3.185 2.232 1.197 0.997 2.908 3.502 2.984 1.817 2.003 3.288 1.925 1.566 1.445 3.127 2.562 2.082 2.651 3.245 2.824 3.346 4.968 2.589 3.368 4.337 3.549 5.117 6.027 4.431 2.772 2.926 3.251 3.335 4.86 9.17 6.79 3.329 5.264 7.205 5.192 5.328 4.383 7.658 4.266 3.612 4.53 3.448 8.311 5.827 3.538 7.199 5.638 3.541 6.447 4.486
2.239 1.471 1.827 1.405 1.519 2.659 2.798 2.019 2.919 0.723 1.442 3.406 2.188 1.068 0.899 3.388 4.091 3.312 1.843 2.132 3.822 1.973 1.587 1.484 3.823 2.929 2.325 3.165 3.969 3.289 3.959 5.999 2.641 3.611 4.663 3.522 5.297 6.073 4.09 2.371 2.552 2.832 2.85 4.361 8.698 5.688 2.416 4.196 5.849 3.837 3.962 3.133 6.126 3 2.515 3.342 2.406 7.027 4.436 2.463 5.863 4.249 2.451 5.109 3.229
4.118 2.794 3.404 2.665 2.852 4.803 5.066 3.738 5.257 1.43 2.649 5.901 3.907 1.984 1.659 5.638 6.753 5.529 3.174 3.57 6.096 3.275 2.631 2.432 5.802 4.524 3.611 4.754 5.847 4.889 5.771 8.497 3.952 5.219 6.615 5.092 7.413 8.45 5.841 3.486 3.696 4.067 4.094 6.094 11.752 7.986 3.596 5.95 8.155 5.532 5.682 4.565 8.515 4.406 3.714 4.818 3.554 9.646 6.349 3.671 8.199 6.127 3.668 7.23 4.748
1.972 1.389 1.659 1.324 1.398 2.274 2.451 1.869 2.589 0.767 1.315 2.791 1.959 1.041 0.865 2.678 3.427 3.018 1.822 2.027 3.432 1.96 1.586 1.461 3.321 2.761 2.271 2.989 3.788 3.324 4.019 6.157 3.068 4.004 5.146 4.106 5.951 6.993 5.014 3.051 3.181 3.498 3.55 5.202 10.128 7.331 3.461 5.434 7.336 5.12 5.178 4.188 7.388 4.032 3.378 4.231 3.18 7.879 5.492 3.289 6.84 5.31 3.273 6.013 4.11
2.527 1.765 2.121 1.694 1.811 2.959 3.136 2.373 3.27 0.97 1.745 3.753 2.613 1.403 1.203 3.82 4.654 3.949 2.382 2.697 4.531 2.593 2.145 2.034 4.653 3.787 3.13 4.11 5.071 4.36 5.145 7.464 3.69 4.807 6.049 4.782 6.822 7.766 5.546 3.441 3.637 3.975 4.001 5.778 10.624 7.419 3.494 5.562 7.487 5.224 5.34 4.352 7.76 4.216 3.584 4.567 3.454 8.698 5.93 3.535 7.42 5.686 3.511 6.575 4.464
2.41 1.715 2.04 1.633 1.718 2.766 2.981 2.288 3.153 0.958 1.622 3.38 2.37 1.251 1.024 3.005 3.674 3.16 1.911 2.096 3.466 2.01 1.609 1.457 3.142 2.553 2.049 2.587 3.16 2.739 3.241 4.859 2.516 3.254 4.184 3.402 4.899 5.785 4.234 2.611 2.712 2.971 3.006 4.349 8.297 6.186 3.004 4.729 6.521 4.705 4.816 3.933 6.899 3.817 3.19 3.964 2.978 7.234 5.085 3.057 6.254 4.913 3.061 5.597 3.887
1.562 1.039 1.28 0.992 1.071 1.867 1.988 1.455 2.092 0.536 1.038 2.47 1.64 0.821 0.69 2.57 3.194 2.662 1.515 1.746 3.142 1.673 1.356 1.276 3.267 2.577 2.084 2.836 3.587 3.02 3.639 5.52 2.49 3.35 4.32 3.304 4.929 5.674 3.871 2.258 2.392 2.634 2.647 4.007 7.949 5.263 2.259 3.792 5.27 3.502 3.585 2.835 5.443 2.723 2.263 2.964 2.157 6.143 3.955 2.21 5.09 3.741 2.174 4.405 2.829
2.588 1.706 2.11 1.62 1.739 3.065 3.266 2.375 3.441 0.86 1.621 3.869 2.497 1.221 0.991 3.717 4.553 3.728 2.077 2.34 4.17 2.146 1.692 1.539 3.953 3.043 2.409 3.24 4.068 3.375 4.05 6.184 2.731 3.657 4.711 3.564 5.354 6.186 4.177 2.394 2.504 2.752 2.769 4.269 8.807 5.845 2.509 4.223 5.919 3.916 4.022 3.164 6.193 3.057 2.526 3.305 2.379 7.035 4.504 2.518 5.929 4.333 2.506 5.152 3.279
2.259 1.553 1.866 1.459 1.53 2.605 2.872 2.166 3.078 0.849 1.428 3.22 2.21 1.12 0.882 2.902 3.785 3.266 1.888 2.04 3.497 1.906 1.477 1.3 3.052 2.486 1.986 2.585 3.266 2.796 3.34 5.155 2.447 3.127 3.992 3.109 4.544 5.37 3.765 2.193 2.201 2.355 2.34 3.48 7.296 5.256 2.391 3.734 5.167 3.562 3.592 2.843 5.241 2.771 2.256 2.804 2.047 5.532 3.844 2.233 4.846 3.735 2.228 4.224 2.829
2.389 1.66 1.995 1.586 1.691 2.763 2.917 2.193 3.018 0.881 1.584 3.398 2.338 1.239 1.053 3.34 4.03 3.379 2.013 2.261 3.776 2.133 1.748 1.643 3.748 3.02 2.47 3.224 3.954 3.374 3.964 5.735 2.808 3.654 4.593 3.614 5.155 5.858 4.161 2.565 2.712 2.97 2.993 4.337 8.011 5.581 2.614 4.184 5.647 3.93 4.02 3.272 5.864 3.17 2.693 3.442 2.598 6.588 4.478 2.66 5.625 4.303 2.648 4.99 3.378
2.063 1.415 1.681 1.311 1.401 2.408 2.653 1.975 2.807 0.765 1.333 3.08 2.143 1.077 0.856 2.971 3.893 3.374 1.947 2.129 3.733 2.055 1.593 1.453 3.543 2.913 2.34 3.1 3.936 3.352 4.03 6.189 2.931 3.766 4.826 3.705 5.451 6.457 4.517 2.596 2.656 2.859 2.818 4.248 8.686 6.189 2.74 4.255 5.896 4.047 4.132 3.224 6.053 3.169 2.558 3.22 2.36 6.528 4.495 2.564 5.579 4.22 2.528 4.779 3.189
3.239 2.254 2.701 2.127 2.23 3.75 4.152 3.166 4.479 1.269 2.121 4.674 3.251 1.664 1.318 4.187 5.454 4.753 2.781 3.001 5.072 2.808 2.182 1.921 4.381 3.587 2.87 3.702 4.65 4.002 4.765 7.317 3.552 4.519 5.752 4.515 6.545 7.748 5.496 3.236 3.253 3.477 3.45 5.07 10.457 7.699 3.562 5.54 7.636 5.322 5.368 4.273 7.76 4.17 3.408 4.219 3.098 8.123 5.722 3.358 7.176 5.593 3.373 6.31 4.274
1.28 0.918 1.092 0.887 0.942 1.5 1.606 1.237 1.675 0.524 0.886 1.799 1.273 0.688 0.573 1.647 1.975 1.674 1.016 1.107 1.778 1.051 0.857 0.791 1.695 1.419 1.169 1.483 1.807 1.572 1.841 2.682 1.432 1.85 2.378 1.986 2.873 3.454 2.638 1.691 1.792 1.998 2.059 2.993 5.612 4.294 2.155 3.375 4.6 3.366 3.475 2.894 5.064 2.902 2.474 3.101 2.37 5.632 3.965 2.407 4.817 3.762 2.36 4.232 2.942
2.456 1.78 2.118 1.715 1.802 2.892 3.186 2.51 3.47 1.088 1.795 3.686 2.67 1.427 1.15 3.278 4.04 3.524 2.146 2.306 3.709 2.179 1.725 1.538 3.22 2.64 2.108 2.603 3.118 2.675 3.091 4.517 2.385 3.014 3.822 3.13 4.457 5.318 3.997 2.482 2.534 2.729 2.723 3.867 7.298 5.668 2.805 4.306 5.873 4.305 4.406 3.621 6.319 3.613 3.01 3.694 2.766 6.575 4.729 2.852 5.7 4.523 2.818 5.037 3.522
4.17 2.881 3.469 2.727 2.871 4.845 5.305 4 5.656 1.578 2.675 5.922 4.046 2.064 1.646 5.255 6.692 5.681 3.276 3.531 5.927 3.22 2.501 2.204 5.013 4.025 3.188 4.08 5.044 4.262 5.011 7.554 3.576 4.548 5.742 4.455 6.434 7.514 5.251 3.082 3.114 3.344 3.329 4.916 10.118 7.259 3.334 5.237 7.225 5.001 5.067 4.041 7.404 3.942 3.245 4.052 2.984 7.918 5.504 3.228 6.972 5.387 3.246 6.138 4.136
1.383 0.976 1.165 0.936 0.997 1.611 1.707 1.301 1.784 0.544 0.963 2.071 1.454 0.792 0.682 2.185 2.696 2.31 1.411 1.613 2.756 1.584 1.321 1.257 2.937 2.403 1.996 2.656 3.328 2.885 3.45 5.083 2.518 3.303 4.19 3.326 4.767 5.446 3.888 2.416 2.571 2.843 2.882 4.15 7.564 5.281 2.514 3.942 5.258 3.681 3.741 3.053 5.349 2.937 2.495 3.152 2.395 5.875 4.035 2.431 4.979 3.83 2.385 4.365 2.99
1.879 1.356 1.616 1.306 1.375 2.207 2.411 1.884 2.6 0.809 1.348 2.782 1.996 1.066 0.867 2.499 3.075 2.678 1.637 1.78 2.904 1.712 1.37 1.237 2.632 2.172 1.751 2.194 2.667 2.317 2.721 4.047 2.147 2.754 3.534 2.911 4.187 5.013 3.762 2.345 2.419 2.631 2.65 3.799 7.214 5.547 2.739 4.247 5.814 4.245 4.351 3.576 6.25 3.538 2.955 3.642 2.733 6.529 4.65 2.803 5.637 4.45 2.774 4.987 3.475
2.113 1.397 1.781 1.354 1.507 2.498 2.618 1.84 2.625 0.802 1.492 3.279 2.228 1.189 1.093 3.492 4.432 3.87 2.33 2.61 4.476 2.491 1.958 1.809 4.575 3.616 3.012 3.972 4.954 4.329 5.012 7.587 3.62 5.098 6.589 5.205 7.499 8.592 5.477 3.384 3.724 4.095 3.9 5.987 11.489 8.136 3.45 5.768 7.939 5.598 5.578 4.372 7.556 4.007 3.472 4.234 3.538 8.096 6.126 3.415 7.086 5.861 3.351 6.71 4.556
1.717 1.182 1.435 1.131 1.205 2.054 2.231 1.679 2.399 0.669 1.175 2.725 1.876 0.981 0.809 2.811 3.695 3.197 1.89 2.137 3.813 2.102 1.701 1.562 3.86 3.178 2.609 3.512 4.527 3.918 4.771 7.387 3.481 4.578 5.903 4.618 6.808 7.952 5.544 3.291 3.402 3.727 3.766 5.607 11.211 7.7 3.506 5.524 7.526 5.144 5.201 4.142 7.551 3.973 3.291 4.134 3.055 8.084 5.476 3.203 6.875 5.208 3.132 5.909 3.94
