5.543 8.29 9.969 6.291 11.072 11.16 13.24 9.955 11.17 4.788 8.967 15.278 13.156 6.689 4.533 20.274 18.757 16.288 15.931 13.199 24.257 10.666 12.087 14.414 18.624 15.94 13.174 13.197 20.949 23.849 21.632 36.774 18.511 21.424 21.689 18.033 25.116 36.501 29.848 17.661 17.326 13.363 22.395 27.591 29.738 25.972 14.085 15.191 28.905 21.056 20.698 18.499 28.619 18.786 20.696 19.885 15.21 26.597 14.728 15.633 17.315 13.982 13.203 14.085 8.271
7.202 10.651 13.036 8.206 14.597 15.022 17.797 13.1 14.334 6.014 11.071 20.182 17.774 8.791 5.675 27.099 26.379 22.546 21.466 17.38 32.003 13.846 15.368 18.671 25.283 21.94 17.758 17.541 28.841 33.836 30.388 50.959 25.185 28.001 28.178 23.492 33.048 48.892 39.605 22.687 21.698 16.678 28.666 36.856 40.062 34.168 18.02 18.809 35.922 26.697 25.727 22.808 35.177 23.207 25.185 24.374 18.569 32.36 18.289 19.09 21.154 17.062 16.045 17.288 10.233
5.761 8.507 10.257 6.527 11.38 11.536 13.599 10.267 11.436 4.942 9.162 15.762 13.753 7.032 4.696 21.079 19.858 17.275 16.795 13.904 25.262 11.325 12.731 15.241 19.803 17.06 14.065 14.03 22.293 25.484 23.13 38.609 19.74 22.511 22.753 18.97 26.27 37.96 31.213 18.538 18.027 13.908 23.179 28.629 30.713 26.69 14.516 15.426 28.877 21.306 20.809 18.585 28.359 18.891 20.669 19.879 15.266 26.287 14.851 15.613 17.231 13.983 13.204 14.115 8.354
5.082 7.41 8.973 5.605 9.847 10.232 12.555 9.466 10.484 4.331 7.63 13.46 11.998 5.956 3.764 16.879 16.931 15.157 14.878 12.115 22.539 9.684 10.459 12.184 16.134 14.066 11.364 11.004 17.731 21.16 19.551 34.728 17.514 19.835 19.769 16.264 22.636 34.273 28.751 16.742 15.806 11.811 19.594 25.208 28.518 25.499 13.673 14.252 27.236 20.394 19.941 17.648 27.541 18.23 19.837 19.15 14.505 25.333 14.3 14.951 16.481 13.149 12.103 12.667 7.331
5.143 7.549 9.163 5.69 10.084 10.436 12.778 9.577 10.637 4.368 7.781 13.846 12.223 6.019 3.802 17.481 17.272 15.318 15.031 12.234 22.967 9.748 10.603 12.426 16.518 14.31 11.529 11.187 18.17 21.592 19.813 35.274 17.582 20.012 20.001 16.458 23.05 34.918 29.059 16.841 15.976 11.948 20.025 25.771 29.004 25.793 13.762 14.399 27.795 20.695 20.242 17.922 28.13 18.514 20.202 19.518 14.759 25.958 14.545 15.237 16.83 13.411 12.362 12.973 7.479
6.601 9.98 12.122 7.548 13.574 13.738 16.246 12.033 13.378 5.603 10.693 18.875 16.18 7.982 5.274 25.778 23.685 20.173 19.499 15.969 29.778 12.77 14.438 17.545 23.237 19.835 16.135 16.166 26.526 30.423 27.25 46.348 22.902 26.024 26.365 21.887 30.834 45.105 36.443 21.038 20.503 15.812 27.225 34.007 36.524 31.423 16.709 17.853 34.371 25.045 24.271 21.607 33.473 21.901 23.939 23.09 17.557 30.831 17.146 18.028 20.036 16.12 15.221 16.393 9.594
5.4 7.789 9.297 5.871 10.049 10.446 12.877 9.919 10.985 4.629 7.967 13.39 12.08 6.135 3.921 16.115 16.346 15.022 14.881 12.204 22.193 9.83 10.507 11.979 15.446 13.593 11.077 10.682 16.679 19.854 18.709 33.302 17.407 19.791 19.716 16.247 22.331 33.73 29.12 17.318 16.382 12.273 19.847 25.24 29.047 26.679 14.653 15.387 28.865 21.929 21.648 19.307 29.842 20.118 21.918 21.222 16.229 27.898 16.069 16.858 18.568 14.888 13.674 14.164 8.263
6.041 8.77 10.527 6.688 11.486 11.831 14.275 10.928 12.116 5.187 9.148 15.573 13.796 7.025 4.562 19.429 19.073 17.028 16.768 13.868 25.138 11.261 12.238 14.268 18.5 16.114 13.161 12.869 20.289 23.738 21.95 37.819 19.846 22.519 22.643 18.829 25.895 38.211 32.348 19.317 18.481 14.083 23.073 29.008 32.291 29.023 16.002 16.889 31.648 23.881 23.394 20.888 32.034 21.551 23.447 22.685 17.389 29.77 17.115 17.927 19.765 15.93 14.77 15.483 9.119
6.527 9.465 11.282 7.076 12.12 12.642 15.719 12.239 13.589 5.679 9.73 16.136 14.526 7.459 4.773 19.604 19.619 18.571 18.653 15.245 27.568 12.183 12.986 14.715 18.704 16.463 13.529 13.105 20.398 24.139 23.051 41.779 21.981 24.959 24.722 20.165 27.529 41.607 36.457 21.71 20.465 15.199 24.281 30.525 35.504 33.229 18.261 19.125 35.618 26.797 26.513 23.677 36.503 24.534 26.737 25.801 19.634 33.756 19.373 20.321 22.373 17.859 16.337 16.854 9.768
6.773 10.098 12.101 7.728 13.432 13.489 15.856 11.966 13.422 5.886 10.998 18.434 15.87 8.21 5.703 24.408 22.585 19.567 19.104 15.916 28.802 12.915 14.747 17.595 22.544 19.332 16.136 16.269 25.487 28.793 26.118 43.591 22.147 25.723 26.111 21.835 30.238 43.365 35.416 21.181 20.966 16.371 27.203 33.223 35.496 30.917 16.954 18.435 34.603 25.262 24.875 22.307 34.138 22.531 24.834 23.841 18.367 31.763 17.702 18.86 20.879 16.982 16.14 17.257 10.279
6.595 10.129 12.26 7.579 13.721 13.74 16.261 12.023 13.559 5.643 11.056 19.16 16.24 8.014 5.421 26.074 23.694 20.152 19.557 16.071 30.18 12.839 14.781 17.879 23.303 19.722 16.194 16.333 26.466 30.008 26.893 46.135 22.446 26.182 26.574 21.962 31.064 45.382 36.442 21.063 20.84 16.041 27.67 34.115 36.423 31.323 16.551 18.091 35.349 25.214 24.711 22.01 34.57 22.234 24.63 23.618 17.91 32.067 17.275 18.456 20.579 16.514 15.668 16.875 9.733
5.783 8.564 10.484 6.554 11.73 12.079 14.435 10.639 11.714 4.84 8.949 16.346 14.445 7.118 4.542 21.998 21.468 18.543 17.738 14.33 26.658 11.427 12.656 15.289 20.613 17.864 14.441 14.209 23.323 27.41 24.747 42.155 20.703 23.13 23.186 19.187 27.01 40.286 32.751 18.726 17.828 13.523 23.162 29.737 32.509 27.862 14.572 15.152 29.17 21.488 20.801 18.395 28.689 18.77 20.481 19.752 14.955 26.427 14.701 15.368 17.018 13.65 12.799 13.755 8.023
6.416 9.687 11.932 7.341 13.448 13.745 16.361 11.88 13.127 5.349 10.134 18.885 16.273 7.831 5.004 25.792 24.337 20.531 19.638 15.847 30.109 12.509 14.038 17.201 23.456 20.045 16.079 15.923 26.756 31.257 27.789 47.714 22.887 25.696 25.928 21.452 30.613 45.711 36.473 20.506 19.735 15.038 26.44 34.012 36.804 31.161 16.107 16.915 33.348 24.233 23.345 20.648 32.557 20.981 22.946 22.19 16.704 29.958 16.406 17.204 19.168 15.301 14.393 15.58 9.018
6.378 9.648 11.604 7.324 12.953 12.958 15.234 11.385 12.816 5.518 10.566 17.918 15.291 7.786 5.39 24.155 22.057 18.938 18.442 15.293 28.078 12.318 14.192 17.057 21.98 18.726 15.572 15.748 24.99 28.185 25.406 42.758 21.244 24.794 25.173 20.954 29.282 42.171 34.048 20.091 19.957 15.523 26.208 32.03 34.061 29.404 15.873 17.35 33.058 23.808 23.419 20.95 32.354 21.081 23.317 22.341 17.115 30.019 16.442 17.579 19.517 15.813 15.068 16.195 9.541
6.22 9.23 11.242 6.92 12.427 12.794 15.61 11.6 12.926 5.263 9.53 17.167 14.956 7.278 4.601 21.936 21.278 18.591 18.231 14.83 28.154 11.756 12.917 15.274 20.419 17.542 14.087 13.727 22.564 26.657 24.226 43.211 21.213 24.276 24.343 20.024 28.273 42.802 35.225 20.238 19.346 14.488 24.636 31.701 35.399 31.218 16.528 17.392 33.998 25.083 24.505 21.702 34.291 22.376 24.49 23.679 17.854 31.697 17.578 18.462 20.454 16.261 15.027 15.842 9.086
6.246 9.165 11.16 6.97 12.359 12.817 15.58 11.613 12.799 5.286 9.439 16.962 15.051 7.432 4.717 21.851 21.755 19.155 18.611 15.088 28.062 11.984 13.054 15.43 20.699 18.021 14.554 14.182 23.149 27.563 25.197 44.082 21.909 24.649 24.584 20.275 28.37 42.737 35.314 20.354 19.258 14.487 24.393 31.524 35.26 30.984 16.454 17.126 32.785 24.44 23.742 20.972 32.634 21.507 23.347 22.54 17.073 29.85 16.817 17.569 19.397 15.51 14.363 15.182 8.84
6.222 9.15 11.253 6.997 12.579 13.103 15.876 11.62 12.712 5.179 9.329 17.404 15.518 7.552 4.739 22.844 23.106 20.025 19.13 15.322 28.715 12.077 13.183 15.796 21.671 18.902 15.175 14.759 24.459 29.371 26.591 46.1 22.346 24.842 24.728 20.405 28.837 43.841 35.64 20.146 18.938 14.221 24.398 32.133 35.829 30.813 15.992 16.461 31.884 23.681 22.887 20.117 31.586 20.589 22.358 21.601 16.287 28.887 16.079 16.785 18.569 14.821 13.767 14.697 8.538
5.752 9.023 10.965 6.657 12.328 12.281 14.566 10.634 12.069 4.874 9.888 17.338 14.539 7.004 4.72 23.872 21.451 18.067 17.481 14.265 27.319 11.262 13.134 15.993 20.949 17.567 14.353 14.518 23.853 26.993 24.023 41.784 19.741 23.287 23.647 19.41 27.818 40.953 32.495 18.428 18.36 14.04 24.76 30.582 32.56 27.769 14.34 15.87 31.752 22.272 21.85 19.398 30.953 19.542 21.803 20.861 15.685 28.735 15.076 16.241 18.201 14.506 13.79 14.924 8.441
6.442 9.986 12.133 7.321 13.527 13.602 16.387 12.041 13.642 5.44 10.719 18.933 16.007 7.65 4.997 25.31 23.097 19.699 19.21 15.654 30.204 12.392 14.133 16.994 22.333 18.798 15.202 15.155 24.938 28.58 25.634 45.529 21.789 25.537 25.854 21.16 30.285 45.36 36.618 20.795 20.412 15.389 26.962 33.737 36.711 31.894 16.537 18.041 36.368 25.822 25.387 22.53 36.338 23.068 25.692 24.711 18.505 34.05 17.996 19.267 21.572 17.064 15.998 17.111 9.569
6.289 9.629 11.891 7.221 13.491 13.666 16.322 11.782 13.193 5.242 10.32 19.334 16.547 7.879 4.98 27.16 24.979 21.126 20.208 16.237 31.544 12.831 14.588 17.917 24.27 20.517 16.437 16.302 27.496 31.853 28.272 49.352 23.033 26.223 26.421 21.639 31.167 46.866 37.027 20.661 19.92 14.949 26.578 33.886 36.413 30.593 15.482 16.298 32.9 23.343 22.695 20.038 32.239 20.404 22.618 21.713 16.212 29.909 15.821 16.687 18.621 14.801 13.997 15.237 8.609
6.051 8.844 10.743 6.792 11.914 12.345 14.846 11.104 12.162 5.11 9.136 16.249 14.528 7.287 4.684 21.242 21.193 18.639 17.974 14.587 26.588 11.63 12.689 15.077 20.16 17.673 14.38 14.097 22.807 27.008 24.708 42.128 21.233 23.645 23.585 19.544 27.177 40.435 33.473 19.43 18.412 13.99 23.454 30.124 33.444 29.249 15.635 16.257 30.609 22.9 22.189 19.645 30.188 20.06 21.727 20.981 15.993 27.658 15.757 16.449 18.155 14.612 13.616 14.473 8.544
6.65 9.633 11.48 7.223 12.465 13.045 16.274 12.545 13.819 5.745 9.842 16.489 15.122 7.727 4.925 20.369 20.918 19.743 19.532 15.843 28.641 12.607 13.423 15.218 19.617 17.475 14.36 13.882 21.713 26.036 24.887 44.72 23.141 26.063 25.648 20.913 28.657 43.521 37.787 22.25 20.828 15.415 24.714 31.492 36.879 34.055 18.488 19.22 35.58 26.857 26.491 23.489 36.061 24.204 26.245 25.243 19.193 32.96 18.915 19.81 21.752 17.352 15.887 16.422 9.541
6.31 9.583 11.684 7.152 13.095 13.293 16.003 11.78 13.182 5.345 10.182 18.326 15.711 7.613 4.897 24.853 22.967 19.742 19.216 15.632 29.85 12.393 13.919 16.777 22.374 19.043 15.367 15.235 25.261 29.288 26.332 46.296 22.377 25.603 25.774 21.169 30.073 44.941 36.283 20.683 19.98 15.073 26.13 33.039 36.042 31.175 16.294 17.301 34.115 24.56 23.913 21.171 33.56 21.568 23.726 22.836 17.162 30.919 16.754 17.676 19.664 15.631 14.635 15.675 8.948
5.03 7.276 8.762 5.426 9.508 9.962 12.483 9.462 10.517 4.25 7.37 12.864 11.688 5.727 3.542 15.36 16 14.594 14.369 11.629 21.874 9.298 9.914 11.277 14.814 12.98 10.405 9.903 15.727 19.066 17.886 32.747 16.488 18.814 18.653 15.24 21.238 33.05 28.289 16.416 15.344 11.244 18.427 23.999 28.031 25.583 13.625 14.148 27.307 20.729 20.525 18.164 28.872 19.169 21.01 20.322 15.335 27.163 15.269 16.015 17.649 14.003 12.768 13.198 7.49
5.291 7.521 8.924 5.692 9.596 9.885 12.088 9.581 10.858 4.726 8.105 13.296 11.506 5.793 3.706 14.736 14.944 13.656 13.892 12.077 22.245 10.095 10.639 11.948 14.928 12.796 10.284 9.865 15.201 18.062 17.128 30.333 17.47 20.26 20.523 16.968 22.743 32.987 28.588 17.613 16.939 12.859 20.507 25.2 27.817 25.672 14.753 15.848 30.106 22.921 22.271 19.706 30.344 20.588 22.365 21.6 16.495 28.153 16.105 16.834 18.52 14.843 13.598 13.987 8.096
4.812 7.162 8.729 5.267 9.603 9.892 12.326 9.147 10.308 4.056 7.341 13.352 11.607 5.544 3.4 16.736 16.166 14.335 14.191 11.48 22.441 9.083 9.893 11.545 15.389 13.13 10.437 10.035 16.544 19.673 17.992 33.445 16.137 18.669 18.656 15.17 21.6 33.561 27.778 15.871 15.044 10.993 18.739 24.301 27.668 24.743 12.927 13.541 27.3 19.923 19.703 17.418 28.413 18.245 20.231 19.556 14.584 26.783 14.423 15.236 16.929 13.296 12.174 12.724 7.063
5.292 8.434 10.282 6.184 11.644 11.522 13.595 9.819 11.183 4.465 9.334 16.515 13.695 6.515 4.408 23.301 20.552 17.082 16.44 13.363 25.883 10.486 12.4 15.26 20.079 16.709 13.631 13.876 23.069 25.954 22.895 39.847 18.401 21.821 22.197 18.173 26.279 38.64 30.197 16.928 16.997 13.015 23.341 28.735 30.253 25.45 12.963 14.464 29.289 20.235 19.826 17.581 28.215 17.608 19.725 18.831 14.117 26.169 13.512 14.619 16.438 13.091 12.529 13.674 7.684
5.213 8.241 10.064 6.03 11.35 11.324 13.487 9.775 11.085 4.395 9.008 16.087 13.432 6.339 4.19 22.398 20.035 16.745 16.145 13.086 25.45 10.297 11.962 14.65 19.388 16.198 13.101 13.22 22.095 25.117 22.25 39.159 18.285 21.445 21.767 17.796 25.697 38.199 30.19 16.893 16.739 12.719 22.742 28.285 30.186 25.652 13.087 14.406 29.277 20.421 19.941 17.652 28.459 17.841 19.884 19.052 14.232 26.388 13.744 14.747 16.564 13.119 12.433 13.483 7.54
6.191 9.519 11.552 6.948 12.806 12.931 15.726 11.604 13.147 5.208 10.071 17.833 15.144 7.218 4.629 23.347 21.445 18.459 18.104 14.745 28.575 11.683 13.161 15.678 20.607 17.369 13.968 13.791 22.663 26.137 23.554 42.392 20.415 23.894 24.142 19.722 28.209 42.686 34.813 19.83 19.32 14.438 25.167 31.714 34.97 30.743 15.999 17.327 35.084 25.089 24.763 21.999 35.742 22.78 25.405 24.52 18.345 33.884 17.982 19.222 21.52 16.971 15.799 16.78 9.323
7.067 10.447 12.779 7.897 14.228 14.734 17.981 13.32 14.743 5.966 10.848 19.811 17.542 8.565 5.364 26.136 25.743 22.666 21.988 17.73 33.478 14.069 15.361 18.245 24.546 21.264 17.107 16.671 27.45 32.644 29.788 52.633 25.771 28.938 28.792 23.569 33.165 50.336 41.364 23.588 22.222 16.528 28.091 36.308 40.551 35.433 18.489 19.124 37.19 27.324 26.557 23.381 36.927 23.997 26.203 25.219 18.935 33.832 18.633 19.478 21.54 17.114 15.858 16.84 9.643
