0.537 0.733 1.13 0.899 0.944 1.022 1.557 1.148 1.75 1.264 1.034 2.487 1.554 1.088 1.373 1.35 2.699 2.573 2.263 1.679 3.714 2.33 2.44 2.213 3.578 3.96 2.136 2.178 2.808 6.972 4.715 17.213 9.55 5.184 7.314 8.656 10.694 16.045 13.28 7.033 5.94 4.077 6.826 8.131 13.518 12.642 5.872 7.925 2.497 12.309 9.096 7.421 21.108 11.547 8.556 8.841 6.274 12.373 9.895 6.318 7.25 9.947 7.516 6.207 5.398
0.479 0.631 0.995 0.819 0.864 0.941 1.475 1.106 1.699 1.237 0.997 2.461 1.571 1.089 1.314 1.289 2.688 2.699 2.414 1.762 3.849 2.466 2.524 2.246 3.622 4.166 2.261 2.143 2.665 7.087 5.058 20.095 11.152 6.055 7.971 9.412 11.805 18.224 15.172 7.997 6.351 4.153 6.513 7.99 13.969 13.496 6.321 7.93 2.544 11.196 8.907 7.358 21.602 11.986 8.798 8.734 6.071 11.655 9.569 6.105 6.669 9.074 6.955 5.652 4.776
0.492 0.667 1.049 0.852 0.903 0.983 1.513 1.121 1.73 1.267 1.051 2.627 1.667 1.184 1.505 1.512 3.153 3.079 2.732 2.017 4.478 2.832 2.958 2.676 4.348 4.878 2.636 2.612 3.341 8.596 5.894 22.06 11.942 6.418 8.748 10.283 12.678 18.986 15.496 8.131 6.666 4.482 7.319 8.82 14.848 13.844 6.403 8.292 2.634 12.329 9.312 7.62 21.712 11.739 8.586 8.649 6.05 11.731 9.375 5.937 6.609 8.991 6.813 5.586 4.799
0.467 0.635 0.964 0.775 0.814 0.878 1.306 0.976 1.471 1.093 0.918 2.153 1.394 1.008 1.302 1.315 2.566 2.457 2.173 1.645 3.554 2.301 2.431 2.242 3.563 3.911 2.174 2.276 2.947 6.906 4.734 15.924 8.958 4.945 6.955 8.168 9.944 14.506 11.978 6.433 5.518 3.896 6.5 7.643 12.21 11.28 5.315 7.167 2.331 11.083 8.238 6.713 17.928 9.945 7.394 7.619 5.483 10.515 8.4 5.396 6.183 8.374 6.371 5.3 4.66
0.589 0.794 1.188 0.965 1.014 1.092 1.588 1.203 1.786 1.357 1.166 2.66 1.772 1.315 1.719 1.763 3.37 3.236 2.878 2.219 4.677 3.1 3.292 3.075 4.812 5.25 2.999 3.184 4.116 9.25 6.413 20.156 11.574 6.485 9.071 10.587 12.717 18.08 14.941 8.196 7.145 5.179 8.521 9.901 15.319 14.041 6.779 9.085 3.102 13.931 10.408 8.487 21.461 12.142 9.068 9.343 6.832 12.712 10.175 6.615 7.551 10.081 7.736 6.493 5.768
0.441 0.614 0.968 0.769 0.815 0.886 1.353 0.987 1.539 1.122 0.942 2.387 1.492 1.064 1.41 1.43 2.97 2.82 2.466 1.824 4.163 2.582 2.736 2.496 4.101 4.508 2.391 2.478 3.25 8.19 5.4 19.709 10.409 5.471 7.809 9.198 11.252 16.627 13.339 6.862 5.805 3.98 6.831 8.111 13.361 12.118 5.43 7.374 2.245 11.668 8.409 6.76 19.256 10.107 7.333 7.528 5.273 10.528 8.204 5.106 5.849 8.053 6.003 4.938 4.296
0.364 0.5 0.774 0.618 0.651 0.705 1.073 0.792 1.214 0.884 0.732 1.784 1.125 0.796 1.023 1.022 2.065 1.976 1.739 1.292 2.876 1.813 1.908 1.737 2.816 3.114 1.68 1.724 2.237 5.539 3.739 13.513 7.407 3.995 5.628 6.642 8.172 12.176 9.988 5.245 4.417 3.033 5.109 6.079 10.035 9.299 4.275 5.756 1.796 8.948 6.597 5.357 15.107 8.186 6.023 6.185 4.371 8.61 6.84 4.331 4.951 6.788 5.114 4.214 3.662
0.558 0.72 1.085 0.904 0.95 1.03 1.56 1.199 1.778 1.323 1.078 2.45 1.619 1.149 1.358 1.323 2.579 2.605 2.367 1.782 3.669 2.44 2.503 2.256 3.513 4.019 2.293 2.208 2.704 6.616 4.889 17.854 10.561 6.052 7.903 9.265 11.489 17.345 14.835 8.243 6.726 4.58 6.925 8.307 13.911 13.63 6.795 8.501 2.977 11.66 9.452 7.941 21.541 12.66 9.583 9.606 6.904 12.567 10.522 6.98 7.639 10.125 7.922 6.557 5.636
0.414 0.54 0.822 0.681 0.717 0.778 1.181 0.902 1.349 1.003 0.82 1.901 1.249 0.886 1.066 1.048 2.073 2.077 1.876 1.406 2.946 1.941 2 1.806 2.839 3.23 1.821 1.768 2.193 5.414 3.932 14.336 8.373 4.73 6.223 7.293 9.027 13.598 11.544 6.333 5.16 3.498 5.393 6.472 10.833 10.508 5.154 6.492 2.218 9.096 7.242 6.045 16.554 9.593 7.196 7.21 5.146 9.503 7.877 5.168 5.675 7.57 5.882 4.854 4.169
0.499 0.693 1.08 0.862 0.912 0.988 1.487 1.094 1.69 1.248 1.06 2.628 1.669 1.207 1.61 1.645 3.349 3.176 2.782 2.079 4.674 2.942 3.127 2.876 4.673 5.107 2.752 2.894 3.798 9.258 6.143 21.467 11.475 6.1 8.72 10.237 12.434 18.122 14.566 7.577 6.489 4.528 7.751 9.126 14.721 13.294 6.024 8.212 2.55 13.003 9.388 7.548 20.816 11.051 8.056 8.289 5.866 11.548 9.009 5.642 6.48 8.868 6.642 5.496 4.818
0.414 0.56 0.862 0.701 0.739 0.799 1.198 0.899 1.364 1.018 0.857 2.049 1.334 0.966 1.244 1.262 2.518 2.44 2.166 1.628 3.53 2.286 2.406 2.207 3.522 3.897 2.16 2.214 2.854 6.865 4.738 16.338 9.111 4.998 6.878 8.054 9.822 14.397 11.85 6.333 5.316 3.688 6.069 7.193 11.644 10.794 5.08 6.68 2.173 10.099 7.589 6.205 16.742 9.265 6.84 6.943 4.947 9.433 7.551 4.831 5.439 7.354 5.609 4.644 4.047
0.496 0.653 1.029 0.848 0.895 0.976 1.527 1.147 1.76 1.284 1.037 2.56 1.64 1.14 1.377 1.355 2.825 2.842 2.543 1.858 4.053 2.603 2.664 2.373 3.824 4.398 2.39 2.268 2.822 7.48 5.347 21.127 11.753 6.381 8.38 9.883 12.38 19.072 15.879 8.372 6.644 4.349 6.812 8.35 14.563 14.066 6.594 8.257 2.654 11.635 9.263 7.65 22.357 12.433 9.118 9.038 6.283 12.028 9.878 6.301 6.874 9.339 7.162 5.821 4.921
0.468 0.622 0.965 0.794 0.838 0.911 1.39 1.049 1.593 1.181 0.976 2.356 1.533 1.092 1.359 1.359 2.766 2.741 2.453 1.824 3.936 2.552 2.649 2.398 3.833 4.326 2.39 2.351 2.972 7.46 5.269 19.251 10.848 5.958 7.945 9.309 11.479 17.19 14.297 7.647 6.226 4.2 6.685 8.041 13.45 12.768 6.063 7.718 2.532 11.156 8.654 7.137 19.821 11.114 8.198 8.2 5.784 10.932 8.893 5.713 6.302 8.49 6.516 5.353 4.596
0.369 0.491 0.77 0.625 0.656 0.712 1.109 0.826 1.268 0.917 0.737 1.799 1.134 0.782 0.95 0.927 1.898 1.864 1.652 1.206 2.655 1.682 1.73 1.543 2.496 2.832 1.525 1.477 1.864 4.871 3.404 13.282 7.399 4.016 5.413 6.412 8.036 12.386 10.347 5.45 4.396 2.904 4.682 5.704 9.867 9.476 4.414 5.683 1.793 8.349 6.475 5.327 15.664 8.673 6.387 6.427 4.489 8.774 7.156 4.56 5.073 6.969 5.317 4.336 3.692
0.404 0.568 0.915 0.722 0.768 0.836 1.304 0.938 1.491 1.071 0.891 2.356 1.438 1.009 1.341 1.356 2.914 2.759 2.395 1.738 4.092 2.478 2.617 2.364 3.957 4.371 2.252 2.299 3.032 8.026 5.203 20.168 10.28 5.266 7.546 8.929 11.014 16.546 13.107 6.565 5.465 3.657 6.378 7.668 12.979 11.725 5.092 6.921 2.013 11.055 7.913 6.322 18.897 9.622 6.892 7.046 4.847 9.96 7.693 4.699 5.374 7.506 5.539 4.514 3.888
0.422 0.574 0.87 0.691 0.723 0.779 1.17 0.867 1.303 0.947 0.777 1.815 1.147 0.807 1.018 1.001 1.945 1.845 1.621 1.214 2.634 1.673 1.754 1.601 2.555 2.809 1.537 1.592 2.053 4.905 3.337 11.609 6.585 3.618 5.129 6.064 7.449 11.043 9.204 4.94 4.239 2.97 4.977 5.88 9.572 8.948 4.214 5.74 1.846 8.975 6.646 5.422 14.944 8.324 6.212 6.466 4.651 9.071 7.289 4.699 5.434 7.42 5.637 4.689 4.119
0.388 0.543 0.857 0.674 0.712 0.774 1.192 0.863 1.351 0.971 0.806 2.049 1.261 0.887 1.17 1.174 2.442 2.305 2.008 1.476 3.413 2.092 2.215 2.013 3.33 3.661 1.916 1.991 2.621 6.673 4.362 16.295 8.59 4.486 6.488 7.68 9.45 14.117 11.347 5.785 4.903 3.344 5.816 6.918 11.512 10.474 4.636 6.396 1.898 10.274 7.351 5.884 17.15 8.944 6.484 6.705 4.678 9.509 7.398 4.581 5.302 7.358 5.449 4.467 3.88
0.508 0.664 1.001 0.821 0.857 0.924 1.389 1.06 1.572 1.165 0.946 2.138 1.399 0.984 1.179 1.147 2.199 2.161 1.931 1.445 3.006 1.978 2.034 1.838 2.871 3.227 1.819 1.795 2.245 5.392 3.883 13.693 8.144 4.617 6.157 7.239 8.961 13.481 11.557 6.371 5.252 3.6 5.663 6.772 11.215 10.887 5.35 6.861 2.329 9.919 7.822 6.519 17.732 10.399 7.837 7.936 5.71 10.669 8.867 5.836 6.506 8.759 6.823 5.658 4.898
0.442 0.607 0.95 0.765 0.81 0.879 1.331 0.984 1.518 1.122 0.947 2.351 1.499 1.08 1.417 1.442 2.959 2.84 2.501 1.862 4.152 2.627 2.775 2.538 4.115 4.541 2.458 2.526 3.284 8.136 5.479 19.507 10.49 5.616 7.846 9.203 11.229 16.499 13.348 6.983 5.868 4.037 6.778 8.051 13.163 12.03 5.512 7.33 2.307 11.305 8.314 6.743 18.716 10.031 7.326 7.456 5.256 10.248 8.076 5.086 5.754 7.848 5.917 4.883 4.248
0.407 0.564 0.905 0.724 0.768 0.835 1.296 0.944 1.489 1.081 0.9 2.343 1.457 1.027 1.348 1.366 2.91 2.789 2.434 1.771 4.088 2.523 2.649 2.393 3.963 4.403 2.304 2.325 3.042 7.973 5.281 20.161 10.458 5.429 7.603 8.973 11.071 16.62 13.284 6.728 5.535 3.698 6.327 7.634 12.898 11.769 5.195 6.908 2.057 10.768 7.891 6.347 18.64 9.684 6.959 7.04 4.859 9.8 7.665 4.719 5.329 7.397 5.517 4.498 3.866
0.545 0.725 1.083 0.885 0.928 1.001 1.471 1.119 1.653 1.244 1.046 2.365 1.565 1.143 1.441 1.448 2.768 2.686 2.406 1.844 3.847 2.547 2.68 2.477 3.867 4.27 2.444 2.52 3.21 7.372 5.198 16.988 9.937 5.654 7.745 9.055 10.991 15.93 13.395 7.44 6.358 4.523 7.258 8.512 13.484 12.661 6.234 8.178 2.831 12.183 9.272 7.67 19.803 11.413 8.609 8.82 6.432 11.888 9.673 6.371 7.191 9.574 7.404 6.2 5.457
0.519 0.68 1.015 0.849 0.891 0.958 1.389 1.08 1.585 1.231 1.058 2.358 1.629 1.219 1.546 1.59 3.015 2.979 2.685 2.073 4.217 2.891 3.033 2.821 4.332 4.798 2.818 2.894 3.67 8.198 5.947 18.493 11.016 6.309 8.368 9.692 11.667 16.657 14.031 7.846 6.61 4.718 7.419 8.703 13.534 12.71 6.336 8.059 2.869 11.614 9.116 7.565 18.67 11 8.251 8.277 6.051 10.844 8.897 5.868 6.486 8.55 6.7 5.616 4.939
0.575 0.764 1.127 0.923 0.966 1.037 1.492 1.144 1.675 1.283 1.102 2.431 1.645 1.23 1.581 1.617 3.012 2.911 2.606 2.028 4.159 2.814 2.98 2.791 4.298 4.699 2.748 2.907 3.723 8.142 5.769 17.586 10.363 5.961 8.228 9.581 11.501 16.292 13.645 7.651 6.674 4.878 7.875 9.141 14.012 12.981 6.436 8.527 3.014 12.822 9.769 8.052 19.829 11.496 8.699 8.946 6.612 12.055 9.776 6.461 7.34 9.721 7.545 6.364 5.665
0.565 0.747 1.11 0.904 0.943 1.013 1.492 1.135 1.668 1.244 1.031 2.291 1.506 1.083 1.335 1.318 2.48 2.399 2.141 1.631 3.371 2.229 2.327 2.137 3.318 3.67 2.098 2.146 2.718 6.234 4.425 14.571 8.645 4.95 6.763 7.932 9.69 14.192 12.07 6.734 5.737 4.066 6.513 7.672 12.259 11.653 5.77 7.577 2.621 11.282 8.676 7.208 18.793 10.965 8.321 8.551 6.25 11.609 9.54 6.32 7.157 9.576 7.441 6.236 5.486
0.447 0.587 0.876 0.726 0.764 0.826 1.218 0.937 1.381 1.046 0.878 1.979 1.328 0.971 1.204 1.208 2.323 2.297 2.079 1.594 3.28 2.197 2.297 2.114 3.283 3.667 2.119 2.136 2.685 6.229 4.492 14.906 8.835 5.078 6.77 7.884 9.588 13.964 11.833 6.627 5.559 3.909 6.091 7.175 11.46 10.909 5.456 6.963 2.463 9.969 7.776 6.486 16.677 9.772 7.389 7.471 5.434 9.838 8.096 5.37 5.951 7.847 6.118 5.111 4.466
0.37 0.506 0.775 0.625 0.659 0.712 1.058 0.79 1.2 0.897 0.763 1.82 1.182 0.863 1.134 1.157 2.292 2.193 1.938 1.467 3.196 2.062 2.187 2.021 3.226 3.533 1.957 2.054 2.669 6.297 4.283 14.392 7.954 4.349 6.116 7.159 8.673 12.557 10.25 5.468 4.688 3.309 5.536 6.497 10.34 9.447 4.416 5.936 1.924 9.192 6.776 5.504 14.657 8.026 5.926 6.08 4.358 8.352 6.613 4.219 4.814 6.513 4.941 4.11 3.613
0.382 0.527 0.834 0.663 0.701 0.762 1.18 0.861 1.344 0.969 0.797 2.019 1.251 0.876 1.131 1.129 2.357 2.256 1.977 1.448 3.308 2.047 2.149 1.941 3.197 3.554 1.874 1.897 2.468 6.384 4.255 16.188 8.614 4.546 6.405 7.579 9.38 14.151 11.476 5.897 4.894 3.289 5.589 6.717 11.343 10.474 4.701 6.307 1.904 9.833 7.21 5.827 17.075 9.024 6.561 6.701 4.662 9.367 7.384 4.604 5.241 7.252 5.418 4.427 3.812
0.444 0.594 0.905 0.745 0.789 0.853 1.262 0.957 1.436 1.088 0.929 2.185 1.451 1.07 1.377 1.409 2.787 2.723 2.438 1.856 3.929 2.587 2.726 2.517 3.967 4.391 2.488 2.544 3.251 7.657 5.364 17.838 10.095 5.632 7.63 8.873 10.726 15.472 12.773 6.972 5.875 4.127 6.627 7.807 12.429 11.523 5.573 7.198 2.455 10.61 8.055 6.64 17.266 9.729 7.236 7.312 5.264 9.732 7.835 5.087 5.664 7.536 5.805 4.842 4.24
0.503 0.643 0.947 0.801 0.836 0.898 1.296 1.024 1.48 1.158 0.983 2.115 1.495 1.11 1.368 1.393 2.579 2.589 2.35 1.823 3.607 2.532 2.629 2.442 3.694 4.127 2.47 2.501 3.132 6.88 5.152 15.739 9.907 5.763 7.473 8.658 10.456 15.01 12.965 7.385 6.154 4.386 6.712 7.888 12.261 11.796 6.039 7.539 2.769 10.533 8.55 7.141 17.308 10.668 8.047 8.029 5.912 10.359 8.69 5.814 6.366 8.327 6.611 5.54 4.858
0.508 0.68 1.015 0.833 0.877 0.944 1.364 1.042 1.54 1.182 1.023 2.316 1.563 1.173 1.528 1.576 3.002 2.902 2.594 2.011 4.18 2.801 2.974 2.783 4.324 4.725 2.735 2.887 3.711 8.27 5.797 17.936 10.362 5.872 8.095 9.408 11.261 15.907 13.174 7.312 6.346 4.61 7.463 8.664 13.323 12.234 6 7.909 2.77 11.908 8.978 7.371 18.304 10.459 7.843 8.026 5.89 10.767 8.657 5.671 6.407 8.488 6.56 5.522 4.905
