4.7 4.663 7.738 5.395 5.807 8.066 7.94 8.586 9.638 5.084 5.328 7.081 6.689 4.979 4.685 10.06 13.268 11.97 9.591 7.141 14.016 6.702 4.648 6.628 15.831 11.788 10.129 9.141 12.946 14.729 15.157 17.296 13.31 12.863 11.297 10.921 13.699 19.393 19.267 13.443 10.757 9.45 12.463 14.489 14.367 21.514 14.538 14.404 15.046 15.763 19.281 16.35 26.581 11.693 13.24 13.583 17.47 16.329 13.875 15.266 13.535 9.697 13.387 11.227 7.012
4.162 4.18 7.063 4.879 5.224 7.3 7.098 7.593 8.503 4.436 4.711 6.371 6.031 4.433 4.185 9.117 11.672 10.154 8.163 6.123 12.271 5.713 3.984 5.794 14.254 9.857 8.527 7.803 11.211 12.613 12.774 14.559 11.131 10.844 9.606 9.345 11.807 16.605 16.075 11.198 9.056 8.087 10.838 12.597 12.297 18.369 12.17 12.194 12.922 13.579 16.61 13.968 22.892 9.802 11.409 11.989 15.448 14.267 12.124 13.467 11.975 8.594 12.053 10.134 6.296
4.265 4.425 7.335 4.975 5.286 7.136 6.611 7.144 7.957 4.353 4.849 6.542 5.995 4.356 4.101 8.405 9.869 8.831 7.422 5.821 11.659 5.564 4.087 6.207 13.809 9.44 8.278 7.726 11.011 12.226 12.59 14.886 11.771 11.692 10.584 10.332 12.569 16.727 16.384 11.925 10.105 9.18 12.458 13.996 13.311 18.767 12.652 13.054 14.033 14.498 17.324 14.669 23.783 10.836 12.84 13.661 16.964 15.262 12.747 13.944 12.615 9.317 12.798 10.354 6.37
4.644 4.824 8.621 5.543 6.056 8.692 8.14 8.723 9.804 4.978 5.521 7.81 7.128 5.158 5.005 11.654 13.66 11.609 9.376 7.131 15.22 6.508 4.599 7.323 18.339 11.295 9.865 9.316 13.82 15.009 15.044 17.278 13 12.901 11.484 11.272 14.431 19.988 18.813 12.935 10.67 9.72 13.401 15.128 14.383 21.728 13.834 14.12 15.109 15.78 19.321 15.906 26.672 10.935 13.199 13.946 17.881 16.092 13.596 15.322 13.437 9.574 14.019 11.4 6.957
3.653 3.609 6.19 4.271 4.569 6.476 6.341 6.825 7.689 3.945 4.126 5.61 5.351 3.902 3.643 8.203 10.786 9.423 7.545 5.576 11.384 5.209 3.553 5.109 13.318 9.148 7.923 7.18 10.426 11.838 12.042 13.803 10.474 10.157 8.922 8.631 10.973 15.702 15.209 10.524 8.388 7.371 9.905 11.641 11.394 17.289 11.302 11.268 11.883 12.477 15.357 12.834 21.372 8.937 10.278 10.747 13.964 12.869 10.878 12.055 10.642 7.531 10.57 8.855 5.41
4.029 3.97 7.034 4.738 5.064 7.307 7.061 7.598 8.573 4.298 4.494 6.25 5.933 4.247 3.938 9.237 11.857 10.135 8.181 6.026 12.706 5.519 3.734 5.443 15.098 9.563 8.451 7.684 11.362 12.754 12.878 14.831 11.133 10.906 9.56 9.247 11.87 17.04 16.119 11.165 8.939 7.841 10.7 12.617 12.226 18.838 11.946 12.131 12.901 13.582 16.841 13.903 23.799 9.542 11.281 11.951 15.656 14.243 12.078 13.542 11.909 8.385 11.994 9.978 6.002
4.056 4.142 7.127 4.822 5.186 7.293 6.956 7.406 8.257 4.296 4.65 6.426 6.028 4.409 4.211 9.282 11.285 9.595 7.836 5.965 12.084 5.448 3.887 5.835 14.448 9.217 8.208 7.627 11.055 12.171 12.188 13.872 10.559 10.468 9.338 9.152 11.603 16.039 15.108 10.612 8.775 7.957 10.793 12.411 11.929 17.691 11.458 11.739 12.517 13.111 15.932 13.248 21.704 9.113 11.006 11.71 14.959 13.601 11.621 13.004 11.531 8.338 11.831 9.898 6.177
3.752 3.707 6.74 4.366 4.716 6.916 6.633 7.215 8.233 4.08 4.3 6.08 5.619 3.994 3.744 9.184 11.561 10.18 8.148 5.954 12.914 5.479 3.616 5.534 15.177 9.757 8.454 7.746 11.576 12.92 13.199 15.383 11.508 11.183 9.721 9.352 12.031 17.319 16.779 11.443 9.042 7.878 10.795 12.468 12.05 18.852 12.07 12.087 12.781 13.363 16.642 13.776 23.801 9.652 11.128 11.529 14.999 13.677 11.488 12.854 11.189 7.751 11.241 9.133 5.388
4.476 4.578 7.495 5.138 5.482 7.575 7.32 7.844 8.823 4.852 5.216 6.961 6.386 4.769 4.627 9.508 11.475 10.652 8.911 6.847 12.844 6.235 4.499 6.667 14.492 10.207 9.328 8.802 12.083 13.093 13.497 15.48 12.112 11.865 10.613 10.297 12.697 17.116 17.042 12.405 10.257 9.284 12.084 13.468 13.174 19.284 13.494 13.577 14.307 14.72 17.569 14.966 23.534 10.776 12.459 12.948 15.893 14.717 12.759 14.12 12.557 9.211 12.702 10.585 6.76
4.204 4.224 6.837 4.708 5.034 7.017 6.822 7.42 8.392 4.61 4.864 6.406 5.86 4.397 4.253 8.711 10.774 10.564 8.725 6.594 12.166 6.012 4.273 6.228 13.422 10.032 9.263 8.512 11.49 12.647 13.306 15.245 11.938 11.606 10.268 9.844 12.11 16.402 16.867 12.293 9.963 8.842 11.308 12.677 12.615 18.645 13.185 13.137 13.659 13.957 16.786 14.415 22.598 10.406 11.831 12.088 14.68 13.873 12.039 13.211 11.685 8.507 11.596 9.641 6.121
4.252 4.421 8.088 5.025 5.581 8.145 7.484 8.036 9.021 4.547 5.068 7.253 6.557 4.718 4.556 11.16 12.807 10.405 8.526 6.604 14.551 5.873 4.171 6.613 17.941 10.211 8.99 8.592 13.033 13.907 13.71 15.717 11.841 11.98 10.681 10.529 13.575 18.756 17.008 11.802 9.967 9.065 12.617 14.217 13.384 20.481 12.568 13.13 14.068 14.627 17.845 14.423 24.277 9.958 12.245 12.898 16.548 14.57 12.357 14.083 12.265 8.775 13.028 10.402 6.35
4.053 4.064 7.719 4.753 5.222 7.825 7.309 7.95 9.063 4.335 4.649 6.731 6.119 4.283 4.012 10.453 12.64 10.622 8.481 6.225 14.344 5.571 3.701 5.815 17.215 9.947 8.699 8.041 12.394 13.578 13.655 15.944 11.673 11.552 10.05 9.743 12.769 18.492 17.224 11.569 9.301 8.167 11.52 13.31 12.714 20.414 12.369 12.71 13.615 14.295 17.996 14.533 26.155 9.897 11.98 12.576 16.694 14.889 12.492 14.294 12.356 8.525 12.872 10.209 5.962
4.95 5.065 8.565 5.79 6.226 8.655 8.233 8.779 9.783 5.204 5.632 7.688 7.125 5.265 5.048 10.844 12.972 11.275 9.213 7.071 14.083 6.499 4.649 6.964 16.411 10.825 9.523 8.9 12.736 13.934 14.044 15.982 12.299 12.145 10.857 10.635 13.357 18.271 17.491 12.376 10.258 9.341 12.528 14.219 13.723 20.259 13.469 13.709 14.612 15.299 18.561 15.62 25.377 11.137 13.151 13.897 17.631 16.171 13.885 15.525 13.835 10.103 14.257 11.91 7.542
4.592 4.449 7.154 4.982 5.435 7.539 7.496 8.336 9.388 5.047 5.147 6.653 6.124 4.668 4.386 9.116 12.471 12.38 9.874 7.156 13.468 6.686 4.611 6.416 14.129 12.011 10.523 9.097 12.482 14.391 15.425 17.632 13.713 13.092 11.218 10.705 13.241 18.889 19.831 14.033 10.935 9.287 11.841 13.691 14.054 21.269 14.939 14.676 14.814 15.459 19.014 16.465 26.536 12.203 13.409 13.012 16.645 16.067 13.792 14.876 13.122 9.414 12.644 10.539 6.639
3.73 3.703 7.021 4.387 4.82 7.202 6.691 7.26 8.204 3.997 4.243 6.176 5.709 4.019 3.724 9.647 11.517 9.406 7.789 5.824 13.153 5.081 3.446 5.26 16.219 8.925 8.081 7.508 11.524 12.454 12.371 14.334 10.656 10.722 9.389 9.135 11.921 16.976 15.272 10.644 8.748 7.666 10.759 12.51 11.874 18.757 11.172 11.771 12.566 13.127 16.28 13.028 22.622 8.962 10.879 11.502 15.107 13.242 11.271 12.891 11.129 7.811 11.621 9.274 5.506
4.708 4.637 8.535 5.459 5.92 8.723 8.252 8.96 10.168 4.988 5.228 7.413 6.865 4.854 4.483 11.174 13.812 11.728 9.478 6.974 15.423 6.254 4.166 6.223 18.251 10.844 9.604 8.798 13.287 14.651 14.781 17.178 12.753 12.586 10.959 10.585 13.719 19.783 18.503 12.714 10.221 8.911 12.337 14.395 13.87 21.995 13.592 13.971 14.916 15.698 19.685 16.075 28.513 11.165 13.316 14.006 18.539 16.682 14.152 16.103 14.036 9.814 14.447 11.682 6.945
3.875 4.055 7.216 4.565 5.013 7.179 6.627 7.071 7.907 4.053 4.534 6.385 5.763 4.169 4.044 9.426 10.784 8.888 7.236 5.624 12.04 5.059 3.628 5.728 14.48 8.574 7.487 7.144 10.645 11.386 11.259 12.85 9.731 9.811 8.797 8.68 11.086 15.172 13.969 9.709 8.219 7.557 10.417 11.682 11.038 16.668 10.512 10.93 11.769 12.297 14.998 12.299 20.604 8.592 10.591 11.222 14.34 12.8 10.907 12.421 10.947 7.923 11.662 9.443 5.845
3.563 3.517 6.218 4.251 4.528 6.537 6.365 6.822 7.69 3.855 4.038 5.625 5.403 3.875 3.608 8.428 10.991 9.334 7.515 5.527 11.593 5.106 3.466 5.052 14.022 8.964 7.916 7.184 10.625 12.021 12.101 13.884 10.416 10.181 8.944 8.665 11.139 16.014 15.112 10.434 8.328 7.323 10.008 11.865 11.481 17.516 11.083 11.187 11.866 12.46 15.353 12.636 21.342 8.468 10.043 10.674 13.933 12.653 10.671 11.886 10.44 7.324 10.408 8.723 5.234
3.671 3.833 7.196 4.377 4.84 7.16 6.589 7.09 8.022 3.871 4.335 6.278 5.616 3.948 3.804 9.57 11.102 9.142 7.287 5.477 12.507 4.889 3.382 5.542 15.101 8.631 7.484 7.058 10.83 11.682 11.606 13.428 9.86 9.864 8.712 8.545 11.151 15.752 14.527 9.732 8.025 7.276 10.305 11.677 11.016 17.314 10.532 10.923 11.813 12.4 15.46 12.485 22.034 8.435 10.532 11.189 14.671 13.02 10.931 12.578 10.949 7.666 11.696 9.282 5.492
4.279 4.196 7.429 4.891 5.25 7.578 7.277 7.894 8.954 4.504 4.688 6.479 6.014 4.303 3.979 9.394 11.875 10.42 8.389 6.165 13.061 5.625 3.754 5.492 14.928 9.623 8.422 7.665 11.29 12.585 12.834 14.884 11.19 10.911 9.501 9.137 11.672 16.75 16.153 11.167 8.903 7.755 10.51 12.219 11.901 18.612 11.988 12.141 12.895 13.581 16.98 14.155 24.57 10.098 11.737 12.243 16.047 14.739 12.544 14.126 12.427 8.753 12.597 10.345 6.233
3.778 3.924 7.212 4.484 4.918 7.175 6.653 7.144 8.062 3.95 4.387 6.277 5.65 4 3.846 9.337 10.901 9.121 7.293 5.474 12.142 4.912 3.404 5.493 14.422 8.531 7.407 6.955 10.497 11.365 11.345 13.098 9.698 9.641 8.514 8.331 10.779 15.139 14.137 9.56 7.848 7.106 9.955 11.284 10.703 16.629 10.337 10.663 11.506 12.09 15.035 12.283 21.398 8.407 10.365 11.007 14.367 12.886 10.872 12.445 10.898 7.677 11.548 9.276 5.543
4.584 4.462 7.553 5.361 5.714 8.066 8.089 8.716 9.853 5.019 5.166 6.899 6.715 4.908 4.526 10.171 14.261 12.524 9.847 7.155 14.533 6.834 4.562 6.347 16.822 12.401 10.407 9.277 13.437 15.664 16.01 18.327 13.899 13.254 11.571 11.128 14.162 20.699 20.409 13.902 10.836 9.378 12.527 14.996 14.865 22.628 14.956 14.56 15.257 16.065 19.86 16.682 27.663 11.58 12.957 13.437 17.664 16.474 13.771 15.125 13.37 9.34 12.971 10.965 6.629
4.831 4.677 7.823 5.388 5.728 8.112 8.043 8.812 10.079 5.366 5.501 7.352 6.872 5.043 4.699 10.4 13.792 13.031 10.748 7.965 15.606 7.375 4.946 7.017 17.263 12.648 11.186 10.214 14.462 16.319 16.998 19.752 15.336 14.719 12.789 12.156 15.107 21.355 21.596 15.392 12.172 10.487 13.577 15.517 15.292 23.235 16.019 15.807 16.395 16.907 20.555 17.488 28.564 12.805 14.097 14.249 17.849 16.615 14.177 15.527 13.642 9.64 13.157 10.923 6.693
3.955 3.742 6.179 4.458 4.747 6.611 6.772 7.376 8.379 4.265 4.266 5.514 5.375 3.938 3.543 7.85 11.661 10.592 8.216 5.856 11.695 5.654 3.67 4.856 12.721 10.336 8.426 7.332 10.472 12.483 12.989 14.951 11.402 10.695 9.204 8.737 11.032 16.492 16.89 11.43 8.721 7.311 9.588 11.628 11.82 18.312 12.506 11.98 12.451 13.248 16.675 14.307 24.015 10.456 11.236 11.356 15.209 14.58 12.195 13.352 11.882 8.264 11.339 9.625 5.801
4.554 4.852 9.518 5.389 6.09 9.249 8.174 8.707 9.752 4.798 5.52 8.187 7.092 4.918 4.812 13.158 14.705 11.059 8.742 6.821 16.613 6.025 4.245 7.222 21.284 11.006 9.196 8.849 14.103 14.659 14.042 16.014 12.11 12.318 10.986 10.924 14.425 20.02 17.332 12.062 10.236 9.402 13.647 15.197 13.908 21.953 12.811 13.639 14.789 15.38 18.874 14.999 24.566 10.994 13.404 14.077 18.245 15.536 13.157 15.261 13.208 9.465 14.875 11.406 6.791
3.888 4.033 6.706 4.655 4.955 6.687 6.259 6.526 7.157 3.93 4.269 5.765 5.361 4.037 3.91 7.987 9.389 8.212 6.755 5.282 10.203 5.065 3.735 5.622 12.533 8.735 7.704 7.21 9.95 10.682 10.803 12.475 10.056 10.195 9.39 9.25 11.404 15.292 14.962 10.769 8.985 8.245 10.85 12.116 11.687 17.043 11.861 12.145 13.005 13.586 16.375 14.149 22.965 10.68 12.477 13.076 16.084 14.559 12.429 13.715 12.156 8.882 12.209 10.09 6.42
3.97 4.344 8.296 5.031 5.574 8.235 7.515 7.976 8.94 4.224 4.966 7.363 6.577 4.593 4.556 11.377 13.03 10.492 8.124 6.086 14.121 5.519 3.912 6.857 17.851 10.279 8.64 8.165 12.598 13.527 13.264 15.147 10.95 10.975 9.812 9.789 12.917 18.093 16.524 10.782 8.939 8.375 12.156 13.728 12.779 19.694 11.814 12.175 13.244 13.907 17.231 13.768 23.919 8.891 11.446 12.387 16.242 14.298 11.826 13.602 11.817 8.263 12.921 10.292 6.038
3.924 3.93 6.551 4.571 4.933 6.859 6.731 7.252 8.118 4.288 4.537 6.072 5.758 4.3 4.078 8.777 11.454 10.201 8.176 6.126 12.057 5.752 4.028 5.816 13.918 10.189 8.76 7.958 11.311 12.82 13.107 14.897 11.445 11.096 9.793 9.513 11.961 16.83 16.54 11.518 9.273 8.225 10.907 12.658 12.473 18.508 12.39 12.275 12.833 13.392 16.255 13.686 22.037 9.61 10.951 11.308 14.481 13.425 11.375 12.503 11.061 7.933 10.966 9.194 5.763
4.377 4.396 7.865 5.149 5.603 8.131 7.76 8.405 9.511 4.816 5.149 7.243 6.726 4.872 4.625 11.048 13.625 11.845 9.556 7.127 15.185 6.531 4.472 6.813 18.23 11.558 10.129 9.383 13.932 15.4 15.604 18.006 13.53 13.267 11.655 11.32 14.504 20.519 19.543 13.441 10.84 9.606 13.114 15.054 14.489 22.169 14.109 14.191 14.969 15.555 19.07 15.679 26.39 10.763 12.565 13.085 16.851 15.235 12.83 14.309 12.452 8.752 12.595 10.264 6.216
3.911 4.118 7.032 4.717 5.112 7.106 6.674 7.052 7.809 4.192 4.69 6.52 6.013 4.476 4.412 9.521 10.932 9.26 7.53 5.894 11.862 5.478 4.035 6.354 14.54 9.299 8.082 7.718 11.152 12.024 11.958 13.492 10.384 10.345 9.396 9.338 11.769 15.786 14.836 10.435 8.806 8.238 11.174 12.494 11.865 17.084 11.27 11.425 12.2 12.697 15.188 12.676 20.037 8.848 10.54 11.226 14.053 12.732 10.853 12.074 10.727 7.882 11.193 9.335 5.961
