1.539 4.201 1.766 1.598 4.1 6.486 3.99 3.131 4.511 1.087 1.492 8.43 6.119 2.13 2.383 8.325 18.025 10.952 8.114 6.835 10.213 3.595 2.502 3.716 11.103 11.329 3.439 6.514 8.572 10.872 15.221 29.268 9.871 18.313 11.368 9.835 9.83 15.841 15.161 8.61 12.749 9.495 9.788 16.26 28.778 15.834 5.822 5.559 14.9 12.461 11.015 11.586 25.014 7.156 8.887 7.969 7.913 14.573 11.416 6.424 11.399 10.082 8.489 9.639 6.455
1.853 5.138 2.2 2.066 5.147 7.679 4.723 3.747 5.409 1.339 2.005 10.175 7.302 2.549 3.03 10 19.991 12.365 9.13 7.784 11.577 4.221 3.11 4.801 13.237 13.155 4.052 7.981 10.325 12.75 17.333 31.781 11.132 20.347 12.961 11.346 11.503 18.206 17.364 10.003 14.839 11.203 11.607 18.828 31.915 17.929 6.69 6.774 17.733 14.739 12.934 13.578 28.053 8.353 10.573 9.62 9.609 17.138 13.435 7.645 13.523 12.006 10.133 11.481 7.801
1.929 5.098 2.236 2.064 5.003 7.565 4.765 3.79 5.381 1.372 1.962 9.728 7.151 2.591 2.976 9.571 19.549 12.332 9.301 7.92 11.609 4.304 3.106 4.63 12.65 12.813 4.093 7.713 9.955 12.37 16.933 31.445 11.301 20.391 13.088 11.432 11.483 18.015 17.321 10.124 14.76 11.205 11.56 18.653 32.012 18.353 7.026 6.904 17.601 14.854 13.189 13.845 28.626 8.76 10.869 9.844 9.793 17.357 13.805 7.981 13.837 12.36 10.492 11.833 8.093
2.024 5.68 2.377 2.204 5.681 8.73 5.311 4.186 6.083 1.465 2.115 11.677 8.317 2.864 3.329 11.559 23.964 14.464 10.598 8.982 13.488 4.781 3.434 5.268 15.389 15.378 4.633 9.088 11.9 14.905 20.556 38.465 12.983 24.044 14.999 13.049 13.167 21.151 20.112 11.415 17.045 12.718 13.158 21.686 37.372 20.452 7.487 7.388 19.849 16.401 14.387 15.125 32.013 9.18 11.585 10.464 10.434 19.027 14.779 8.297 14.812 13.062 10.987 12.499 8.395
1.726 4.443 1.923 1.701 4.155 6.659 4.214 3.315 4.678 1.17 1.529 8.144 6.125 2.205 2.38 7.926 17.678 11.113 8.423 7.092 10.415 3.751 2.559 3.608 10.46 10.947 3.449 6.204 8.097 10.308 14.552 28.567 10.002 18.359 11.572 10.007 9.911 15.784 15.297 8.848 12.848 9.662 9.918 16.388 29.676 16.924 6.431 6.013 15.555 13.321 11.928 12.566 27.284 8.12 9.891 8.852 8.75 15.979 12.807 7.361 12.818 11.474 9.729 10.988 7.435
1.524 4.302 1.816 1.704 4.33 6.535 3.992 3.146 4.564 1.088 1.652 8.703 6.229 2.145 2.54 8.58 17.442 10.629 7.873 6.672 9.983 3.542 2.577 4.032 11.385 11.339 3.426 6.798 8.849 10.99 15.043 27.975 9.52 17.681 11.088 9.664 9.769 15.623 14.884 8.468 12.639 9.461 9.799 16.061 27.583 15.213 5.543 5.561 14.92 12.378 10.884 11.426 24.03 6.919 8.808 7.965 7.958 14.407 11.226 6.301 11.267 9.98 8.411 9.555 6.419
1.994 5.301 2.296 2.09 5.278 8.353 5.204 4.101 5.854 1.468 1.998 10.977 8.094 2.899 3.235 11.081 23.721 14.418 10.651 8.969 13.266 4.807 3.384 5 14.816 15.214 4.758 8.857 11.68 14.814 20.585 38.627 13.252 23.887 14.956 12.946 12.932 20.626 19.759 11.365 16.611 12.473 12.828 20.982 36.225 19.958 7.453 7.069 18.398 15.479 13.692 14.348 30.149 8.862 10.88 9.799 9.738 17.654 13.877 7.89 13.676 12.122 10.248 11.604 7.863
2.019 5.387 2.319 2.105 5.299 8.344 5.211 4.099 5.854 1.449 1.992 10.847 8.008 2.851 3.184 10.839 23.274 14.333 10.682 8.981 13.274 4.775 3.342 4.947 14.468 14.87 4.631 8.648 11.351 14.365 20.014 38.051 13.13 23.858 14.957 12.93 12.893 20.566 19.757 11.347 16.598 12.451 12.802 21.011 36.777 20.48 7.624 7.239 18.936 15.966 14.151 14.837 31.476 9.252 11.367 10.201 10.119 18.378 14.504 8.235 14.357 12.758 10.781 12.192 8.232
2.272 6.046 2.689 2.534 6.186 9.227 5.781 4.621 6.587 1.724 2.521 12.41 9.048 3.305 3.886 12.528 24.722 15.307 11.358 9.704 14.239 5.394 4.008 6.114 16.668 16.669 5.374 10.287 13.327 16.465 22.218 39.717 14.255 25.19 16.223 14.213 14.375 22.431 21.413 12.563 18.297 13.945 14.391 22.895 37.75 21.278 8.164 8.129 20.487 17.135 15.095 15.782 31.584 9.764 12.14 11.074 11.056 19.324 15.215 8.799 15.081 13.427 11.406 12.867 8.869
2.299 6.037 2.667 2.455 6.085 9.461 5.937 4.71 6.691 1.73 2.385 12.52 9.247 3.375 3.815 12.714 26.449 16.186 11.968 10.134 14.893 5.534 3.975 5.896 16.976 17.335 5.541 10.312 13.529 17.03 23.397 42.886 15.042 26.67 16.912 14.708 14.746 23.261 22.273 12.967 18.839 14.261 14.676 23.663 39.925 22.212 8.438 8.102 20.613 17.358 15.35 16.063 32.92 9.95 12.209 11.064 11.015 19.624 15.468 8.893 15.222 13.517 11.466 12.955 8.873
1.756 4.539 2.039 1.89 4.501 6.773 4.324 3.452 4.862 1.276 1.825 8.746 6.526 2.422 2.776 8.724 17.646 11.256 8.535 7.265 10.546 3.997 2.905 4.317 11.572 11.784 3.865 7.184 9.258 11.478 15.631 28.661 10.515 18.619 12.056 10.529 10.559 16.403 15.809 9.341 13.466 10.29 10.591 16.885 28.608 16.553 6.419 6.275 15.636 13.28 11.817 12.363 25.097 7.871 9.672 8.766 8.712 15.229 12.176 7.099 12.099 10.846 9.237 10.376 7.15
2.161 5.513 2.512 2.339 5.441 8.041 5.166 4.147 5.811 1.561 2.251 10.259 7.658 2.88 3.329 10.128 20.018 12.933 9.867 8.461 12.215 4.723 3.48 5.151 13.343 13.514 4.511 8.358 10.683 13.131 17.724 32.091 12.062 21.23 13.944 12.251 12.329 18.971 18.308 10.942 15.715 12.101 12.475 19.702 33.053 19.457 7.699 7.642 18.719 15.945 14.209 14.88 29.79 9.585 11.809 10.768 10.72 18.492 14.872 8.779 14.881 13.388 11.437 12.826 8.917
1.643 4.816 2.017 1.943 5.088 7.549 4.5 3.548 5.222 1.246 1.969 10.636 7.423 2.508 3.081 10.692 20.857 12.245 8.793 7.465 11.316 4.036 3.045 4.965 14.211 13.808 4.096 8.46 11.068 13.63 18.352 32.741 10.857 19.984 12.462 10.901 11.159 17.933 16.872 9.52 14.38 10.737 11.145 18.146 29.851 15.885 5.694 5.876 15.991 13.021 11.307 11.854 24.322 6.914 8.957 8.173 8.222 14.839 11.326 6.279 11.288 9.942 8.373 9.575 6.444
1.623 3.984 1.783 1.562 3.653 5.875 3.814 3.013 4.181 1.089 1.392 6.934 5.398 2.007 2.13 6.758 15.257 9.87 7.589 6.383 9.222 3.418 2.324 3.175 8.864 9.467 3.094 5.369 6.956 8.852 12.509 24.644 8.945 16.088 10.306 8.907 8.769 13.763 13.465 7.925 11.294 8.585 8.775 14.322 26.042 15.274 5.957 5.511 13.702 11.959 10.791 11.351 24.388 7.563 9.063 8.113 7.993 14.362 11.72 6.858 11.676 10.557 9.006 10.115 6.928
1.639 4.597 2.042 2.003 4.881 6.968 4.276 3.421 4.943 1.257 2.083 9.641 6.939 2.458 3.088 9.717 18.046 11.059 8.125 6.971 10.328 3.897 3.058 4.96 12.881 12.535 3.944 8.025 10.322 12.469 16.429 28.364 10.032 18.014 11.626 10.268 10.549 16.456 15.579 9.062 13.429 10.242 10.632 16.786 26.865 14.912 5.569 5.938 15.237 12.602 10.99 11.453 22.445 6.815 8.818 8.111 8.169 14.135 10.973 6.252 10.95 9.76 8.279 9.367 6.433
1.831 4.815 2.211 2.117 4.882 6.965 4.423 3.552 5.007 1.337 2.097 9 6.687 2.465 2.985 8.833 16.553 10.708 8.067 6.944 10.06 3.923 3.019 4.659 11.569 11.498 3.794 7.3 9.284 11.204 14.793 25.854 9.777 17.198 11.413 10.104 10.304 15.789 15.178 9.066 13.139 10.185 10.555 16.506 26.923 15.862 6.201 6.488 15.965 13.555 11.968 12.497 24.419 7.886 9.949 9.182 9.213 15.686 12.554 7.377 12.627 11.389 9.718 10.908 7.611
2.333 6.501 2.81 2.666 6.949 10.543 6.377 5.006 7.237 1.808 2.663 14.761 10.482 3.693 4.337 15.097 29.768 17.235 12.352 10.454 15.731 5.767 4.285 6.832 20.195 19.897 6.126 12.008 15.866 19.733 26.541 46.505 15.56 27.664 17.325 15.149 15.453 24.805 23.442 13.407 19.876 14.931 15.416 24.849 40.177 21.224 7.768 7.691 20.597 17.019 14.934 15.672 31.727 9.242 11.707 10.727 10.813 19.458 14.921 8.365 14.565 12.88 10.95 12.54 8.543
1.995 5.467 2.35 2.18 5.615 8.715 5.36 4.21 6.059 1.493 2.133 11.811 8.567 3.023 3.463 11.983 24.839 14.854 10.866 9.132 13.596 4.901 3.518 5.415 15.99 16.14 4.979 9.552 12.595 15.835 21.752 39.976 13.523 24.354 15.188 13.159 13.233 21.189 20.191 11.536 16.996 12.731 13.112 21.389 36.208 19.609 7.191 6.936 18.389 15.332 13.509 14.149 29.454 8.557 10.652 9.626 9.613 17.433 13.562 7.629 13.323 11.797 9.981 11.349 7.672
2.111 5.338 2.386 2.123 5.238 8.6 5.509 4.314 6.041 1.553 2.02 10.921 8.504 3.122 3.346 11.229 25.288 15.701 11.652 9.652 14.03 5.159 3.538 5.035 15.037 16.103 5.171 9.15 12.126 15.593 21.944 41.838 14.611 25.586 16.08 13.77 13.571 21.524 20.906 12.131 17.323 13.096 13.36 21.767 38.224 21.36 8.015 7.3 18.417 15.924 14.188 14.797 31.174 9.38 11.164 9.994 9.878 17.872 14.32 8.195 13.826 12.371 10.491 11.806 8.047
1.943 4.997 2.269 2.116 4.881 7.138 4.575 3.66 5.119 1.353 1.993 8.864 6.608 2.456 2.851 8.527 16.67 10.85 8.296 7.107 10.255 3.935 2.904 4.322 10.992 11.086 3.667 6.823 8.669 10.583 14.214 25.753 9.717 17.243 11.36 10.002 10.089 15.539 15.031 8.976 12.944 9.984 10.32 16.34 27.615 16.428 6.473 6.522 16.131 13.812 12.344 12.966 26.151 8.409 10.473 9.591 9.588 16.597 13.419 7.927 13.581 12.279 10.512 11.823 8.223
1.78 4.889 2.111 1.977 5.059 7.744 4.757 3.753 5.406 1.347 1.953 10.58 7.624 2.703 3.139 10.739 21.798 13.028 9.518 8.042 11.971 4.361 3.178 4.926 14.314 14.326 4.445 8.601 11.3 14.122 19.254 34.887 11.888 21.334 13.383 11.642 11.756 18.74 17.815 10.222 15.073 11.325 11.681 18.932 31.603 17.145 6.334 6.196 16.314 13.55 11.919 12.485 25.665 7.528 9.421 8.549 8.552 15.381 11.945 6.747 11.762 10.411 8.817 10.026 6.807
1.913 4.422 2.025 1.708 3.843 6.674 4.5 3.51 4.761 1.248 1.505 7.295 6.297 2.361 2.374 7.318 18.85 12.499 9.629 7.896 11.23 4.159 2.702 3.442 9.67 11.253 3.715 6.044 7.841 10.271 15.077 31.574 11.432 20.143 12.897 10.924 10.507 16.49 16.536 9.72 13.453 10.26 10.339 16.997 32.826 19.459 7.494 6.555 15.665 14.333 13.038 13.635 30.237 9.413 10.824 9.524 9.258 16.797 14.13 8.237 13.64 12.538 10.685 11.894 8.126
1.738 5.099 2.147 2.083 5.519 8.162 4.827 3.796 5.588 1.345 2.124 11.716 8.099 2.754 3.383 11.887 22.792 13.026 9.275 7.888 12.027 4.324 3.294 5.453 15.842 15.243 4.538 9.377 12.322 15.147 20.224 35.257 11.529 21.041 13.092 11.49 11.825 19.078 17.873 10.085 15.243 11.374 11.798 19.108 30.706 15.982 5.725 5.909 16.217 13.164 11.452 12.025 24.388 6.916 9.013 8.264 8.356 15.078 11.402 6.302 11.268 9.928 8.405 9.661 6.521
2.065 5.882 2.559 2.501 6.331 9.179 5.548 4.413 6.425 1.608 2.592 12.999 9.171 3.212 3.992 13.203 24.822 14.689 10.648 9.105 13.641 5.065 3.924 6.414 17.53 16.959 5.24 10.708 13.906 16.934 22.433 38.769 13.249 23.847 15.145 13.334 13.699 21.656 20.391 11.728 17.491 13.216 13.703 21.828 34.84 18.743 6.907 7.22 19 15.562 13.569 14.188 28.12 8.32 10.767 9.886 9.972 17.546 13.454 7.58 13.339 11.829 10.038 11.437 7.81
1.803 4.716 2.086 1.89 4.847 7.873 4.914 3.812 5.382 1.363 1.821 10.378 7.866 2.832 3.086 10.735 23.271 13.815 9.962 8.242 12.178 4.454 3.119 4.653 14.418 15.082 4.733 8.593 11.5 14.712 20.362 37.29 12.59 21.911 13.651 11.747 11.731 18.879 18.184 10.442 15.097 11.374 11.641 18.953 32.108 17.248 6.319 5.83 15.258 13.064 11.584 12.111 25.228 7.406 8.973 8.129 8.127 14.839 11.667 6.574 11.162 9.94 8.446 9.605 6.544
1.524 4.317 1.85 1.758 4.309 6.274 3.844 3.04 4.393 1.062 1.702 8.133 5.852 1.999 2.444 7.804 15.169 9.53 7.034 5.995 8.913 3.231 2.432 3.841 10.157 10.016 3.038 6.128 7.859 9.573 12.86 23.349 8.267 15.226 9.782 8.6 8.779 13.864 13.25 7.624 11.394 8.644 8.995 14.558 24.623 14.052 5.179 5.462 14.374 12.008 10.515 11.043 22.731 6.792 8.767 8.041 8.074 14.328 11.289 6.413 11.498 10.267 8.668 9.836 6.69
1.748 4.163 1.98 1.792 4.029 6.14 4.112 3.274 4.48 1.246 1.698 7.502 6.021 2.336 2.565 7.556 15.709 10.779 8.293 6.97 9.818 3.895 2.758 3.915 10.02 10.647 3.699 6.421 8.24 10.242 14 25.973 10.292 17.343 11.558 9.982 9.856 14.966 14.735 8.928 12.399 9.649 9.823 15.372 26.438 16.271 6.467 6.068 14.293 12.637 11.36 11.814 23.65 8.027 9.421 8.498 8.373 14.289 11.847 7.055 11.531 10.561 9.062 10.056 7.044
2.103 5.191 2.375 2.148 4.979 7.67 5.004 3.997 5.553 1.497 2.018 9.527 7.322 2.784 3.076 9.498 19.992 13.044 10.017 8.5 12.197 4.681 3.319 4.708 12.605 13.168 4.425 7.871 10.138 12.694 17.511 32.841 12.312 21.577 14.059 12.234 12.148 18.75 18.236 10.89 15.459 11.867 12.158 19.359 33.467 19.787 7.837 7.449 18.059 15.592 13.98 14.624 29.898 9.612 11.561 10.432 10.307 17.955 14.583 8.617 14.437 13.016 11.119 12.432 8.617
1.776 4.612 2.138 2.056 4.76 6.839 4.362 3.52 4.952 1.342 2.074 9.042 6.722 2.539 3.052 9.095 17.137 10.917 8.288 7.139 10.326 4.051 3.11 4.79 12.042 11.992 4.031 7.676 9.8 11.889 15.734 27.44 10.25 17.98 11.841 10.468 10.635 16.276 15.598 9.338 13.457 10.399 10.747 16.737 27.096 15.682 6.162 6.323 15.463 13.079 11.598 12.089 23.501 7.537 9.461 8.677 8.694 14.779 11.753 6.908 11.7 10.52 9 10.091 7.034
1.833 4.305 2.027 1.793 4.023 6.325 4.263 3.393 4.635 1.282 1.666 7.564 6.145 2.387 2.553 7.634 16.743 11.492 8.9 7.456 10.499 4.108 2.839 3.884 10.17 11.023 3.813 6.487 8.342 10.512 14.661 28.143 11.018 18.748 12.379 10.642 10.418 15.877 15.678 9.465 13.114 10.148 10.297 16.269 28.735 17.639 7.033 6.467 15.122 13.395 12.075 12.577 25.738 8.634 10.058 9.003 8.81 15.18 12.629 7.526 12.293 11.23 9.62 10.672 7.444
