2.361 5.272 5.069 4.288 5.965 7.196 7.332 6.358 6.258 4.424 6.073 4.912 4.865 5.763 5.619 10.551 11.264 9.432 8.976 6.611 13.048 6.112 6.372 8.888 10.846 8.81 7.134 10.75 12.41 13.852 12.741 14.994 14.664 12.148 11.486 12.1 13.515 17.138 18.016 12.219 15.101 12.807 16.393 19.161 15.391 20.351 14.315 12.872 13.919 22.399 18.84 15.504 19.006 9.026 10.414 11.157 11.895 12.528 9.95 10.079 12.412 10.479 11.641 12.83 9.104
2.436 5.503 5.237 4.471 6.257 7.617 7.786 6.689 6.545 4.592 6.323 5.113 5.092 6.036 5.901 11.26 12.149 10.003 9.427 6.889 13.72 6.412 6.678 9.246 11.499 9.369 7.505 11.282 13.162 14.824 13.524 15.855 15.512 12.784 12.016 12.637 14.192 18.151 19.146 12.824 15.809 13.351 17.213 20.236 16.183 21.359 14.926 13.352 14.4 23.469 19.792 16.135 19.759 9.291 10.709 11.437 12.346 13.09 10.355 10.465 12.904 10.906 12.128 13.388 9.464
1.897 4.297 4.16 3.488 4.841 5.788 5.817 5.055 5.031 3.562 5.001 4.015 4.013 4.763 4.618 8.632 8.983 7.517 7.258 5.415 10.945 5.033 5.277 7.582 9.091 7.192 5.814 8.927 10.199 11.131 10.196 12.072 11.757 9.736 9.371 9.921 11.049 13.826 14.443 9.742 12.11 10.217 13.043 15.061 11.968 15.837 11.161 10.023 10.848 17.516 14.647 12.085 14.971 7.074 8.264 8.845 9.289 9.583 7.47 7.463 9.122 7.626 8.46 9.374 6.592
2.005 4.333 4.119 3.361 4.623 5.684 6.03 5.408 5.29 3.689 4.883 3.891 3.774 4.436 4.314 8.003 9.296 8.3 7.822 5.651 10.639 5.153 5.261 7.161 8.368 7.041 5.835 8.611 9.748 11.132 10.733 12.631 12.355 10.286 9.636 9.92 10.835 13.729 14.932 10.449 12.694 10.623 13.262 15.714 13.042 17.341 12.347 10.96 11.631 18.312 16.219 13.635 16.411 7.758 8.694 9.03 9.293 9.853 8.008 8.097 9.901 8.388 9.332 10.354 7.415
2.001 4.535 4.301 3.689 5.215 6.469 6.649 5.674 5.523 3.821 5.276 4.264 4.242 5.042 4.957 9.758 10.672 8.709 8.143 5.864 11.888 5.485 5.646 7.809 9.948 8.077 6.375 9.611 11.419 12.958 11.761 13.801 13.512 11.024 10.257 10.747 12.118 15.682 16.636 10.972 13.457 11.292 14.632 17.359 13.78 18.22 12.597 11.126 11.921 19.853 16.737 13.513 16.565 7.612 8.68 9.227 10.068 10.741 8.438 8.477 10.5 8.874 9.889 10.987 7.695
2.161 4.838 4.528 3.843 5.387 6.614 6.866 5.916 5.763 3.987 5.434 4.34 4.277 5.025 4.875 9.396 10.431 8.655 8.111 5.85 11.65 5.453 5.597 7.591 9.418 7.736 6.143 9.149 10.69 12.226 11.23 13.201 12.955 10.659 9.933 10.348 11.595 14.981 16.06 10.765 13.197 11.052 14.303 17.055 13.819 18.45 12.967 11.568 12.407 20.647 17.967 14.705 18.142 8.458 9.65 10.14 10.915 11.663 9.227 9.286 11.47 9.741 10.906 12.116 8.562
2.375 5.528 5.403 4.569 6.417 7.671 7.618 6.53 6.476 4.578 6.431 5.199 5.166 6.164 5.993 11.317 11.42 9.319 8.993 6.649 13.55 6.045 6.458 9.291 11.395 8.95 7.21 11.122 12.86 14.032 12.675 15.025 14.616 12.038 11.49 12.263 13.803 17.493 18.047 12.038 15.184 12.909 16.718 19.415 15.297 20.448 14.219 12.955 14.227 23.219 18.992 15.671 19.586 9.207 10.901 11.949 12.847 13.463 10.591 10.777 13.38 11.22 12.521 13.826 9.708
1.849 4.146 3.865 3.322 4.696 5.826 6.083 5.211 5.05 3.49 4.777 3.849 3.847 4.566 4.488 8.816 9.902 8.135 7.552 5.425 10.814 5.093 5.242 7.115 8.995 7.475 5.929 8.827 10.398 11.997 10.957 12.79 12.506 10.251 9.504 9.876 11.091 14.362 15.36 10.213 12.433 10.356 13.388 15.88 12.735 16.726 11.577 10.197 10.818 17.818 15.302 12.288 14.897 6.891 7.808 8.182 8.906 9.577 7.573 7.606 9.365 7.937 8.85 9.797 6.911
1.874 4.74 4.46 3.699 5.409 6.45 6.367 5.416 5.415 3.748 5.505 4.283 4.269 5.184 4.971 9.836 9.731 7.811 7.538 5.491 11.997 4.959 5.378 8.007 9.632 7.343 5.882 9.565 10.822 11.739 10.535 12.713 12.255 9.945 9.528 10.214 11.507 14.724 15.091 9.779 12.695 10.533 13.906 16.136 12.434 17.135 11.555 10.507 11.684 19.846 15.848 12.936 16.651 7.411 9.047 9.886 10.557 11.054 8.497 8.709 11.03 9.045 10.283 11.436 7.769
2.239 5.092 4.939 4.194 5.985 7.371 7.48 6.394 6.277 4.353 6.095 4.924 4.893 5.881 5.781 11.47 12.066 9.888 9.361 6.762 13.982 6.235 6.477 9.25 11.659 9.292 7.373 11.348 13.387 14.957 13.538 16.015 15.577 12.69 11.883 12.526 14.11 18.169 19.014 12.523 15.517 13.009 16.854 19.791 15.525 20.649 14.107 12.514 13.479 22.408 18.384 14.918 18.428 8.4 9.65 10.425 11.296 11.975 9.366 9.435 11.749 9.838 10.995 12.223 8.497
1.78 4.2 4.07 3.462 4.862 5.687 5.591 4.818 4.819 3.502 5.019 4.08 4.123 4.979 4.861 8.884 8.818 7.191 6.929 5.243 10.586 4.869 5.324 7.751 9.187 7.215 5.954 9.315 10.464 11.202 10.148 11.982 11.585 9.594 9.276 9.951 11.125 13.83 14.07 9.475 11.95 10.169 12.957 14.668 11.498 15.023 10.5 9.553 10.484 16.512 13.42 10.993 13.533 6.522 7.882 8.635 9.17 9.51 7.492 7.635 9.38 7.863 8.758 9.571 6.749
2.38 5.145 4.945 4.143 5.692 6.929 7.23 6.417 6.342 4.477 6.017 4.838 4.728 5.558 5.431 10.171 11.381 9.952 9.551 7.012 13.434 6.419 6.543 8.98 10.831 8.897 7.253 10.829 12.526 14.104 13.27 15.707 15.462 12.831 12.029 12.503 13.775 17.35 18.485 12.779 15.61 13.198 16.606 19.395 15.803 20.843 14.829 13.164 13.995 22.132 18.931 15.704 19.083 9.051 10.165 10.66 11.143 11.666 9.329 9.425 11.58 9.833 10.903 12.06 8.624
2.287 5.16 4.938 4.219 6.032 7.612 7.844 6.664 6.469 4.407 6.104 4.922 4.859 5.8 5.72 11.642 12.752 10.385 9.68 6.864 14.267 6.413 6.502 9.076 11.775 9.465 7.357 11.187 13.515 15.388 13.917 16.419 16.062 12.976 11.963 12.501 14.147 18.535 19.738 12.837 15.699 13.1 17.065 20.459 16.11 21.501 14.684 12.837 13.712 23.49 19.677 15.858 19.586 8.766 9.869 10.501 11.525 12.35 9.619 9.6 11.992 10.117 11.315 12.682 8.775
2.053 5.559 5.243 4.29 6.303 7.433 7.191 6.018 6.018 4.216 6.398 5.013 5.064 6.245 6.004 11.765 11.451 8.923 8.5 6.239 13.867 5.738 6.427 9.811 11.698 8.763 7.046 11.748 13.201 14.043 12.403 14.876 14.218 11.491 11.168 12.164 13.769 17.483 17.625 11.261 14.82 12.351 16.321 18.684 14.125 19.233 12.823 11.705 13.173 22.119 17.328 13.798 17.588 7.831 9.984 11.113 11.853 12.313 9.383 9.679 12.29 10 11.351 12.546 8.43
2.226 5.996 5.701 4.698 6.852 8.066 7.824 6.577 6.573 4.617 6.961 5.487 5.549 6.83 6.588 12.733 12.446 9.781 9.323 6.846 15.008 6.3 7.046 10.698 12.741 9.613 7.758 12.815 14.399 15.331 13.602 16.274 15.563 12.595 12.213 13.269 15.007 19.01 19.205 12.323 16.121 13.462 17.702 20.238 15.361 20.817 13.939 12.699 14.256 23.778 18.753 14.999 19.058 8.485 10.792 12.009 12.824 13.325 10.184 10.488 13.273 10.852 12.295 13.57 9.154
2.376 5.889 5.657 4.751 6.74 7.889 7.727 6.616 6.62 4.747 6.884 5.515 5.551 6.709 6.496 12.016 11.874 9.591 9.226 6.909 14.294 6.376 7.004 10.274 12.15 9.409 7.711 12.221 13.699 14.645 13.208 15.688 15.13 12.456 12.055 12.966 14.547 18.216 18.54 12.301 15.736 13.307 17.175 19.591 15.247 20.359 14.068 12.867 14.29 23.179 18.746 15.346 19.293 9.021 11.114 12.217 13.003 13.509 10.527 10.787 13.434 11.175 12.554 13.799 9.575
2.014 4.821 4.617 3.879 5.497 6.468 6.375 5.471 5.465 3.901 5.599 4.475 4.476 5.384 5.199 9.726 9.665 7.845 7.573 5.663 11.697 5.197 5.636 8.224 9.794 7.618 6.209 9.801 11.041 11.89 10.744 12.786 12.396 10.22 9.859 10.583 11.862 14.898 15.239 10.168 12.969 10.983 14.195 16.284 12.774 17.068 11.875 10.849 11.998 19.437 15.832 13.005 16.309 7.698 9.306 10.193 10.841 11.289 8.849 9.048 11.235 9.363 10.49 11.545 8.074
1.995 4.294 4.014 3.311 4.622 5.745 6.143 5.42 5.264 3.614 4.799 3.805 3.687 4.311 4.171 8.027 9.4 8.194 7.651 5.445 10.531 5.043 5.082 6.793 8.179 6.881 5.524 8.111 9.385 10.926 10.335 12.181 11.975 9.902 9.143 9.369 10.332 13.339 14.623 10.038 12.119 10.063 12.775 15.351 12.725 17.038 12.083 10.686 11.275 18.464 16.682 13.912 16.911 7.898 8.752 9.005 9.413 10.087 8.083 8.096 9.933 8.452 9.47 10.58 7.54
1.588 4.069 3.912 3.197 4.833 6.03 6.08 5.096 5.01 3.281 4.906 3.762 3.7 4.579 4.42 9.527 9.881 7.875 7.382 5.063 11.838 4.639 4.781 7.325 9.197 6.912 5.27 8.846 10.393 11.552 10.294 12.544 12.07 9.485 8.795 9.339 10.653 14.173 14.852 9.167 11.781 9.546 12.855 15.411 11.68 16.47 10.729 9.354 10.311 18.914 15.379 12.276 15.951 6.492 7.609 8.323 9.044 9.618 7.185 7.235 9.422 7.684 8.822 10.024 6.547
2.146 4.824 4.67 3.948 5.548 6.699 6.795 5.892 5.83 4.123 5.743 4.643 4.613 5.52 5.404 10.298 10.832 9.056 8.662 6.381 12.815 5.892 6.156 8.759 10.691 8.57 6.931 10.631 12.276 13.584 12.449 14.724 14.357 11.828 11.187 11.807 13.177 16.667 17.381 11.706 14.513 12.257 15.659 18.146 14.407 18.991 13.23 11.819 12.744 20.47 16.962 13.875 17.012 7.992 9.23 9.933 10.566 11.078 8.742 8.841 10.914 9.168 10.204 11.263 7.938
1.745 3.891 3.738 3.137 4.456 5.503 5.656 4.879 4.788 3.291 4.551 3.623 3.547 4.216 4.102 8.151 8.765 7.316 6.936 4.976 10.269 4.586 4.672 6.584 8.202 6.557 5.178 7.931 9.322 10.513 9.627 11.465 11.206 9.143 8.522 8.92 10.002 12.948 13.739 9.115 11.271 9.414 12.2 14.501 11.549 15.615 10.792 9.578 10.315 17.43 14.684 12.089 15.096 6.87 7.787 8.288 8.879 9.413 7.364 7.392 9.226 7.752 8.699 9.727 6.773
2.73 6.513 6.317 5.333 7.464 8.702 8.52 7.301 7.277 5.269 7.571 6.145 6.189 7.46 7.25 13.181 13.067 10.58 10.135 7.649 15.495 7.121 7.803 11.396 13.479 10.526 8.646 13.565 15.229 16.241 14.645 17.256 16.688 13.803 13.389 14.445 16.189 20.14 20.489 13.778 17.461 14.927 19.102 21.715 17.051 22.405 15.711 14.366 15.904 25.282 20.632 16.899 20.95 10.081 12.3 13.585 14.439 14.984 11.798 12.055 14.872 12.46 13.893 15.209 10.708
1.537 4.533 4.243 3.469 5.191 6.139 5.943 4.967 4.989 3.41 5.269 4.045 4.092 5.075 4.855 9.73 9.396 7.314 7.024 5.051 11.644 4.541 5.155 7.962 9.498 7.027 5.622 9.541 10.69 11.421 10.086 12.258 11.661 9.316 9.01 9.788 11.12 14.279 14.417 8.983 12.04 9.863 13.243 15.256 11.377 15.93 10.347 9.44 10.703 18.555 14.344 11.443 14.99 6.239 8.14 9.053 9.707 10.124 7.597 7.877 10.144 8.171 9.386 10.433 6.839
1.904 4.814 4.667 3.891 5.867 7.094 6.928 5.832 5.86 3.996 5.968 4.618 4.631 5.718 5.53 11.701 11.223 8.78 8.587 6.204 14.197 5.482 5.956 9.139 11.338 8.504 6.752 11.202 12.891 14.003 12.393 15.095 14.424 11.591 11.059 11.846 13.421 17.407 17.622 11.201 14.671 11.983 16.048 18.585 13.927 19.387 12.582 11.385 12.574 21.872 16.59 13.329 17.306 7.465 9.029 9.965 10.769 11.338 8.598 8.79 11.244 9.067 10.394 11.605 7.714
1.879 4.388 4.302 3.647 5.21 6.433 6.459 5.485 5.389 3.72 5.239 4.24 4.198 5.046 4.957 9.866 10.217 8.279 7.878 5.679 11.891 5.194 5.432 7.824 9.976 7.833 6.161 9.543 11.377 12.615 11.332 13.441 13.083 10.616 9.949 10.544 11.949 15.446 16.098 10.491 13.08 11.017 14.363 16.95 13.192 17.685 12.037 10.727 11.648 19.663 15.924 12.981 16.206 7.299 8.461 9.23 10.068 10.654 8.278 8.335 10.444 8.737 9.768 10.895 7.516
1.512 4.1 3.816 3.102 4.844 5.835 5.627 4.687 4.742 3.162 4.87 3.597 3.585 4.452 4.207 9.369 8.756 6.67 6.553 4.687 11.519 4.072 4.461 7.011 8.593 6.226 4.898 8.491 9.608 10.382 9.094 11.29 10.707 8.538 8.2 8.835 10.058 13.25 13.322 8.275 11.242 8.986 12.423 14.526 10.693 15.616 9.882 9.072 10.237 18.858 13.896 11.14 15.026 6.289 7.787 8.544 9.215 9.719 7.229 7.485 9.825 7.751 9.061 10.201 6.587
2.466 5.575 5.266 4.499 6.398 8.093 8.374 7.109 6.882 4.656 6.406 5.117 5.007 5.908 5.781 11.729 13.031 10.596 9.849 6.952 14.452 6.518 6.534 8.976 11.666 9.364 7.215 10.905 13.218 15.12 13.704 16.197 15.933 12.852 11.813 12.318 13.957 18.407 19.802 12.853 15.712 13.125 17.182 20.876 16.593 22.38 15.48 13.543 14.533 25.394 21.754 17.627 22.009 9.849 11.069 11.674 12.838 13.794 10.733 10.693 13.394 11.375 12.76 14.369 9.943
1.77 4.438 4.303 3.656 5.177 6.017 5.855 5.02 5.041 3.672 5.364 4.347 4.432 5.397 5.276 9.616 9.418 7.594 7.304 5.523 11.318 5.137 5.737 8.439 9.923 7.707 6.403 10.137 11.299 11.987 10.804 12.778 12.24 10.089 9.805 10.548 11.818 14.68 14.81 9.837 12.543 10.594 13.547 15.224 11.736 15.433 10.588 9.661 10.684 16.992 13.561 11.033 13.711 6.457 8.059 8.863 9.43 9.757 7.597 7.776 9.618 8.013 8.986 9.811 6.802
2.619 5.676 5.327 4.486 6.362 8.059 8.549 7.394 7.148 4.842 6.535 5.206 5.077 5.986 5.856 11.832 13.644 11.494 10.664 7.503 15.146 7.027 6.993 9.46 11.978 9.894 7.737 11.519 13.758 16.022 14.819 17.494 17.185 13.989 12.797 13.161 14.718 19.318 21.047 13.995 16.886 13.969 18.02 21.806 17.661 23.675 16.443 14.336 15.104 25.689 22.614 18.451 22.617 10.251 11.274 11.662 12.531 13.5 10.636 10.572 13.1 11.131 12.483 14.018 9.827
2.374 6.266 5.895 4.867 7.404 8.821 8.505 7.121 7.203 4.997 7.628 5.869 5.937 7.385 7.101 14.789 14.048 10.781 10.505 7.729 17.761 6.926 7.687 11.896 14.421 10.692 8.593 14.552 16.413 17.533 15.416 18.754 17.902 14.432 13.961 15.094 17.047 21.849 21.874 13.891 18.444 15.087 20.144 23.018 17.119 23.617 15.38 14 15.594 26.615 20.125 15.925 20.575 9.047 11.283 12.464 13.336 13.934 10.559 10.899 13.909 11.141 12.773 14.185 9.425
