1.021 0.865 1.046 0.72 2.172 3.576 4.557 3.126 3.202 0.388 1.812 6.73 2.218 0.633 0.536 2.989 8.058 5.693 5.025 5.005 7.91 3.143 3.189 3.412 4.615 5.995 4.136 7.552 7.386 12.498 9.015 22.844 10.578 7.258 7.194 8.71 14.304 21.266 18.061 5.727 7.228 5.078 10.285 11.679 28.798 15.838 6.844 8.6 8.414 10.878 6.193 8.716 21.876 10.047 9.999 7.176 6.276 15.547 13.246 7.541 16.499 8.909 7.434 11.901 4.389
0.958 0.803 0.949 0.65 1.921 3.323 4.513 3.224 3.334 0.413 1.678 6.29 2.12 0.597 0.468 2.337 6.628 4.906 4.416 4.411 6.967 2.784 2.721 2.824 3.751 4.886 3.382 6.079 6.04 10.401 7.672 19.856 9.533 6.543 6.352 7.567 12.407 18.945 16.603 5.383 6.57 4.575 8.967 10.319 26.418 15.287 6.767 8.347 8.12 10.405 5.966 8.185 20.776 9.895 9.829 7.084 6.122 14.91 13.128 7.653 16.755 9.275 7.69 12.124 4.571
0.651 0.536 0.654 0.424 1.476 2.623 3.545 2.375 2.479 0.246 1.226 5.221 1.471 0.362 0.274 1.786 5.368 3.605 3.146 3.127 5.196 1.824 1.805 1.893 2.616 3.485 2.266 4.396 4.254 7.715 5.324 15.332 6.479 4.273 4.179 5.147 9.032 14.229 11.947 3.359 4.248 2.819 6.253 7.287 20.783 10.79 4.318 5.562 5.443 7.343 3.897 5.688 16.368 6.841 6.86 4.734 4.049 11.405 9.622 5.203 12.896 6.464 5.303 9.052 2.964
0.957 0.799 0.934 0.641 1.86 3.318 4.621 3.341 3.439 0.434 1.658 6.355 2.208 0.623 0.475 2.238 6.68 5.133 4.653 4.634 7.284 2.939 2.809 2.87 3.772 4.926 3.434 6.099 6.139 10.642 7.972 20.647 10.141 6.919 6.608 7.761 12.636 19.519 17.358 5.699 6.791 4.709 8.964 10.364 26.732 15.889 7.086 8.56 8.25 10.431 6.016 8.098 20.476 10.015 9.881 7.128 6.111 14.584 13.079 7.7 16.558 9.312 7.668 11.914 4.574
0.949 0.783 0.9 0.61 1.78 3.419 5.051 3.66 3.768 0.463 1.642 6.674 2.265 0.625 0.453 1.926 6.383 5.101 4.69 4.658 7.382 2.912 2.688 2.655 3.423 4.506 3.132 5.548 5.675 10.187 7.726 20.977 10.301 6.955 6.488 7.483 12.272 19.736 17.912 5.807 6.751 4.584 8.512 9.966 27.532 16.676 7.411 8.831 8.411 10.574 6.052 8.026 21.043 10.37 10.234 7.329 6.196 14.848 13.648 8.062 17.67 9.925 8.099 12.551 4.782
0.731 0.608 0.726 0.486 1.541 2.712 3.668 2.539 2.631 0.302 1.306 5.231 1.613 0.433 0.331 1.835 5.459 3.861 3.44 3.432 5.541 2.092 2.05 2.128 2.874 3.793 2.557 4.75 4.675 8.269 5.922 16.108 7.294 4.931 4.785 5.766 9.75 15.136 13.018 4.001 4.92 3.35 6.875 7.983 21.582 11.888 5.072 6.338 6.163 8.061 4.483 6.292 16.929 7.614 7.604 5.387 4.626 11.964 10.351 5.869 13.515 7.162 5.914 9.625 3.435
0.664 0.554 0.683 0.451 1.524 2.586 3.343 2.211 2.287 0.232 1.248 5.063 1.475 0.377 0.31 2.04 5.765 3.848 3.336 3.317 5.448 1.967 2.004 2.149 2.976 3.925 2.585 4.977 4.789 8.451 5.839 16.105 6.852 4.565 4.542 5.62 9.678 14.799 12.273 3.497 4.54 3.077 6.781 7.765 20.842 10.72 4.305 5.602 5.505 7.371 3.961 5.81 15.961 6.711 6.723 4.676 4.055 11.12 9.245 4.991 11.993 6.052 5.004 8.466 2.816
0.847 0.712 0.878 0.588 1.953 3.238 4.013 2.611 2.671 0.291 1.578 6.372 1.886 0.502 0.422 2.811 7.949 5.251 4.522 4.481 7.281 2.685 2.761 2.984 4.144 5.464 3.633 6.947 6.69 11.644 8.041 21.52 9.181 6.14 6.118 7.552 12.879 19.373 15.905 4.66 6.001 4.108 8.897 10.147 26.294 13.403 5.448 6.987 6.84 9.078 4.956 7.237 19.413 8.234 8.227 5.77 5.023 13.466 11.113 6.038 13.979 7.11 5.911 9.912 3.391
1.032 0.888 1.081 0.758 2.168 3.391 4.182 2.886 2.963 0.378 1.818 6.16 2.133 0.646 0.596 3.117 7.613 5.386 4.755 4.763 7.414 3.086 3.224 3.514 4.716 6.018 4.24 7.584 7.376 12.049 8.787 21.157 10.039 7.07 7.18 8.731 13.981 20.127 17.035 5.582 7.274 5.266 10.509 11.724 27.042 14.976 6.624 8.502 8.421 10.828 6.301 8.881 21.026 9.828 9.833 7.164 6.391 15.255 12.879 7.403 15.782 8.682 7.352 11.618 4.398
0.683 0.565 0.686 0.453 1.53 2.703 3.576 2.382 2.451 0.26 1.251 5.348 1.558 0.4 0.306 1.951 5.983 4.071 3.556 3.521 5.775 2.088 2.061 2.164 2.984 3.981 2.631 5.03 4.905 8.79 6.127 17.112 7.359 4.862 4.717 5.756 9.974 15.571 13.076 3.799 4.703 3.15 6.77 7.897 21.896 11.469 4.665 5.854 5.686 7.562 4.092 5.878 16.491 7.062 7.026 4.881 4.169 11.359 9.634 5.274 12.517 6.38 5.23 8.753 2.97
0.783 0.656 0.812 0.534 1.81 3.027 3.882 2.562 2.654 0.268 1.485 5.874 1.696 0.431 0.363 2.404 6.624 4.374 3.791 3.789 6.236 2.241 2.315 2.493 3.455 4.54 2.977 5.765 5.515 9.723 6.683 18.454 7.807 5.241 5.276 6.555 11.264 17.097 14.111 4.012 5.323 3.614 8.025 9.116 24.302 12.414 4.995 6.63 6.531 8.753 4.681 6.922 18.899 7.857 7.931 5.538 4.833 13.283 10.936 5.892 14.298 7.168 5.956 10.126 3.342
0.86 0.724 0.867 0.591 1.768 2.975 3.986 2.837 2.957 0.348 1.533 5.571 1.851 0.512 0.417 2.167 5.724 4.134 3.678 3.674 5.815 2.308 2.303 2.428 3.245 4.194 2.888 5.228 5.127 8.724 6.37 16.393 7.773 5.356 5.3 6.41 10.555 15.945 13.847 4.391 5.542 3.884 7.871 8.999 22.773 12.966 5.655 7.18 7.079 9.216 5.245 7.361 18.705 8.729 8.724 6.275 5.481 13.656 11.869 6.829 15.327 8.386 6.997 11.232 4.131
0.838 0.698 0.808 0.554 1.598 2.957 4.193 2.997 3.046 0.384 1.399 5.609 1.939 0.548 0.409 1.807 5.857 4.633 4.237 4.206 6.601 2.642 2.481 2.493 3.249 4.277 2.994 5.294 5.395 9.513 7.184 18.873 9.277 6.302 5.938 6.89 11.205 17.604 15.779 5.183 6.094 4.201 7.827 9.105 24.044 14.411 6.44 7.695 7.352 9.202 5.308 7.056 17.956 8.858 8.732 6.298 5.371 12.686 11.525 6.821 14.6 8.211 6.723 10.354 4.001
0.672 0.55 0.657 0.436 1.47 2.752 3.737 2.488 2.529 0.272 1.198 5.621 1.678 0.429 0.308 1.876 6.434 4.54 3.946 3.839 6.253 2.274 2.151 2.209 3.031 4.103 2.736 5.162 5.138 9.311 6.586 18.447 8.075 5.207 4.872 5.833 10.167 16.331 13.93 4.064 4.757 3.139 6.532 7.802 22.34 11.992 4.844 5.775 5.517 7.262 3.965 5.562 16.021 7.088 6.922 4.767 3.992 10.782 9.451 5.202 12.041 6.239 5.03 8.311 2.878
0.97 0.827 0.989 0.696 1.967 3.208 4.088 2.885 2.946 0.39 1.685 6.004 2.163 0.648 0.553 2.808 7.418 5.474 4.861 4.832 7.468 3.134 3.15 3.361 4.478 5.766 4.083 7.216 7.139 11.784 8.739 21.081 10.309 7.148 7.044 8.413 13.44 19.712 17.024 5.692 7.046 5.045 9.734 11.009 25.807 14.852 6.638 8.153 7.955 10.069 5.911 8.108 19.333 9.403 9.285 6.765 5.933 13.878 12.056 7.045 14.594 8.228 6.882 10.678 4.167
0.813 0.695 0.855 0.585 1.796 2.853 3.515 2.358 2.425 0.282 1.486 5.337 1.708 0.485 0.441 2.586 6.57 4.472 3.905 3.908 6.218 2.438 2.559 2.793 3.808 4.913 3.361 6.226 5.996 10.064 7.133 18.057 8.114 5.61 5.706 7.015 11.541 16.859 14.02 4.328 5.731 4.052 8.47 9.473 22.929 12.145 5.153 6.732 6.655 8.699 4.89 7.062 17.612 7.796 7.835 5.614 4.98 12.581 10.43 5.816 13.017 6.867 5.785 9.434 3.373
0.847 0.721 0.892 0.607 1.92 3.07 3.744 2.466 2.532 0.286 1.577 5.902 1.836 0.512 0.461 2.87 7.503 5.012 4.333 4.311 6.912 2.651 2.78 3.04 4.182 5.43 3.676 6.901 6.627 11.221 7.849 20.184 8.835 6.028 6.107 7.539 12.56 18.453 15.183 4.569 6.028 4.221 8.982 10.085 24.8 12.817 5.316 6.916 6.823 8.983 4.996 7.28 18.58 8.056 8.075 5.729 5.061 13.096 10.775 5.914 13.372 6.941 5.832 9.637 3.377
0.935 0.788 0.96 0.652 2.097 3.508 4.311 2.811 2.844 0.332 1.666 6.918 2.112 0.58 0.474 3.005 8.912 6.013 5.181 5.097 8.156 3.09 3.124 3.352 4.638 6.15 4.154 7.782 7.595 13.126 9.195 23.953 10.5 7.02 6.888 8.408 14.213 21.397 17.722 5.391 6.716 4.638 9.676 11.147 28.397 14.817 6.154 7.635 7.427 9.722 5.432 7.762 20.499 9.014 8.933 6.325 5.483 14.204 11.941 6.623 14.664 7.645 6.342 10.428 3.731
1.117 0.961 1.16 0.81 2.309 3.622 4.528 3.167 3.257 0.422 1.948 6.478 2.224 0.665 0.6 3.084 7.52 5.334 4.749 4.795 7.47 3.1 3.229 3.497 4.677 5.966 4.184 7.487 7.29 11.994 8.773 21.297 10.22 7.251 7.381 8.965 14.334 20.695 17.653 5.872 7.667 5.547 11.011 12.276 28.546 16.066 7.236 9.35 9.265 11.878 6.914 9.702 22.954 10.788 10.849 7.979 7.119 16.896 14.334 8.347 17.878 9.896 8.388 13.215 5.052
0.772 0.639 0.748 0.501 1.542 2.829 3.99 2.826 2.951 0.35 1.359 5.499 1.719 0.466 0.342 1.657 5.206 3.806 3.444 3.44 5.538 2.11 2.008 2.031 2.69 3.554 2.415 4.4 4.396 7.88 5.753 15.871 7.366 5.003 4.778 5.67 9.552 15.159 13.34 4.201 5.035 3.422 6.753 7.935 22.064 12.582 5.501 6.766 6.555 8.496 4.787 6.569 17.742 8.229 8.224 5.865 5.005 12.653 11.25 6.515 14.899 8.074 6.664 10.688 3.917
0.665 0.548 0.662 0.441 1.464 2.641 3.536 2.378 2.427 0.262 1.209 5.331 1.64 0.423 0.318 1.965 6.202 4.363 3.783 3.694 5.991 2.216 2.138 2.23 3.061 4.093 2.74 5.156 5.089 9.044 6.405 17.536 7.754 5.04 4.795 5.787 9.973 15.698 13.348 3.911 4.686 3.136 6.588 7.754 21.36 11.492 4.651 5.636 5.434 7.163 3.929 5.558 15.541 6.904 6.751 4.671 3.954 10.583 9.181 5.046 11.607 6.059 4.916 8.114 2.818
0.772 0.643 0.794 0.526 1.806 3.08 3.864 2.489 2.548 0.266 1.451 6.231 1.794 0.463 0.374 2.6 7.732 5.078 4.341 4.267 6.998 2.516 2.547 2.736 3.825 5.093 3.352 6.474 6.248 11.043 7.566 20.773 8.69 5.706 5.61 6.933 12.036 18.436 15.105 4.299 5.438 3.668 8.072 9.324 25.033 12.603 4.999 6.331 6.18 8.275 4.462 6.537 18.204 7.614 7.56 5.231 4.506 12.439 10.309 5.524 13.01 6.529 5.382 9.14 3.059
0.932 0.778 0.913 0.625 1.861 3.343 4.562 3.198 3.248 0.402 1.577 6.396 2.152 0.604 0.459 2.267 7.137 5.391 4.846 4.795 7.553 2.991 2.86 2.931 3.894 5.142 3.568 6.407 6.451 11.27 8.338 21.745 10.398 7.024 6.676 7.855 12.921 20.043 17.597 5.675 6.74 4.646 8.934 10.394 27.139 15.715 6.892 8.276 7.939 10.06 5.76 7.796 20.075 9.633 9.487 6.801 5.814 14.088 12.559 7.313 15.768 8.711 7.143 11.178 4.239
0.782 0.666 0.829 0.556 1.795 2.855 3.517 2.317 2.392 0.253 1.48 5.395 1.635 0.437 0.405 2.553 6.486 4.282 3.701 3.716 6.022 2.254 2.402 2.638 3.634 4.701 3.138 5.981 5.694 9.719 6.735 17.68 7.636 5.238 5.396 6.72 11.244 16.51 13.535 3.962 5.447 3.799 8.278 9.212 22.922 11.747 4.818 6.524 6.472 8.579 4.677 6.928 17.822 7.531 7.634 5.414 4.816 12.71 10.348 5.616 13.188 6.726 5.662 9.492 3.22
0.888 0.746 0.878 0.606 1.76 3.069 4.151 2.957 3.021 0.384 1.523 5.825 2.027 0.579 0.453 2.221 6.526 4.943 4.449 4.421 6.921 2.805 2.717 2.811 3.724 4.863 3.399 6.05 6.064 10.401 7.743 19.708 9.605 6.561 6.307 7.444 12.092 18.43 16.206 5.325 6.399 4.468 8.562 9.858 24.84 14.547 6.466 7.827 7.555 9.551 5.521 7.474 18.681 9.08 8.953 6.467 5.572 13.272 11.783 6.909 14.7 8.232 6.794 10.564 4.064
0.69 0.557 0.66 0.425 1.48 2.878 4.164 2.855 3.009 0.309 1.283 5.944 1.653 0.404 0.273 1.564 5.388 3.743 3.313 3.271 5.46 1.902 1.771 1.772 2.404 3.253 2.119 4.05 4.01 7.524 5.284 15.897 6.816 4.435 4.158 5.001 8.923 14.79 12.784 3.649 4.297 2.781 5.924 7.157 22.213 11.932 4.844 5.948 5.743 7.726 4.13 5.837 17.742 7.623 7.585 5.201 4.337 12.251 10.789 5.943 14.828 7.56 6.129 10.365 3.456
0.653 0.545 0.65 0.438 1.376 2.414 3.221 2.21 2.267 0.266 1.143 4.631 1.443 0.393 0.303 1.677 5.091 3.615 3.219 3.205 5.148 1.961 1.921 1.999 2.704 3.577 2.427 4.487 4.433 7.811 5.607 15.053 6.841 4.621 4.47 5.369 9.034 13.96 11.974 3.718 4.541 3.106 6.296 7.313 19.497 10.736 4.598 5.686 5.51 7.155 4.005 5.586 14.858 6.733 6.699 4.758 4.086 10.419 9.022 5.131 11.585 6.166 5.085 8.208 2.969
0.879 0.749 0.886 0.62 1.763 2.928 3.759 2.624 2.651 0.351 1.434 5.273 1.813 0.537 0.439 2.18 6.188 4.55 4.096 4.104 6.39 2.616 2.609 2.752 3.68 4.798 3.369 5.997 5.971 10.101 7.456 18.494 8.94 6.226 6.116 7.303 11.77 17.483 15.126 5.076 6.271 4.486 8.626 9.845 23.716 13.648 6.175 7.618 7.432 9.387 5.495 7.482 18.017 8.698 8.636 6.334 5.549 12.961 11.311 6.683 13.938 7.811 6.52 10.079 3.956
0.852 0.73 0.884 0.614 1.774 2.821 3.581 2.504 2.591 0.316 1.5 5.103 1.737 0.508 0.456 2.358 5.775 4.106 3.639 3.653 5.718 2.344 2.429 2.627 3.518 4.493 3.141 5.635 5.482 9.049 6.603 16.226 7.715 5.428 5.51 6.714 10.83 15.786 13.482 4.363 5.712 4.112 8.286 9.289 21.985 12.31 5.432 7.048 7.006 9.068 5.231 7.394 17.828 8.304 8.341 6.07 5.404 13.09 11.138 6.409 14.011 7.684 6.493 10.341 3.86
0.862 0.717 0.825 0.566 1.601 3.008 4.365 3.155 3.202 0.407 1.436 5.689 2.014 0.571 0.426 1.769 5.766 4.716 4.357 4.332 6.771 2.732 2.542 2.528 3.251 4.261 2.999 5.256 5.391 9.54 7.303 19.217 9.621 6.552 6.147 7.07 11.387 17.978 16.319 5.414 6.339 4.371 7.997 9.267 24.513 15.015 6.771 8.07 7.686 9.537 5.52 7.267 18.298 9.186 9.057 6.554 5.584 12.983 11.908 7.106 15.126 8.597 7.031 10.727 4.187
