1.539 1.516 3.722 1.629 2.463 3.094 5.393 3.216 5.054 1.466 2.745 9.727 4.571 2.225 3.235 6.962 11.338 9.508 8.182 8.251 13.055 4.558 6.312 6.693 11.935 11.826 6.09 8.468 10.563 16.354 15.236 38.838 18.525 14.652 18.436 14.416 25.187 34.482 24.272 12.69 13.71 10.215 13.603 19.977 26.051 20.407 12.298 14.112 22.033 24.913 20.023 14.933 34.773 18.566 15.978 16.713 14.46 24.226 18.697 18.088 22.305 13.707 12.86 19.167 10.879
1.806 1.751 4.09 1.861 2.707 3.37 5.819 3.521 5.457 1.646 2.862 10.05 4.82 2.449 3.411 7.19 11.908 10.243 9.016 9.096 14.217 5.161 6.829 7.144 12.524 12.589 6.669 8.934 11.04 17.096 16.235 41.747 20.473 16.458 20.365 16.054 27.426 37.681 27.114 14.571 15.413 11.658 15.172 21.966 28.705 22.97 14.185 15.887 24.168 27.435 22.447 16.957 37.909 20.961 18.112 18.732 16.24 26.409 20.808 20.19 24.625 15.53 14.437 20.883 12.273
2.181 2.138 4.923 2.277 3.318 4.097 6.868 4.228 6.403 1.995 3.569 11.667 5.798 2.933 4.159 8.529 13.549 11.545 10.027 10.103 15.564 5.806 7.864 8.356 14.377 14.34 7.71 10.495 12.972 19.587 18.427 44.452 22.325 17.893 22.2 17.695 29.863 40.352 29.168 15.834 16.991 12.937 16.938 24.307 31.239 24.917 15.47 17.578 26.716 30.095 24.567 18.637 41.066 22.96 19.9 20.752 18.152 29.394 23.164 22.429 27.288 17.322 16.29 23.67 13.979
1.528 1.482 3.786 1.589 2.423 3.068 5.543 3.205 5.16 1.414 2.59 9.973 4.452 2.134 3.035 6.778 11.503 9.634 8.317 8.356 13.474 4.48 6.092 6.366 11.704 11.644 5.838 8.036 10.053 16.038 14.987 40.998 18.728 14.746 18.505 14.181 25.374 35.435 24.599 12.555 13.285 9.649 12.82 19.239 25.748 20.114 11.895 13.474 21.374 24.466 19.607 14.437 35.009 18.102 15.482 16.05 13.693 23.469 17.951 17.397 21.646 13.021 12.044 18.126 10.055
1.94 1.84 4.223 1.958 2.73 3.361 5.856 3.565 5.366 1.605 2.547 8.818 4.424 2.205 2.897 5.974 10.469 9.452 8.449 8.471 13.265 4.84 6.046 6.133 10.542 10.863 5.751 7.343 8.925 13.957 13.69 37.605 19.224 15.405 18.682 14.663 24.842 35.454 26.148 13.929 14.254 10.676 13.64 19.858 26.829 22.078 13.656 14.986 22.68 26.342 21.925 16.545 37.129 21.098 18.098 18.486 15.913 25.701 20.649 20.098 24.646 15.663 14.34 20.478 12.135
2.342 2.255 5.063 2.347 3.291 4.019 6.747 4.049 6.06 1.838 3.018 10.192 4.93 2.515 3.414 7.053 11.795 10.226 9.052 9.099 14.107 5.166 6.673 6.909 11.935 12.095 6.441 8.419 10.317 15.963 15.327 39.859 19.717 15.997 19.725 15.651 26.597 36.898 26.807 14.535 15.335 11.787 15.39 22.37 29.486 23.888 14.928 16.659 25.164 28.752 23.761 18.093 39.809 22.499 19.546 20.232 17.657 28.415 22.729 22.172 27.044 17.321 16.13 23.109 13.861
1.705 1.647 3.592 1.723 2.365 2.867 4.804 3.058 4.531 1.425 2.292 7.288 3.971 2.076 2.833 5.745 9.889 9.354 8.54 8.644 13.261 5.006 6.338 6.483 10.688 10.985 6.03 7.807 9.472 14.347 14.22 37.939 20.528 16.667 20.221 16.026 26.42 37.006 27.779 15.103 15.736 12.125 15.648 22.492 29.771 24.609 15.506 17.142 25.23 28.457 23.63 18.037 38.204 22.221 19.159 19.662 17.088 26.687 21.524 20.913 25.298 16.408 15.195 21.303 12.907
2.066 2.018 4.42 2.155 3.081 3.838 6.443 4.061 6.236 2.015 3.536 11.92 5.974 3.16 4.479 9.247 14.91 12.876 11.371 11.498 17.583 6.725 8.94 9.495 16.303 16.445 8.999 12.069 14.945 22.702 21.624 51.961 26.465 21.378 26.315 21.16 35.073 47.009 34.293 18.98 20.316 15.894 20.635 29.105 36.833 29.627 18.746 20.901 30.779 34.379 28.309 21.685 44.867 26.088 22.589 23.338 20.516 31.941 25.647 24.747 29.476 19.228 17.97 25.247 15.525
1.904 1.83 4.034 1.92 2.644 3.214 5.447 3.415 5.053 1.562 2.497 8.053 4.317 2.219 2.985 6.028 10.474 9.802 8.869 8.932 13.772 5.146 6.49 6.605 10.982 11.362 6.175 7.95 9.613 14.678 14.581 39.387 20.921 16.926 20.488 16.202 26.943 38.17 28.548 15.403 15.968 12.217 15.737 22.722 30.332 25.118 15.755 17.403 25.812 29.449 24.549 18.697 40.282 23.355 20.132 20.648 17.907 28.242 22.819 22.223 27.025 17.444 16.119 22.722 13.696
2.081 2.034 4.419 2.172 3.091 3.824 6.332 4.016 6.082 1.99 3.493 11.38 5.78 3.052 4.319 8.787 13.971 12.062 10.629 10.748 16.372 6.335 8.451 8.997 15.325 15.418 8.486 11.407 14.096 21.219 20.167 47.693 24.549 19.859 24.454 19.736 32.597 43.595 31.955 17.785 19.074 14.93 19.349 27.237 34.454 27.816 17.684 19.784 29.164 32.608 26.925 20.692 42.808 24.992 21.706 22.479 19.813 30.854 24.817 23.983 28.609 18.728 17.557 24.702 15.227
2.051 1.971 4.565 2.08 2.966 3.652 6.258 3.762 5.711 1.707 2.848 9.824 4.737 2.381 3.232 6.734 11.27 9.799 8.651 8.694 13.573 4.927 6.383 6.601 11.487 11.602 6.133 8.067 9.902 15.357 14.693 38.524 19.11 15.378 18.928 14.908 25.463 35.443 25.738 13.81 14.461 10.915 14.162 20.625 27.338 22.121 13.692 15.264 23.273 26.691 22.009 16.651 37.476 20.906 18.075 18.66 16.171 26.346 20.921 20.379 24.982 15.816 14.657 21.182 12.494
1.957 1.916 4.376 2.073 3.032 3.791 6.477 4.076 6.303 2.014 3.574 12.003 6.044 3.148 4.422 9.093 14.66 12.663 11.143 11.257 17.314 6.551 8.742 9.264 15.936 16.029 8.736 11.758 14.526 22.039 20.927 50.865 25.661 20.69 25.438 20.28 33.879 45.665 33.168 18.173 19.269 14.698 18.979 26.944 34.446 27.569 17.22 19.268 28.822 32.348 26.489 20.123 43.334 24.439 21.139 21.835 19.036 30.311 23.979 23.141 27.859 17.8 16.607 23.73 14.177
1.704 1.62 3.994 1.75 2.565 3.284 6.112 3.582 5.792 1.633 2.726 11.073 5.108 2.524 3.399 7.558 13.765 11.933 10.514 10.509 16.85 5.75 7.334 7.509 13.692 14.103 7.212 9.398 11.658 18.978 18.366 52.534 24.281 19.247 23.56 18.138 31.809 45.368 31.971 16.521 16.908 12.417 16.015 23.819 32.406 25.8 15.443 16.891 26.068 30.243 24.598 18.18 42.504 22.705 19.322 19.659 16.721 27.82 21.808 21.124 25.99 15.936 14.473 21.041 12.06
1.578 1.514 3.338 1.614 2.228 2.736 4.667 2.968 4.442 1.414 2.264 7.481 4.024 2.082 2.783 5.652 9.782 9.106 8.306 8.445 13.072 5.024 6.302 6.45 10.781 11.112 6.068 7.749 9.392 14.353 14.177 37.065 20.187 16.387 19.88 15.874 26.197 36.644 27.509 15.034 15.533 11.898 15.204 21.693 28.516 23.513 14.807 16.261 24.006 27.32 22.72 17.289 36.771 21.458 18.442 18.84 16.327 25.548 20.594 19.923 24.017 15.535 14.295 20.019 12.106
1.438 1.368 3.231 1.476 2.11 2.674 4.893 2.964 4.675 1.374 2.245 8.587 4.24 2.127 2.843 6.106 11.109 9.924 8.826 8.822 13.935 4.943 6.221 6.339 11.2 11.664 6.111 7.869 9.664 15.462 15.203 42.64 20.723 16.495 19.962 15.523 26.559 37.862 27.277 14.3 14.591 10.853 13.898 20.329 27.418 22.143 13.454 14.655 22.148 25.585 21.009 15.657 35.267 19.519 16.614 16.856 14.4 23.355 18.568 17.966 21.918 13.699 12.455 17.783 10.408
1.616 1.559 3.627 1.664 2.408 3.056 5.465 3.296 5.248 1.568 2.665 10.129 4.848 2.491 3.444 7.454 13.002 11.261 9.965 10.012 15.69 5.619 7.282 7.573 13.439 13.781 7.272 9.562 11.854 18.781 18.127 48.147 23.099 18.538 22.735 17.861 30.487 42.236 30.139 16.073 16.812 12.787 16.619 24.105 31.568 25.129 15.413 16.985 25.518 28.972 23.633 17.746 38.952 21.595 18.533 18.982 16.392 26.345 20.856 20.156 24.372 15.356 14.136 20.163 11.943
1.828 1.772 4.347 1.888 2.818 3.554 6.339 3.723 5.942 1.701 3.015 11.373 5.179 2.568 3.607 7.903 13.398 11.352 9.921 10.003 15.941 5.512 7.354 7.664 13.84 13.855 7.119 9.632 11.983 18.978 17.897 48.167 22.569 17.974 22.427 17.406 30.519 42.363 29.825 15.629 16.521 12.263 16.071 23.698 31.411 24.803 14.997 16.839 26.134 29.81 24.127 18.001 42.003 22.367 19.231 19.894 17.087 28.525 22.128 21.473 26.457 16.284 15.073 22.189 12.672
1.775 1.722 3.941 1.868 2.705 3.388 5.863 3.693 5.715 1.806 3.121 10.714 5.447 2.817 3.89 8.049 13.306 11.689 10.356 10.447 16.139 6.079 7.948 8.34 14.37 14.58 7.906 10.479 12.917 19.78 18.975 47.429 24.179 19.445 23.754 18.865 31.534 43.054 31.465 17.117 17.92 13.606 17.477 24.902 32.18 25.919 16.134 17.883 26.726 30.195 24.814 18.79 40.619 23.009 19.81 20.34 17.646 28.079 22.3 21.518 25.932 16.547 15.315 21.795 13.008
1.397 1.343 2.959 1.422 1.956 2.391 4.096 2.623 3.932 1.241 1.981 6.459 3.548 1.845 2.486 5.055 8.874 8.456 7.772 7.895 12.187 4.618 5.778 5.867 9.687 9.992 5.464 7 8.465 12.907 12.859 34.681 18.992 15.406 18.619 14.729 24.204 34.011 25.555 13.863 14.295 10.911 13.933 19.899 26.31 21.766 13.671 15.007 22.066 24.981 20.724 15.739 33.491 19.463 16.69 17.021 14.699 22.933 18.454 17.865 21.583 13.932 12.808 17.903 10.781
1.548 1.487 3.315 1.569 2.156 2.629 4.485 2.869 4.307 1.323 2.091 6.669 3.617 1.869 2.526 5.119 8.861 8.638 8.039 8.159 12.584 4.676 5.833 5.884 9.607 9.795 5.328 6.854 8.294 12.575 12.495 35.009 19.555 15.866 19.138 14.911 24.452 34.742 26.429 14.232 14.628 11.036 13.981 19.891 26.564 22.295 14.026 15.461 22.879 25.957 21.63 16.469 35.782 20.739 17.802 18.197 15.637 24.487 19.686 19.142 23.384 15.05 13.815 19.411 11.579
1.716 1.701 3.991 1.865 2.799 3.509 5.996 3.782 5.862 1.865 3.445 11.377 5.751 2.933 4.203 8.653 13.704 11.644 10.089 10.183 15.702 5.85 8.049 8.63 14.905 14.869 8.047 11.069 13.731 20.697 19.415 46.278 22.935 18.364 22.759 18.073 30.485 40.815 29.259 15.833 16.958 12.754 16.696 23.868 30.39 23.987 14.766 16.8 25.515 28.531 23.098 17.41 38.335 21.123 18.264 18.993 16.557 26.828 20.928 20.143 24.381 15.326 14.412 20.989 12.277
1.436 1.398 3.452 1.496 2.256 2.859 5.118 3.015 4.848 1.388 2.512 9.507 4.327 2.142 3.042 6.688 11.27 9.502 8.274 8.346 13.305 4.59 6.183 6.472 11.716 11.695 5.999 8.187 10.211 16.147 15.17 40.497 18.908 15.013 18.77 14.557 25.542 35.284 24.734 12.93 13.724 10.169 13.348 19.641 25.887 20.329 12.251 13.794 21.423 24.337 19.615 14.604 34.087 18.059 15.504 16.052 13.779 23.028 17.784 17.218 21.183 12.991 12.039 17.763 10.1
1.665 1.64 4.019 1.766 2.682 3.391 5.947 3.563 5.655 1.654 3.123 11.229 5.269 2.578 3.766 8.149 13.296 11.129 9.566 9.646 15.255 5.35 7.409 7.87 14.07 13.944 7.191 10.016 12.523 19.43 18.095 46.005 21.898 17.27 21.703 16.98 29.571 40.295 28.284 14.817 16.014 11.964 15.832 23.085 29.89 23.32 14.06 16.069 24.938 28.066 22.497 16.77 38.667 20.66 17.731 18.498 15.988 26.606 20.504 19.767 24.235 14.911 13.96 20.688 11.776
2.184 2.139 4.676 2.3 3.272 3.996 6.513 4.196 6.176 2.099 3.583 10.797 5.772 3.055 4.193 8.179 12.697 11.048 9.702 9.775 14.657 5.865 7.769 8.278 13.745 13.844 7.84 10.425 12.751 18.755 17.851 40.586 21.463 17.456 21.277 17.244 28.098 37.451 27.816 15.687 16.587 12.762 16.424 23.113 29.371 23.869 15.232 17.117 25.373 28.514 23.641 18.205 38.119 22.192 19.376 20.101 17.74 27.875 22.378 21.687 26.054 17.011 16.02 22.752 13.917
1.599 1.493 3.557 1.619 2.274 2.851 5.351 3.242 5.001 1.412 2.196 8.261 4.245 2.051 2.624 5.481 10.578 9.903 8.814 8.704 13.853 4.806 5.853 5.76 10.052 10.746 5.562 6.99 8.417 13.611 13.801 42.029 20.787 16.28 19.279 14.733 25.321 37.905 27.727 14.131 13.963 10.048 12.591 18.591 26.343 21.935 13.179 14.155 21.489 25.571 21.346 15.779 36.67 20.496 17.261 17.269 14.528 23.811 19.191 18.669 23.093 14.325 12.827 18.296 10.565
1.965 1.935 4.44 2.125 3.137 3.917 6.657 4.26 6.541 2.142 3.827 12.428 6.419 3.341 4.685 9.494 15.062 12.975 11.344 11.443 17.492 6.694 9.016 9.621 16.431 16.503 9.098 12.307 15.192 22.798 21.572 51.048 25.86 20.83 25.548 20.388 33.918 45.42 33.009 18.136 19.187 14.494 18.728 26.573 33.865 27.052 16.871 18.975 28.477 31.927 26.102 19.808 42.741 24.016 20.8 21.51 18.776 30.008 23.66 22.807 27.469 17.503 16.39 23.552 14.012
1.623 1.535 3.554 1.649 2.311 2.881 5.282 3.28 5.036 1.475 2.338 8.397 4.471 2.225 2.918 6.026 11.27 10.658 9.56 9.503 14.915 5.322 6.575 6.543 11.172 11.85 6.268 7.969 9.604 15.191 15.365 44.923 22.876 18.113 21.534 16.619 28.082 41.124 30.335 15.758 15.831 11.64 14.691 21.372 29.43 24.407 14.873 16.105 24.073 28.042 23.359 17.433 39.125 22.153 18.782 18.915 16.042 25.767 20.741 20.148 24.688 15.509 14.025 19.829 11.604
1.895 1.865 4.056 2.024 2.894 3.547 5.782 3.783 5.591 1.948 3.349 10.004 5.428 2.909 4.007 7.775 11.998 10.449 9.191 9.282 13.869 5.628 7.483 8.01 13.24 13.341 7.633 10.171 12.445 18.217 17.339 38.826 20.627 16.828 20.494 16.668 26.987 35.719 26.56 15.099 15.986 12.33 15.817 22.106 27.874 22.62 14.495 16.286 23.998 26.841 22.238 17.161 35.509 20.746 18.134 18.805 16.621 25.932 20.813 20.133 24.075 15.775 14.878 21.033 12.924
1.505 1.462 3.604 1.565 2.356 2.997 5.4 3.178 5.142 1.473 2.642 10.174 4.615 2.296 3.245 7.171 12.197 10.303 8.993 9.067 14.46 4.987 6.671 6.97 12.648 12.666 6.503 8.823 11.009 17.492 16.482 44.327 20.629 16.385 20.439 15.844 27.772 38.412 26.91 14.078 14.889 11.051 14.458 21.252 28.025 22.012 13.271 14.866 23.009 26.148 21.083 15.693 36.464 19.341 16.589 17.131 14.691 24.468 18.925 18.313 22.482 13.801 12.754 18.739 10.689
1.967 1.924 4.29 2.075 2.982 3.675 6.117 3.901 5.858 1.934 3.345 10.554 5.504 2.888 3.994 7.965 12.599 10.962 9.654 9.744 14.795 5.773 7.655 8.121 13.69 13.79 7.671 10.238 12.567 18.749 17.849 42.012 21.825 17.699 21.652 17.414 28.712 38.572 28.427 15.819 16.724 12.805 16.492 23.321 29.799 24.107 15.243 17.09 25.464 28.657 23.666 18.121 38.546 22.145 19.261 19.94 17.491 27.679 22.093 21.392 25.762 16.66 15.614 22.242 13.453
