3.689 3.024 6.488 5.59 11.782 15.852 14.759 12.477 12.693 5.537 7.69 10.723 4.339 2.699 2.099 10.349 11.105 11.73 13.543 10.105 17.601 9.817 5.124 7.177 17.157 14.039 9.465 14.907 17.83 20.52 28.808 43.775 20.212 19.608 16.243 10.861 18.009 35.592 29.871 17.54 12.609 8.684 15.126 12.848 23.128 42.899 23.703 22.027 31.007 27.975 32.048 20.705 46.628 19.088 20.617 25.929 17.687 24.662 18.425 21.541 30.072 19.921 16.518 26.518 7.599
3.65 3.089 6.765 5.814 11.821 15.455 14.081 11.764 11.958 5.279 7.502 10.464 4.25 2.719 2.191 10.74 10.814 11.242 12.96 9.595 16.575 9.173 4.881 7.034 16.649 13.141 8.915 14.277 16.896 19.049 26.425 39.34 18.014 17.831 15.078 10.298 17.336 33.445 27.713 16.449 12.114 8.586 15.312 13.133 23.482 42.115 22.957 21.483 30.292 27.111 31.047 20.218 45.24 18.488 20.366 25.882 17.735 24.915 18.735 22.012 30.49 20.138 16.895 27.133 7.836
3.229 2.614 5.83 5.122 12.237 16.164 13.687 11.09 11.281 4.707 6.75 9.967 3.926 2.418 1.855 10.28 12.092 12.424 13.448 9.408 16.844 8.95 4.531 6.413 16.697 14.223 9.278 14.63 17.414 20.346 28.663 42.75 17.543 16.901 13.674 9.029 15.844 35.481 29.195 15.941 10.992 7.325 13.028 11.141 21.882 43.875 21.503 19.497 27.471 24.958 29.203 18.224 43.606 16.489 18.049 23.014 15.706 22.846 16.813 20.017 28.653 18.203 14.848 24.636 6.599
2.874 2.239 4.901 4.326 10.415 14.372 12.784 10.497 10.647 4.401 6.095 8.919 3.465 2.047 1.499 8.432 9.893 10.349 11.454 8.07 14.436 7.693 3.794 5.173 13.673 11.564 7.521 11.79 14.188 16.598 23.753 36.594 15.526 14.575 11.606 7.459 12.748 28.935 24.312 13.469 9.107 5.882 10.173 8.624 17.035 36.033 18.749 16.995 24.172 22.099 26.156 16.467 40.272 15.52 16.65 21.245 14.38 20.853 15.42 18.347 26.753 17.275 14.044 23.442 6.276
3.01 2.401 5.45 4.911 12.237 15.721 13.028 10.575 10.837 4.422 6.39 9.732 3.72 2.247 1.683 10.031 12.061 11.97 12.819 8.831 16.129 8.389 4.152 5.842 16.193 13.72 8.684 13.729 16.587 19.4 27.314 40.618 16.032 15.432 12.436 8.159 14.655 34.711 27.447 14.653 9.941 6.497 11.697 10.113 20.773 42.721 19.893 18.043 25.893 23.682 27.912 17.159 42.641 15.415 16.996 22.12 15.018 22.18 16.194 19.414 28.253 17.546 14.272 24.316 6.258
2.299 1.702 3.773 3.429 9.171 12.945 11.212 8.988 9.038 3.561 4.886 7.482 2.822 1.591 1.102 7.078 9.149 9.605 10.481 7.149 13.117 6.787 3.185 4.222 12.271 10.742 6.794 10.636 13.039 15.546 22.688 35.577 14.232 12.906 9.909 6.138 10.695 27.067 22.685 12.01 7.697 4.69 8.029 6.815 14.476 33.338 16.444 14.41 20.423 18.642 22.229 13.544 34.755 12.644 13.281 17.006 11.348 16.774 12.22 14.614 21.896 13.746 10.89 18.618 4.695
3.506 3.052 6.679 5.817 11.3 13.54 12.139 10.36 10.686 4.903 7.047 9.776 4.077 2.684 2.231 10.498 10.196 9.922 11.173 8.569 14.749 8.421 4.644 6.795 15.721 12.316 8.281 12.936 15.324 17.252 23.188 33.454 15.941 16.122 14.084 10.026 17.109 31.799 25.178 15.032 11.401 8.416 15.32 13.552 24.032 40.169 21.529 20.228 28.518 25.796 29.118 19.096 41.259 17.178 19.023 24.228 16.943 23.515 17.695 20.66 27.954 18.527 15.698 24.979 7.515
3.632 3.133 6.805 5.916 11.548 14.007 12.703 10.931 11.31 5.179 7.386 10.213 4.244 2.765 2.27 10.626 10.408 10.196 11.498 8.849 15.281 8.783 4.818 6.985 16.129 12.727 8.554 13.293 15.75 17.831 24.117 35.092 16.887 17.003 14.778 10.448 17.695 32.948 26.235 15.646 11.785 8.622 15.562 13.711 24.27 40.922 22.212 20.915 29.578 26.906 30.459 19.976 43.25 18.089 19.934 25.321 17.67 24.457 18.371 21.403 29.035 19.304 16.32 25.972 7.8
3.015 2.436 5.116 4.454 9.172 12.099 11.553 10.173 10.622 4.785 6.522 8.999 3.67 2.235 1.696 8.188 8.748 8.983 10.296 7.905 13.864 8.1 4.252 5.847 13.902 11.525 7.683 11.781 14.13 16.382 22.938 35.044 17.208 16.644 13.875 9.317 15.219 29.494 24.435 14.291 10.185 6.958 11.911 10.175 18.073 32.739 18.627 17.287 24.408 22.645 26.026 17.046 37.305 15.917 16.856 20.973 14.41 19.654 14.639 16.82 23.169 15.619 12.937 20.559 6.099
2.883 2.465 6.752 5.618 13.325 15.039 11.949 9.726 10.382 4.236 7.012 10.833 3.748 2.359 1.879 14.944 12.783 11.419 12.259 8.447 16.576 7.987 4.044 6.656 19.963 13.619 8.343 14.713 17.156 18.939 25.683 36.083 13.678 14.294 12.213 8.229 16.75 36.314 24.773 12.975 9.361 6.333 13.127 10.988 22.922 40.764 17.463 16.444 25.353 22.282 26.315 15.849 42 13.981 16.481 22.619 14.688 22.82 15.984 19.727 28.431 16.859 14.174 25.774 6.08
2.523 2.111 4.977 4.371 9.656 11.473 9.717 8.098 8.459 3.677 5.498 8.18 3.203 2.025 1.611 9.788 9.489 9.052 9.79 7.01 12.734 6.756 3.538 5.281 14.267 10.855 7.025 11.379 13.437 15.111 20.476 29.108 12.351 12.329 10.481 7.203 13.128 27.445 20.619 11.526 8.288 5.738 10.66 9.241 17.657 31.344 15.286 14.155 20.521 18.527 21.54 13.664 32.43 12.361 13.802 18.053 12.324 17.916 13.145 15.657 21.932 13.928 11.649 19.566 5.364
3.256 2.783 6.175 5.443 11.098 13.345 11.691 9.934 10.363 4.735 6.863 9.817 4.065 2.63 2.14 10.91 10.811 10.391 11.304 8.387 14.629 8.257 4.48 6.555 16.087 12.738 8.463 13.23 15.585 17.552 23.61 33.668 15.522 15.523 13.426 9.457 16.431 32.106 25.2 14.621 10.781 7.727 13.948 12.224 22.02 37.511 19.683 18.317 25.978 23.778 27.286 17.876 39.514 16.335 17.998 23.029 16.083 22.526 16.872 19.696 26.837 17.654 14.843 23.883 7.078
2.807 2.309 5.637 4.981 11.849 13.757 11.216 9.308 9.838 4.103 6.225 9.515 3.49 2.148 1.647 11.069 10.679 10.06 10.848 7.517 14.148 7.05 3.582 5.295 15.517 11.338 7.166 11.84 14.034 15.797 21.662 30.919 12.197 12.362 10.377 6.982 13.154 29.749 21.192 11.548 8.177 5.519 10.536 9.234 18.978 35.462 15.932 15.048 22.581 20.263 24.082 14.871 38.272 13.317 15.364 20.753 13.881 21.096 15.147 18.549 26.785 16.354 13.791 24.304 6.146
3.565 2.963 6.69 5.889 13.439 16.891 14.213 11.674 12.015 5.12 7.457 10.95 4.32 2.712 2.133 11.552 12.644 12.447 13.342 9.395 16.729 8.911 4.599 6.633 17.039 13.983 9.061 14.285 16.888 19.395 26.774 39.046 16.18 15.954 13.247 8.976 15.95 34.632 27.568 15.222 10.77 7.397 13.46 11.695 22.74 43.559 21.268 19.666 28.19 25.837 30.331 19.209 45.834 17.538 19.602 25.418 17.547 25.592 18.975 22.694 32.309 20.649 17.147 28.623 7.823
2.911 2.352 5.003 4.334 9.208 12.423 11.7 10.015 10.255 4.48 6.156 8.582 3.464 2.121 1.619 8.01 8.709 9.121 10.486 7.862 13.744 7.731 4.003 5.53 13.318 10.999 7.355 11.464 13.768 15.938 22.424 34.3 16.047 15.456 12.746 8.472 13.97 27.847 23.357 13.656 9.723 6.621 11.423 9.703 17.536 32.889 18.387 17.084 24.169 22.067 25.4 16.453 37.155 15.383 16.481 20.707 14.154 19.662 14.678 17.109 23.959 15.966 13.206 21.229 6.11
3.288 2.688 6.31 5.612 13.154 15.823 13.221 10.969 11.458 4.814 7.108 10.709 4.051 2.487 1.905 11.723 11.929 11.45 12.323 8.6 15.795 8.109 4.12 5.957 16.649 12.749 8.119 13.073 15.542 17.627 24.267 35.106 14.243 14.134 11.79 7.928 14.486 32.486 24.219 13.317 9.364 6.327 11.752 10.295 20.743 39.645 18.621 17.395 25.694 23.356 27.723 17.346 43.575 15.825 17.91 23.852 16.188 24.172 17.636 21.387 30.883 19.289 16.15 27.918 7.321
2.857 2.348 5.663 4.975 11.399 13.616 11.463 9.494 9.915 4.209 6.331 9.568 3.656 2.267 1.768 11.603 11.293 10.805 11.706 8.283 15.31 7.958 4.081 6.096 17.174 12.972 8.301 13.603 16.143 18.221 24.896 35.665 14.748 14.617 12.283 8.304 15.367 33.153 24.667 13.567 9.587 6.489 12.15 10.483 20.573 37.431 17.847 16.426 23.978 21.532 25.135 15.703 38.29 14.135 15.759 20.727 13.972 20.554 14.919 17.863 25.303 15.832 13.153 22.441 5.936
3.502 2.869 6.812 6.03 14.033 16.803 14.054 11.629 12.139 5.127 7.636 11.557 4.397 2.715 2.096 13.412 13.42 12.92 13.994 9.835 18.179 9.379 4.794 7.026 19.885 15.134 9.683 15.765 18.773 21.292 29.271 42.159 17.227 17.085 14.3 9.643 17.72 39.14 29.087 15.998 11.285 7.64 14.225 12.374 24.584 45.704 21.534 19.933 29.188 26.28 30.85 19.245 47.491 17.322 19.42 25.65 17.317 25.628 18.612 22.395 31.941 19.902 16.571 28.397 7.478
3.507 2.86 5.834 4.941 9.325 11.779 11.874 11.294 12.025 5.483 7.339 9.616 3.89 2.387 1.834 7.949 7.889 7.934 9.317 7.791 13.968 8.751 4.665 6.359 13.889 11.143 7.385 11 13.169 15.598 21.995 33.753 18.311 18.047 15.361 10.516 16.83 29.877 23.804 14.192 10.503 7.487 13.011 11.44 19.773 33.582 19.809 18.954 27.469 26.328 29.779 19.322 40.574 18.056 19.159 23.711 16.441 22.01 16.305 18.529 25.261 17.565 14.745 23.164 7.134
2.197 1.618 3.765 3.54 9.887 12.966 10.675 8.572 8.773 3.368 4.76 7.658 2.753 1.53 1.042 7.593 9.585 9.52 10.192 6.794 12.933 6.418 2.951 3.96 12.696 10.679 6.502 10.325 12.844 15.226 22.065 33.947 12.71 11.698 9.067 5.643 10.358 28.07 21.658 11.109 7.041 4.242 7.568 6.623 15.025 34.652 15.415 13.594 19.975 18.292 22.021 13.084 35.611 11.886 12.81 17.089 11.305 17.22 12.319 14.956 22.79 13.687 10.884 19.464 4.607
2.947 2.522 5.593 4.828 10.013 12.744 11.125 9.189 9.381 4.158 6.01 8.503 3.476 2.256 1.845 9.23 9.361 9.619 10.66 7.755 13.453 7.397 3.963 5.802 13.907 11.08 7.512 11.967 13.979 15.805 21.77 31.668 14.07 13.998 11.887 8.204 14.137 27.93 22.86 13.263 9.734 6.939 12.553 10.881 19.818 35.308 18.39 17.057 23.987 21.571 24.803 16.069 36.01 14.566 16.152 20.578 14.228 20.186 15.135 17.843 24.626 16.135 13.526 21.772 6.302
2.561 2.062 5.728 4.873 12.594 14.241 11.075 8.98 9.647 3.833 6.23 9.938 3.303 1.975 1.464 13.354 11.776 10.721 11.668 7.88 16.019 7.379 3.611 5.642 18.958 12.731 7.732 13.783 16.323 18.285 25.397 36.34 13.192 13.621 11.324 7.385 15.159 35.968 23.828 12.293 8.57 5.537 11.334 9.674 21.428 40.267 16.365 15.395 24.024 20.852 24.87 14.605 40.834 12.658 14.904 20.695 13.132 20.889 14.297 17.851 26.224 15.04 12.574 23.492 5.255
3.397 2.829 6.123 5.275 10.877 14.306 13.228 11.214 11.478 5.061 7.105 9.878 3.996 2.51 1.978 9.557 9.757 9.989 11.376 8.456 14.615 8.133 4.285 6.062 14.293 11.426 7.662 12.036 14.258 16.201 22.475 33.787 15.666 15.393 12.926 8.762 14.643 28.538 23.752 14.04 10.234 7.165 12.634 10.817 19.445 35.712 19.909 18.777 26.793 24.427 28.303 18.546 42.144 17.464 19.179 24.446 16.849 23.7 17.861 21.04 29.461 19.657 16.5 26.698 7.735
2.475 2.006 5.694 4.808 12.217 13.98 11.079 8.968 9.547 3.716 6.123 9.771 3.266 1.954 1.48 13.522 11.855 10.841 11.718 7.905 15.95 7.438 3.601 5.819 19.031 12.987 7.856 13.977 16.531 18.499 25.618 36.77 13.399 13.663 11.353 7.397 15.361 35.666 24.114 12.362 8.517 5.477 11.431 9.621 21.044 39.353 16.341 15.144 23.469 20.443 24.329 14.259 39.501 12.421 14.498 20.019 12.73 20.11 13.818 17.157 25.196 14.57 12.061 22.43 4.99
2.915 2.37 5.143 4.334 9.473 13.8 12.719 10.349 10.306 4.34 6.052 8.469 3.352 2.074 1.605 8.217 8.889 10.25 11.915 8.546 14.873 8.034 4.106 5.782 13.926 11.359 7.876 12.789 15.018 17.241 24.91 38.435 17.024 16.327 13.191 8.532 14.086 28.661 25.347 14.831 10.441 6.997 12.064 9.972 18.11 36.014 20.001 18.386 25.433 22.377 25.972 16.571 38.136 15.18 16.498 20.551 13.712 19.546 14.57 17.188 24.343 16.001 13.168 21.14 5.808
3.011 2.529 5.54 4.743 9.709 12.963 11.92 9.954 10.112 4.426 6.268 8.731 3.506 2.217 1.766 8.658 8.652 9.022 10.397 7.627 13.145 7.225 3.803 5.441 12.87 10.098 6.829 10.946 12.9 14.497 20.209 30.345 13.872 13.678 11.493 7.767 13.003 25.255 21.196 12.606 9.228 6.474 11.479 9.771 17.499 32.249 17.989 16.963 24.107 21.657 25.119 16.442 37.454 15.356 16.994 21.712 14.834 21.011 15.869 18.748 26.286 17.46 14.688 23.785 6.809
2.648 2.04 4.433 3.919 9.685 13.703 12.135 9.82 9.845 4.027 5.547 8.202 3.214 1.896 1.382 7.974 9.938 10.716 11.925 8.365 14.966 7.974 3.905 5.293 14.135 12.297 8.06 12.66 15.303 18.074 26.071 40.292 16.89 15.63 12.255 7.773 13.187 30.352 25.899 14.236 9.498 6.047 10.322 8.651 17.008 36.074 18.548 16.487 22.926 20.611 24.056 14.923 35.968 13.691 14.467 18.186 12.201 17.595 12.94 15.308 22.236 14.243 11.432 18.909 5.015
3.002 2.44 5.064 4.326 8.392 10.939 11.317 10.286 10.589 4.686 6.324 8.42 3.396 2.083 1.599 7.183 7.304 7.459 9.052 7.475 13.097 7.605 3.998 5.484 12.309 9.847 6.526 10.023 12.329 14.466 20.048 31.176 16.073 15.768 13.263 8.94 14.32 25.731 20.94 12.802 9.523 6.74 11.717 10.047 17.228 29.646 17.772 17.218 24.918 22.997 25.75 16.789 36.644 15.869 16.979 21.232 14.601 19.642 14.613 16.923 23.391 16.013 13.419 21.315 6.348
3.381 2.782 5.885 5.038 9.995 13.233 13.067 11.422 11.654 5.138 7.049 9.559 3.87 2.406 1.876 8.756 9.007 9.388 11.325 8.915 15.484 8.814 4.648 6.477 14.887 11.91 7.996 12.556 15.28 17.599 24.495 37.709 18.475 18.119 15.199 10.246 16.646 30.809 25.489 15.444 11.4 8.021 13.984 11.912 20.714 36.529 21.173 20.111 28.581 25.828 29.073 18.922 41.604 17.497 18.852 23.643 16.143 22.02 16.463 19.134 26.45 17.806 14.885 23.69 6.931
2.739 2.307 5.151 4.449 9.706 12.486 10.744 8.832 9.05 3.924 5.684 8.129 3.26 2.075 1.661 8.496 8.884 9.002 9.738 6.938 12.136 6.557 3.44 4.988 12.163 9.858 6.555 10.332 12.026 13.714 18.945 27.729 11.925 11.791 9.845 6.697 11.676 24.113 19.85 11.217 8.054 5.62 10.152 8.76 16.467 31.048 15.953 14.819 21.056 19.236 22.573 14.524 33.845 13.457 15.032 19.278 13.364 19.339 14.463 17.26 24.335 15.895 13.286 21.807 6.143
