1.834 3.116 4.658 3.319 5.502 7.995 7.938 6.924 6.115 3.279 5.602 4.369 3.892 5.219 4.082 11.209 12.747 9.328 8.887 5.543 13.573 4.917 4.476 5.824 7.84 8.345 5.551 9.13 10.296 12.141 11.615 14.48 13.156 10.555 9.744 9.316 10.299 13.23 13.689 9.664 9.796 9.853 12.33 13.203 13.666 16.992 11.808 10.885 10.373 15.871 15.165 13.435 15.437 7.936 8.626 9.456 9.72 9.645 8.603 8.013 9.882 7.569 9.836 9.877 7.351
2.074 3.567 5.387 3.944 6.571 9.499 9.048 7.792 6.884 3.685 6.43 5.106 4.593 6.21 4.908 14.064 14.971 10.737 10.285 6.439 16.341 5.639 5.154 6.838 9.865 10.479 6.746 11.274 12.983 15.12 14.181 17.698 15.925 12.614 11.698 11.277 12.606 16.304 16.654 11.527 11.727 11.876 15.114 16.033 16.29 20.043 13.602 12.448 11.867 18.382 17.184 14.862 17.057 8.643 9.414 10.41 10.929 10.763 9.511 8.834 10.947 8.337 10.857 10.863 8.027
2.336 4.027 6.033 4.35 7.3 10.501 10.189 8.719 7.655 4.113 7.109 5.606 5.105 6.908 5.457 15.298 16.99 12.096 11.448 7.184 17.823 6.38 5.858 7.693 10.7 11.658 7.673 12.694 14.371 17.002 16.006 19.807 17.842 14.208 13.133 12.596 14.044 18.123 18.638 13.026 13.227 13.334 16.832 17.95 18.342 22.455 15.301 13.997 13.287 20.309 19.097 16.579 18.876 9.616 10.483 11.512 11.997 11.936 10.598 9.862 12.169 9.284 12.06 12.018 8.936
2.035 3.532 5.39 3.951 6.559 9.415 8.78 7.603 6.787 3.631 6.437 5.111 4.549 6.146 4.818 13.907 14.082 10.133 9.892 6.211 16.131 5.338 4.905 6.602 9.744 10.082 6.347 10.717 12.408 14.247 13.273 16.703 15.002 11.876 11.097 10.781 12.119 15.711 15.912 10.917 11.171 11.402 14.639 15.464 15.655 19.394 13.133 12.118 11.678 18.422 17.141 14.829 17.229 8.705 9.569 10.704 11.305 11.066 9.741 9.053 11.295 8.587 11.251 11.276 8.281
1.527 2.572 3.933 2.876 4.822 7.114 6.822 5.956 5.291 2.781 4.853 3.818 3.357 4.517 3.521 10.417 10.955 8.006 7.737 4.773 12.462 4.142 3.683 4.849 7.099 7.394 4.664 7.837 9.118 10.608 9.984 12.653 11.412 9.004 8.311 7.972 8.896 11.598 11.877 8.153 8.233 8.317 10.67 11.38 11.648 14.628 9.963 9.118 8.696 13.825 13.087 11.438 13.346 6.693 7.217 7.986 8.397 8.248 7.26 6.709 8.377 6.369 8.369 8.455 6.201
2.39 4.263 6.531 4.806 7.821 10.842 9.784 8.425 7.577 4.158 7.489 6.045 5.437 7.395 5.852 16.267 15.698 11.15 11.06 7.098 18.219 6 5.748 8.016 11.957 12.139 7.639 12.983 14.978 16.815 15.498 19.332 17.27 13.75 13.04 12.881 14.587 18.72 18.67 12.845 13.356 13.835 17.714 18.418 18.369 22.333 15.072 14.043 13.715 21.299 19.348 16.6 19.157 9.838 11.022 12.54 13.269 12.894 11.368 10.645 13.244 10.089 13.115 13.05 9.621
1.664 2.972 4.571 3.298 5.239 6.991 6.334 5.52 5.036 2.855 5.168 4.12 3.704 5.033 3.971 10.438 9.891 7.138 7.14 4.701 11.788 3.984 3.866 5.585 8 7.768 5.006 8.583 9.617 10.595 9.847 12.283 10.993 8.887 8.591 8.567 9.655 12.168 12.002 8.416 8.891 9.291 11.703 11.99 11.949 14.464 9.965 9.424 9.336 14.227 12.837 11.105 12.826 6.785 7.725 8.845 9.202 8.895 7.889 7.447 9.216 7.081 9.154 9.061 6.737
2.214 3.996 6.415 4.554 7.639 10.512 9.273 8.031 7.323 3.989 7.448 5.858 5.24 7.281 5.639 16.56 14.976 10.401 10.696 6.846 18.599 5.614 5.407 7.871 11.972 11.621 7.221 12.794 14.549 16.135 14.796 18.794 16.525 13.168 12.623 12.489 14.164 18.234 17.887 12.189 12.812 13.317 17.14 17.577 17.471 21.436 14.191 13.346 13.072 20.74 18.408 15.805 18.53 9.282 10.532 12.141 12.754 12.32 10.799 10.091 12.697 9.515 12.601 12.507 9.078
1.629 2.844 4.343 3.161 5.153 7.224 6.737 5.838 5.214 2.856 5.043 4.018 3.616 4.917 3.904 10.817 10.997 7.971 7.754 4.945 12.424 4.245 3.981 5.494 7.922 8.113 5.27 8.906 10.165 11.57 10.843 13.509 12.099 9.668 9.114 8.9 9.962 12.721 12.795 8.927 9.233 9.48 11.987 12.505 12.589 15.349 10.436 9.662 9.343 14.284 13.022 11.235 12.898 6.631 7.344 8.243 8.604 8.394 7.435 6.961 8.623 6.576 8.521 8.471 6.267
1.648 2.901 4.399 3.184 4.973 6.783 6.645 5.991 5.426 2.979 5.142 3.925 3.433 4.566 3.674 9.613 10.217 8.085 8.078 5.129 12.027 4.063 3.878 5.445 7.542 7.247 4.795 8.32 9.835 10.994 10.517 13.485 12.199 9.78 9.328 9.135 10.031 12.352 12.31 8.873 9.401 9.799 12.196 12.475 12.641 15.76 11.072 10.39 10.109 15.048 13.213 11.386 13.199 6.866 7.685 8.561 8.671 8.242 7.334 7.036 8.833 6.817 8.797 8.663 6.411
1.938 3.328 5.067 3.618 5.758 8.003 7.627 6.91 6.384 3.54 6.22 4.879 4.242 5.613 4.343 11.64 11.921 9.087 9.236 6.019 15.054 5.1 4.703 6.452 8.975 8.638 5.523 9.286 10.589 12.013 11.521 14.637 13.587 11.023 10.483 10.214 11.301 14.234 14.143 9.853 10.206 10.524 13.196 13.656 13.819 17.242 12.064 11.349 11.108 17.105 15.697 13.706 15.961 8.304 9.189 10.241 10.464 9.982 8.756 8.134 10.026 7.627 9.838 9.786 7.258
1.592 2.743 4.212 3.15 5.327 7.869 7.269 6.237 5.52 2.877 5.129 4.119 3.645 4.958 3.894 11.866 11.915 8.482 8.241 5.079 13.645 4.366 3.931 5.221 8.076 8.501 5.219 8.852 10.498 12.12 11.205 14.162 12.667 9.878 9.115 8.812 9.951 13.106 13.331 8.97 9.057 9.202 11.987 12.766 12.882 16.02 10.666 9.684 9.235 14.881 13.926 11.917 13.839 6.817 7.381 8.241 8.835 8.668 7.573 6.972 8.745 6.614 8.719 8.803 6.394
2.036 3.511 5.267 3.809 5.932 8.157 8.148 7.474 6.848 3.764 6.421 4.89 4.226 5.538 4.39 11.457 12.338 9.923 10.038 6.408 14.97 5.083 4.751 6.543 8.967 8.62 5.601 9.503 11.234 12.808 12.321 15.839 14.663 11.82 11.212 10.919 11.939 14.679 14.627 10.531 11.088 11.52 14.338 14.738 14.948 18.747 13.448 12.669 12.351 18.485 16.544 14.356 16.759 8.838 9.789 10.832 10.933 10.353 9.115 8.634 10.786 8.361 10.767 10.667 7.925
2.303 3.956 5.881 4.179 6.876 9.591 9.129 8.259 7.606 4.137 7.573 5.907 5.088 6.675 5.009 13.633 13.985 10.641 10.933 7.087 18.474 6.243 5.711 7.756 10.713 10.159 6.113 10.504 11.817 13.239 12.552 16.276 14.916 12.05 11.423 11.102 12.18 15.03 14.441 10.53 10.79 10.866 14.184 14.672 14.401 18.825 13.15 12.291 11.825 18.51 17.179 14.95 17.519 8.85 10.014 11.207 11.169 10.53 9.448 8.744 10.63 7.891 10.074 9.728 7.059
1.909 3.297 5.434 3.874 6.761 9.861 8.833 7.687 6.92 3.565 6.632 5.138 4.491 6.261 4.769 15.551 14.131 10.011 10.143 6.209 17.997 5.071 4.584 6.464 10.244 10.177 6.131 10.907 12.707 14.45 13.28 17.184 15.057 11.793 11.021 10.691 12.13 16.067 15.984 10.639 10.885 11.163 14.707 15.413 15.531 19.655 12.794 11.809 11.38 19.015 17.146 14.804 17.648 8.452 9.276 10.61 11.302 10.997 9.549 8.793 11.252 8.34 11.255 11.324 8.07
1.911 3.466 5.551 3.941 6.568 8.937 7.86 6.77 6.177 3.404 6.382 5.041 4.536 6.322 4.919 14.2 12.855 8.846 9.077 5.862 15.776 4.845 4.707 6.92 10.473 10.124 6.328 11.233 12.711 14.014 12.829 16.216 14.262 11.375 10.953 10.882 12.343 15.806 15.46 10.572 11.16 11.629 14.891 15.191 15.027 18.272 12.126 11.399 11.184 17.534 15.523 13.27 15.458 7.818 8.908 10.29 10.784 10.404 9.134 8.553 10.716 8.051 10.615 10.513 7.659
1.856 3.119 4.666 3.394 5.342 7.787 8.063 7.336 6.51 3.475 5.78 4.425 3.846 5.124 4.15 11.146 13.069 10.503 10.051 6.167 14.306 5.086 4.64 6.236 8.454 8.344 5.68 9.674 11.338 12.972 12.77 16.234 14.768 11.778 10.95 10.415 11.224 13.952 14.318 10.369 10.692 10.845 13.303 13.804 14.241 17.902 12.661 11.591 10.995 16.205 14.759 13.009 15.088 7.814 8.383 9.089 9.132 8.752 7.839 7.429 9.202 7.092 9.069 9.065 6.763
2.401 4.177 6.287 4.538 7.486 10.605 10.13 8.729 7.732 4.206 7.328 5.786 5.241 7.091 5.603 15.449 16.58 11.893 11.403 7.229 17.922 6.332 5.891 7.901 11.034 11.695 7.687 12.804 14.47 16.841 15.855 19.656 17.693 14.158 13.231 12.803 14.295 18.331 18.676 13.083 13.426 13.655 17.223 18.205 18.519 22.657 15.483 14.293 13.729 20.958 19.462 16.891 19.333 9.932 10.943 12.134 12.632 12.465 11.071 10.349 12.788 9.767 12.665 12.59 9.354
2.247 3.747 5.694 4.24 7.23 10.944 10.528 9.088 7.991 4.114 7.151 5.666 4.981 6.698 5.232 16.089 17.239 12.409 11.837 7.198 19.149 6.344 5.51 7.056 10.613 11.387 7.069 11.814 13.984 16.485 15.443 19.581 17.678 13.774 12.547 11.948 13.371 17.676 18.278 12.379 12.322 12.342 16.014 17.297 17.731 22.342 15.088 13.608 12.82 20.698 19.905 17.259 20.072 9.902 10.517 11.532 12.283 12.144 10.64 9.753 12.198 9.263 12.222 12.417 9.065
1.81 2.997 4.487 3.213 5.029 7.771 8.161 7.358 6.355 3.362 5.518 4.242 3.679 5.002 4.047 10.195 13.191 10.771 9.776 5.914 13.667 5.114 4.644 6.162 7.898 7.887 5.774 9.631 10.839 12.498 12.803 15.859 14.334 11.516 10.615 9.891 10.586 13.39 14.104 10.279 10.415 10.33 12.511 13.25 14.028 17.68 12.389 11.239 10.573 15.45 14.581 13.217 15.169 7.738 8.184 8.826 8.784 8.545 7.856 7.372 9.012 6.907 8.813 8.926 6.648
1.876 3.261 4.914 3.529 5.746 8.124 7.796 6.777 6.019 3.291 5.712 4.492 4.04 5.471 4.328 11.695 12.601 9.208 8.84 5.613 13.737 4.882 4.566 6.177 8.49 8.837 5.904 9.847 11.069 12.782 12.157 15.077 13.577 10.924 10.254 9.932 11.036 14.064 14.313 10.112 10.425 10.627 13.305 14.017 14.301 17.534 12.056 11.178 10.779 16.333 15.096 13.171 15.104 7.803 8.622 9.573 9.886 9.723 8.672 8.132 10.039 7.68 9.931 9.868 7.336
2.602 4.829 7.431 5.35 8.453 10.93 9.655 8.442 7.812 4.582 8.53 6.809 6.244 8.561 6.832 17.203 15.628 11.248 11.38 7.675 19.081 6.527 6.693 9.924 13.857 13.118 8.62 14.835 16.245 17.478 16.169 20.026 17.677 14.386 14.117 14.153 15.967 19.898 19.351 13.591 14.507 15.133 18.752 18.797 18.408 21.934 14.957 14.246 14.161 21.46 19.014 16.399 18.932 10.088 11.818 13.494 13.953 13.393 11.822 11.147 13.77 10.582 13.804 13.538 10.013
2.017 3.54 5.349 3.836 6.12 8.43 7.946 6.979 6.3 3.504 6.142 4.824 4.3 5.764 4.526 11.842 12.194 8.98 8.797 5.68 13.894 4.866 4.607 6.34 8.716 8.736 5.766 9.631 10.769 12.185 11.55 14.383 12.993 10.536 10.032 9.832 10.964 13.876 13.978 9.901 10.329 10.648 13.361 13.969 14.22 17.517 12.188 11.494 11.289 17.255 15.892 13.95 16.218 8.517 9.575 10.785 11.174 10.911 9.736 9.188 11.396 8.757 11.35 11.276 8.4
2.403 4.207 6.261 4.424 6.911 9.345 8.789 8.338 7.924 4.504 7.818 5.842 4.95 6.331 4.83 12.3 13.212 10.645 11.468 7.81 18.549 5.875 5.493 7.56 10.262 9.87 6.439 10.681 12.179 14.627 14.761 18.539 17.338 14.472 13.763 13.37 14.652 17.947 17.349 12.105 12.815 13.548 17.25 17.994 18.084 22.121 15.781 15.309 15.272 23.013 19.989 16.698 18.925 9.858 11.168 12.535 12.645 11.825 10.222 9.515 11.794 9.263 12.278 12.339 9.165
1.828 3.281 5.431 3.817 6.582 9.305 8.103 7.122 6.523 3.44 6.439 4.994 4.381 6.098 4.63 14.487 12.775 8.814 9.296 5.82 16.513 4.639 4.355 6.282 9.851 9.505 5.75 10.286 11.838 13.203 12.078 15.612 13.598 10.819 10.287 10.08 11.458 15.014 14.722 9.875 10.287 10.659 13.982 14.477 14.515 18.265 11.887 11.223 10.965 18.18 16.089 13.953 16.741 8.101 9.121 10.572 11.219 10.868 9.466 8.787 11.26 8.347 11.267 11.281 8.053
2.336 4.183 6.532 4.749 7.66 10.266 9.144 7.801 7.043 3.976 7.306 5.924 5.402 7.487 5.973 16.237 15.164 10.603 10.504 6.885 17.581 5.868 5.715 8.39 12.46 12.248 7.85 13.603 15.382 16.915 15.525 19.213 17.018 13.588 13.06 13.033 14.751 18.68 18.361 12.752 13.417 14.016 17.697 18.025 17.724 21.062 14.216 13.221 12.956 19.589 17.477 14.866 16.917 8.857 10.028 11.561 12.116 11.727 10.376 9.765 12.061 9.222 11.911 11.798 8.744
2.309 3.851 5.824 4.296 7.264 10.898 10.645 9.191 8.033 4.195 7.205 5.717 5.092 6.89 5.45 16.246 18.018 13.059 12.307 7.523 19.282 6.668 5.882 7.606 11.067 11.953 7.685 12.783 14.933 17.645 16.675 20.914 18.856 14.798 13.486 12.809 14.226 18.572 19.219 13.246 13.237 13.235 16.865 18.085 18.522 23.008 15.59 14.038 13.158 20.519 19.511 16.953 19.433 9.7 10.301 11.246 11.803 11.676 10.304 9.49 11.756 8.941 11.668 11.791 8.685
2.011 3.404 5.463 3.835 6.487 9.532 9.17 8.179 7.427 3.849 6.983 5.316 4.58 6.242 4.725 14.452 14.95 11.045 10.977 6.719 18.307 5.715 4.999 6.899 10.065 9.847 5.978 10.518 12.114 13.892 13.096 17.095 15.314 12.12 11.274 10.803 11.969 15.534 15.631 10.517 10.664 10.881 13.98 14.615 14.802 18.884 12.763 11.713 11.264 18.288 17.004 14.818 17.638 8.702 9.407 10.503 10.848 10.406 9.018 8.314 10.484 7.818 10.415 10.46 7.539
2.133 3.793 5.792 4.299 6.931 9.428 8.421 7.158 6.399 3.591 6.433 5.289 4.857 6.643 5.344 14.548 14.005 9.761 9.564 6.22 15.656 5.351 5.165 7.306 10.914 11.218 7.169 12.102 13.886 15.526 14.21 17.456 15.522 12.392 11.767 11.681 13.257 16.893 16.77 11.639 12.135 12.612 16.039 16.54 16.326 19.406 13.056 12.111 11.805 17.884 16.021 13.654 15.491 8.108 9.076 10.376 11.02 10.73 9.504 8.939 11.035 8.447 10.852 10.754 8.013
1.728 2.924 4.429 3.221 5.233 7.56 7.37 6.521 5.81 3.132 5.384 4.23 3.737 5.027 3.984 11.052 12.006 9.051 8.713 5.457 13.453 4.697 4.273 5.738 8.071 8.253 5.426 9.094 10.457 12.047 11.529 14.482 13.109 10.473 9.755 9.378 10.351 13.191 13.453 9.47 9.68 9.823 12.318 12.95 13.229 16.398 11.336 10.424 9.972 15.198 14.112 12.358 14.263 7.322 7.938 8.759 9.029 8.791 7.799 7.274 8.991 6.874 8.891 8.912 6.607
