4.634 6.587 9.156 4.658 5.903 7.751 7.759 6.799 10.639 4.896 5.44 7.309 6.501 5.556 4.296 15.333 13.773 8.673 12.232 9.973 15.881 6.726 4.581 8.719 16.394 13.378 9.052 13.154 18.484 16.397 18.421 24.587 17.746 16.599 14.408 13.99 16.665 24.913 27.144 10.694 12.966 8.732 11.27 13.867 20.041 17.103 8.19 9.748 16.406 21.573 16.91 21.176 31.493 12.998 8.997 12.487 8.969 12.702 10.55 8.801 9.313 11.038 7.837 13.521 4.772
3.586 5.203 7.244 3.627 4.701 6.206 6.162 5.379 8.444 3.83 4.367 5.954 5.283 4.535 3.544 12.726 11.11 6.88 9.746 7.909 12.62 5.279 3.657 7.294 13.473 10.736 7.226 10.663 14.842 12.981 14.525 19.274 13.724 12.865 11.217 10.954 13.138 19.568 21.016 8.1 10.103 6.81 8.992 11.076 15.832 13.252 6.22 7.597 12.953 16.784 12.925 16.177 23.903 9.562 6.667 9.54 6.81 9.858 8.108 6.738 7.193 8.629 6.085 10.72 3.64
3.996 5.681 7.845 4.027 5.124 6.701 6.68 5.858 9.077 4.229 4.742 6.372 5.672 4.87 3.806 13.178 11.729 7.409 10.387 8.509 13.42 5.774 3.996 7.682 14.073 11.42 7.772 11.28 15.669 13.874 15.532 20.585 14.929 14.013 12.243 11.935 14.209 21.015 22.77 9.084 11.104 7.56 9.804 12.003 17.085 14.527 7.011 8.423 14.096 18.3 14.339 17.873 26.375 10.999 7.696 10.769 7.78 11.025 9.157 7.652 8.116 9.626 6.864 11.779 4.184
5.11 7.214 9.904 5.153 6.538 8.506 8.478 7.449 11.39 5.395 6.061 8.111 7.266 6.269 4.948 16.315 14.68 9.355 12.922 10.635 16.562 7.268 5.086 9.728 17.449 14.262 9.79 14.05 19.301 17.148 19.132 25.191 18.37 17.275 15.142 14.775 17.57 25.804 27.995 11.276 13.804 9.483 12.307 15.04 21.19 18.056 8.754 10.549 17.558 22.727 17.905 22.238 32.745 13.728 9.661 13.554 9.887 14.022 11.699 9.793 10.406 12.384 8.903 15.129 5.43
4.191 5.861 8.012 4.218 5.3 6.88 6.885 6.064 9.242 4.422 4.915 6.546 5.868 5.06 3.978 13.252 11.988 7.666 10.61 8.759 13.594 5.997 4.175 7.844 14.26 11.736 8.051 11.526 15.926 14.198 15.808 20.746 15.221 14.249 12.477 12.173 14.425 21.113 22.892 9.382 11.33 7.832 10.086 12.342 17.455 15.001 7.406 8.833 14.543 18.788 14.885 18.298 26.455 11.464 8.049 11.084 8.153 11.371 9.569 8.067 8.544 10.056 7.279 12.178 4.526
4.48 6.342 8.705 4.541 5.799 7.576 7.558 6.661 10.206 4.849 5.496 7.414 6.683 5.817 4.635 15.539 13.819 8.795 12.147 9.966 15.496 6.805 4.798 9.264 16.685 13.545 9.322 13.448 18.421 16.241 18.033 23.518 16.952 15.87 13.897 13.559 16.123 23.555 25.167 10.132 12.433 8.565 11.147 13.622 19.086 16.089 7.793 9.36 15.494 19.809 15.434 18.934 27.13 11.266 7.933 11.081 8.087 11.481 9.566 8.004 8.496 10.146 7.332 12.53 4.515
4.117 5.857 8.14 4.146 5.269 6.921 6.924 6.07 9.492 4.379 4.887 6.584 5.864 5.025 3.901 13.881 12.432 7.849 11.034 9.001 14.302 6.081 4.152 7.972 14.866 12.108 8.21 11.935 16.708 14.808 16.62 22.137 15.962 14.928 12.959 12.576 14.977 22.336 24.275 9.568 11.62 7.823 10.115 12.42 17.857 15.189 7.253 8.644 14.54 19.036 14.897 18.628 27.648 11.361 7.857 10.932 7.834 11.121 9.213 7.667 8.111 9.639 6.843 11.849 4.159
5.053 7.155 9.823 5.109 6.537 8.564 8.546 7.527 11.558 5.472 6.212 8.42 7.601 6.625 5.28 17.997 15.886 10.064 13.898 11.369 17.683 7.731 5.443 10.584 19.214 15.539 10.663 15.428 21.152 18.569 20.557 26.703 19.138 17.87 15.643 15.285 18.216 26.625 28.273 11.352 13.946 9.619 12.566 15.402 21.594 18.118 8.751 10.486 17.356 22.091 17.109 20.862 29.513 12.216 8.592 12.025 8.792 12.529 10.456 8.757 9.302 11.124 8.045 13.818 4.974
4.645 6.766 9.397 4.714 6.164 8.154 8.084 7.065 11.058 5.027 5.805 7.974 7.117 6.161 4.872 17.426 14.993 9.25 13.057 10.561 16.778 7.029 4.939 9.999 18.372 14.511 9.791 14.495 20.019 17.35 19.296 25.317 17.819 16.678 14.575 14.282 17.178 25.426 26.89 10.327 13.028 8.852 11.806 14.57 20.648 17.082 7.994 9.824 16.715 21.376 16.28 20.151 29.045 11.467 8.053 11.612 8.346 12.176 10.026 8.348 8.941 10.793 7.659 13.54 4.6
3.69 5.232 7.149 3.746 4.793 6.236 6.206 5.47 8.33 3.98 4.53 6.091 5.485 4.781 3.827 12.531 11.1 7.082 9.775 8.043 12.449 5.508 3.931 7.574 13.454 10.9 7.535 10.851 14.775 13.023 14.45 18.793 13.592 12.779 11.241 11.004 13.083 19.007 20.268 8.213 10.154 7.049 9.196 11.214 15.619 13.171 6.43 7.788 12.856 16.361 12.761 15.663 22.423 9.356 6.664 9.362 6.866 9.741 8.125 6.821 7.259 8.653 6.264 10.632 3.854
4.491 6.552 9.108 4.556 5.969 7.907 7.837 6.846 10.734 4.864 5.625 7.742 6.912 5.985 4.732 17.022 14.605 8.991 12.7 10.255 16.317 6.811 4.784 9.724 17.912 14.119 9.514 14.109 19.494 16.865 18.753 24.6 17.262 16.15 14.107 13.826 16.648 24.671 26.051 9.965 12.594 8.547 11.423 14.113 20.016 16.523 7.706 9.476 16.154 20.654 15.696 19.423 27.958 10.981 7.707 11.135 7.998 11.702 9.631 8.015 8.589 10.385 7.365 13.061 4.418
4.017 5.697 7.759 4.086 5.241 6.817 6.775 5.979 9.073 4.36 4.988 6.721 6.065 5.308 4.276 13.948 12.242 7.807 10.76 8.862 13.652 6.078 4.378 8.463 14.952 12.054 8.353 12.043 16.325 14.332 15.841 20.452 14.761 13.871 12.24 12.014 14.283 20.616 21.787 8.892 11.032 7.722 10.098 12.302 17.017 14.283 7.016 8.512 13.977 17.613 13.675 16.654 23.448 9.833 7.049 9.913 7.31 10.36 8.656 7.285 7.76 9.247 6.723 11.387 4.166
4.327 6.177 8.712 4.341 5.503 7.3 7.34 6.415 10.237 4.601 5.079 6.876 6.107 5.188 3.959 14.945 13.544 8.474 12.013 9.707 15.71 6.482 4.297 8.249 15.978 13.068 8.749 12.797 18.245 16.187 18.285 24.699 17.616 16.376 14.052 13.531 16.157 24.596 26.994 10.33 12.418 8.161 10.505 12.993 19.132 16.299 7.593 8.934 15.271 20.435 15.953 20.184 30.618 12.201 8.25 11.409 8.033 11.483 9.459 7.805 8.229 9.829 6.896 12.193 4.15
5.271 7.486 10.158 5.376 6.919 8.982 8.91 7.869 11.874 5.743 6.612 8.911 8.057 7.078 5.742 18.4 16.08 10.252 14.093 11.625 17.814 7.991 5.828 11.291 19.732 15.85 11.024 15.883 21.394 18.729 20.643 26.494 19.102 17.984 15.932 15.685 18.652 26.753 28.096 11.517 14.399 10.162 13.333 16.218 22.262 18.615 9.183 11.213 18.347 22.946 17.764 21.538 30.024 12.598 9.123 12.894 9.566 13.568 11.347 9.57 10.215 12.187 8.897 15.009 5.522
3.524 4.96 6.953 3.527 4.395 5.762 5.815 5.099 8.046 3.684 4.007 5.31 4.713 3.987 3.031 10.87 10.238 6.512 9.178 7.478 12.021 5.047 3.354 6.148 11.783 9.878 6.678 9.6 13.726 12.358 14.032 19.056 13.793 12.89 11.073 10.64 12.625 19.216 21.411 8.354 9.932 6.574 8.3 10.193 15.051 13.08 6.226 7.278 12.231 16.557 13.163 16.736 25.693 10.494 7.182 9.775 6.957 9.745 8.102 6.722 7.06 8.339 5.896 10.128 3.573
5.055 7.016 9.439 5.123 6.441 8.254 8.221 7.289 10.832 5.389 6.064 8.003 7.239 6.332 5.112 15.526 14.019 9.173 12.444 10.395 15.721 7.285 5.278 9.77 16.816 13.868 9.769 13.764 18.5 16.516 18.277 23.574 17.487 16.533 14.669 14.387 16.953 24.208 25.961 11.047 13.481 9.56 12.265 14.803 20.29 17.379 8.819 10.588 17.044 21.55 17.139 20.898 29.724 13.081 9.479 13.101 9.787 13.58 11.456 9.701 10.286 12.116 8.908 14.614 5.597
3.798 5.293 7.183 3.84 4.842 6.268 6.265 5.541 8.346 4.072 4.571 6.102 5.517 4.811 3.849 12.409 11.158 7.204 9.846 8.16 12.476 5.633 3.999 7.545 13.406 11.02 7.651 10.89 14.827 13.176 14.559 18.81 13.778 12.898 11.349 11.102 13.132 18.942 20.255 8.44 10.243 7.186 9.283 11.315 15.725 13.427 6.703 8.008 13.021 16.526 13.033 15.797 22.229 9.657 6.858 9.458 7.022 9.789 8.258 6.98 7.4 8.732 6.386 10.62 4.01
4.826 7.043 9.787 4.9 6.411 8.48 8.397 7.327 11.462 5.206 6.013 8.259 7.35 6.346 5.01 17.879 15.44 9.479 13.4 10.865 17.26 7.232 5.085 10.322 18.907 14.92 10.027 14.865 20.556 17.839 19.833 26.055 18.416 17.239 15.087 14.805 17.809 26.34 27.934 10.726 13.549 9.225 12.316 15.189 21.507 17.82 8.338 10.301 17.557 22.46 17.116 21.202 30.688 12.184 8.555 12.391 8.902 12.967 10.668 8.879 9.519 11.468 8.114 14.329 4.856
4.884 6.953 9.557 4.922 6.282 8.18 8.129 7.124 10.941 5.122 5.782 7.751 6.909 5.943 4.674 15.577 13.889 8.799 12.238 10.038 15.712 6.813 4.772 9.209 16.527 13.414 9.17 13.238 18.203 16.117 18.014 23.788 17.288 16.299 14.293 13.969 16.649 24.521 26.585 10.606 13.111 8.974 11.711 14.32 20.218 17.174 8.276 10.059 16.839 21.796 17.11 21.365 31.647 13.145 9.29 13.16 9.558 13.635 11.336 9.487 10.107 12.041 8.609 14.731 5.21
4.651 6.457 8.86 4.697 5.804 7.485 7.556 6.697 10.24 4.948 5.395 7.059 6.326 5.432 4.238 13.922 13.498 8.859 12.217 10.106 15.613 6.921 4.725 8.489 15.381 13.198 9.164 12.936 18.06 16.443 18.437 24.345 17.927 16.618 14.312 13.728 16.072 23.715 26.357 10.829 12.742 8.682 10.889 13.232 19.052 16.863 8.391 9.868 16.059 21.07 16.942 20.886 30.404 13.068 9.037 12.068 8.761 11.958 10.073 8.491 8.965 10.518 7.629 12.647 4.769
4.304 6.375 8.888 4.382 5.814 7.727 7.628 6.64 10.467 4.666 5.469 7.578 6.74 5.829 4.61 16.753 14.218 8.645 12.315 9.897 15.861 6.507 4.602 9.558 17.583 13.701 9.169 13.736 18.974 16.299 18.136 23.826 16.562 15.533 13.582 13.353 16.155 23.998 25.221 9.444 12.167 8.236 11.144 13.796 19.552 15.996 7.347 9.195 15.831 20.182 15.188 18.859 27.203 10.438 7.371 10.846 7.762 11.479 9.393 7.799 8.397 10.198 7.184 12.865 4.242
4.912 7.074 9.765 4.994 6.497 8.562 8.501 7.457 11.514 5.35 6.181 8.47 7.634 6.661 5.332 18.307 15.872 9.868 13.719 11.149 17.492 7.499 5.338 10.704 19.401 15.419 10.498 15.372 21.03 18.249 20.188 26.224 18.493 17.305 15.18 14.901 17.897 26.25 27.629 10.771 13.548 9.342 12.432 15.317 21.444 17.73 8.379 10.257 17.262 21.92 16.734 20.469 28.997 11.568 8.187 11.746 8.59 12.473 10.351 8.643 9.248 11.184 8.047 14.008 4.882
4.708 6.759 9.354 4.73 6.056 7.916 7.848 6.842 10.623 4.875 5.494 7.384 6.518 5.554 4.313 14.872 13.194 8.237 11.577 9.454 14.96 6.354 4.393 8.564 15.555 12.526 8.456 12.32 17.09 15.098 16.932 22.567 16.369 15.432 13.508 13.197 15.774 23.451 25.574 10.048 12.462 8.44 11.041 13.53 19.292 16.371 7.791 9.514 16.126 21.038 16.466 20.768 31.303 12.906 9.073 12.963 9.317 13.375 11.061 9.225 9.846 11.748 8.305 14.416 4.975
4.461 6.434 9.048 4.473 5.761 7.693 7.702 6.717 10.709 4.772 5.365 7.379 6.581 5.642 4.359 16.718 14.642 8.977 12.733 10.223 16.477 6.741 4.544 9.016 17.533 14.041 9.341 13.819 19.552 17.042 19.02 25.251 17.709 16.385 14.133 13.741 16.547 25.036 26.824 10.145 12.435 8.28 10.916 13.642 19.965 16.688 7.722 9.207 15.816 20.76 15.864 19.73 28.824 11.3 7.687 10.855 7.716 11.246 9.297 7.724 8.222 9.899 6.968 12.49 4.219
4.251 6.122 8.644 4.27 5.474 7.281 7.288 6.351 10.132 4.516 5.049 6.891 6.115 5.202 3.988 14.995 13.412 8.307 11.769 9.484 15.371 6.295 4.193 8.302 15.908 12.866 8.574 12.624 17.896 15.783 17.802 24.026 17.057 15.882 13.653 13.184 15.818 24.083 26.362 9.951 12.124 7.952 10.39 12.886 18.873 15.942 7.314 8.734 15.106 20.132 15.627 19.8 30.14 11.856 8.004 11.27 7.92 11.493 9.432 7.761 8.229 9.917 6.935 12.387 4.115
3.568 4.968 6.817 3.571 4.448 5.748 5.749 5.054 7.738 3.688 4.05 5.336 4.746 4.048 3.137 10.368 9.546 6.175 8.553 7.074 11.064 4.88 3.344 6.168 11.155 9.272 6.374 9.064 12.59 11.353 12.789 17.1 12.693 11.978 10.471 10.16 12.005 17.75 19.642 8.06 9.662 6.581 8.349 10.125 14.384 12.472 6.131 7.248 11.959 15.704 12.599 15.826 23.883 10.323 7.242 9.957 7.232 10.063 8.405 7.025 7.395 8.688 6.23 10.443 3.819
4.976 6.891 9.29 5.025 6.298 8.084 8.062 7.137 10.638 5.264 5.889 7.778 7.017 6.11 4.896 15.139 13.694 8.928 12.145 10.133 15.385 7.068 5.061 9.401 16.357 13.502 9.448 13.34 18.044 16.129 17.868 23.137 17.176 16.201 14.337 14.047 16.565 23.767 25.591 10.852 13.172 9.302 11.937 14.452 19.936 17.137 8.675 10.386 16.784 21.322 16.996 20.738 29.588 13.108 9.421 12.99 9.695 13.429 11.348 9.613 10.186 11.972 8.784 14.413 5.521
3.761 5.442 7.546 3.782 4.876 6.392 6.331 5.512 8.595 3.902 4.428 5.978 5.276 4.498 3.494 12.157 10.727 6.671 9.413 7.655 12.17 5.108 3.535 6.979 12.715 10.198 6.866 10.052 13.949 12.278 13.78 18.383 13.238 12.484 10.911 10.663 12.782 19.062 20.733 8.029 10.047 6.774 8.927 10.969 15.669 13.236 6.231 7.662 13.065 17.042 13.271 16.769 25.291 10.245 7.197 10.366 7.424 10.739 8.856 7.375 7.888 9.443 6.653 11.628 3.95
4.055 5.664 7.664 4.103 5.178 6.664 6.634 5.865 8.797 4.309 4.85 6.427 5.789 5.041 4.041 12.615 11.341 7.36 10.059 8.365 12.771 5.816 4.174 7.809 13.601 11.164 7.803 11.071 14.98 13.345 14.809 19.225 14.19 13.403 11.856 11.616 13.723 19.753 21.239 8.898 10.882 7.645 9.844 11.916 16.461 14.07 7.052 8.486 13.793 17.538 13.9 17.051 24.501 10.64 7.656 10.635 7.882 11.002 9.243 7.803 8.279 9.773 7.131 11.828 4.441
4.087 5.905 8.204 4.125 5.321 6.997 6.945 6.062 9.479 4.321 4.905 6.649 5.889 5.042 3.932 13.907 12.225 7.601 10.744 8.745 13.917 5.86 4.058 8.016 14.716 11.78 7.943 11.668 16.229 14.258 15.977 21.25 15.249 14.329 12.513 12.22 14.632 21.777 23.533 9.143 11.371 7.677 10.093 12.401 17.709 14.908 7.039 8.594 14.612 18.985 14.716 18.476 27.523 11.144 7.793 11.131 7.962 11.474 9.452 7.863 8.388 10.034 7.081 12.392 4.237
