4.86 8.369 12.692 5.236 7.137 9.863 9.34 8.247 12.218 5.171 6.963 9.951 9.213 6.427 5.211 17.784 14.11 11.511 14.808 11.774 18.284 3.933 6.46 7.593 12.647 9.069 6.218 13.942 15.942 17.005 17.547 16.874 19.477 20.854 15.17 11.587 21.239 20.378 24.57 10.173 12.406 10.93 13.669 13.806 17.968 22.192 9.876 12.389 16.353 21.003 19.465 20.603 12.587 5.754 7.012 6.57 7.419 10.067 7.415 6.208 6.496 5.235 7.599 8.763 5.08
5.235 9.258 14.353 6.012 8.201 11.432 11.076 9.566 14.122 6.05 8.123 11.594 10.87 7.603 6.065 19.897 15.925 13.105 17.186 13.72 21.033 4.543 7.29 8.214 13.148 9.193 6.293 14.184 16.865 18.221 19.308 18.411 20.515 21.414 15.143 11.238 19.863 18.324 22.263 9.259 11.156 9.809 12.3 12.481 16.259 20.556 9.281 11.47 14.075 17.336 16.276 18.046 11.268 5.12 6.399 6.029 6.887 9.397 6.973 5.921 6.337 5.241 7.827 9.333 5.57
5.437 9.585 14.779 6.211 8.531 11.943 11.553 10.086 14.97 6.359 8.496 12.103 11.385 8.048 6.461 21.237 17.09 14.172 18.193 14.198 21.74 4.682 7.461 8.349 13.324 9.439 6.596 15.097 18.093 19.559 20.641 19.156 21.064 21.803 15.292 11.24 19.731 18.327 22.486 9.232 11.014 9.616 12.078 12.479 16.645 21.204 9.464 11.554 14.004 17.26 16.48 18.173 11.173 5.033 6.245 5.848 6.664 9.168 6.982 6.081 6.622 5.523 8.258 9.857 5.901
5.425 9.53 14.814 6.233 8.417 11.613 11.302 9.711 14.189 6.129 8.217 11.712 10.971 7.637 6.027 19.526 15.861 12.962 17.187 14.016 21.449 4.671 7.476 8.415 13.469 9.398 6.34 14.014 16.556 18.058 19.14 18.7 21.072 22.211 15.829 11.808 20.946 19.374 23.382 9.867 11.907 10.491 13.139 13.21 16.94 21.304 9.741 12.071 14.912 18.433 17.174 19.121 12.095 5.504 6.869 6.464 7.369 10.005 7.331 6.114 6.425 5.247 7.785 9.276 5.532
4.297 7.394 11.347 4.732 6.326 8.844 8.492 7.294 10.887 4.652 6.069 8.558 8.041 5.559 4.396 14.095 11.842 10.076 13.145 10.365 15.917 3.586 5.526 6.063 9.549 6.615 4.464 10.075 12.305 13.396 14.758 14.051 15.845 16.935 12.24 9.038 15.76 14.91 18.511 7.839 9.227 7.972 9.806 9.867 13.073 16.71 7.764 9.369 11.34 13.955 13.576 15.361 9.646 4.296 5.191 4.752 5.279 7.03 5.175 4.355 4.62 3.774 5.521 6.489 3.812
5.89 10.897 17.422 7.034 9.74 14.249 14.046 11.959 18.327 7.925 10.498 14.649 13.428 9.335 7.684 26.352 21.152 17.463 22.654 16.422 23.136 4.827 7.799 8.819 14.057 9.683 6.903 17.1 23.672 25.11 26.397 23.056 22.768 21.693 14.785 10.805 18.806 17.161 22.76 9.732 11.517 9.795 11.976 12.335 17.998 25.469 11.323 13.535 15.577 17.542 16.833 19.788 11.704 5.162 6.386 5.934 6.706 9.109 7 6.45 7.674 7.034 11.209 13.92 8.309
4.695 8.581 13.462 5.342 7.538 10.689 10.118 8.635 12.914 5.225 7.25 10.69 9.935 6.857 5.465 19.568 14.064 11.024 14.472 11.463 18.005 3.879 6.302 7.238 12.384 8.548 5.836 14.014 15.687 16.007 16.215 15.182 17.145 17.729 12.933 9.643 17.794 16.309 17.668 8.098 9.857 8.83 11.522 11.833 15.367 17.892 8.058 10.003 12.524 15.703 14.498 15.56 9.757 4.421 5.626 5.38 6.404 9.266 6.849 5.819 6.223 5.008 7.677 9.101 5.174
4.774 8.373 13.085 5.342 7.305 10.218 9.745 8.361 12.364 5.07 6.805 9.879 9.254 6.421 5.03 17.393 12.821 10.424 13.613 10.879 17.186 3.745 5.852 6.609 11.155 7.829 5.329 12.294 13.956 14.553 15.05 14.289 16.278 17.428 12.603 9.422 17.252 16.102 18.371 8.294 9.9 8.809 11.381 11.72 15.288 18.262 8.363 10.196 12.727 16.113 15.211 16.782 10.56 4.758 5.875 5.542 6.485 9.256 6.909 5.816 6.104 4.879 7.274 8.61 4.955
5.137 8.986 14.203 5.91 8.04 11.335 10.996 9.447 13.876 5.755 7.71 11.281 10.789 7.538 5.938 20.227 15.42 12.302 15.785 12.58 19.661 4.223 6.656 7.588 12.98 9.369 6.417 14.65 16.994 17.652 17.901 16.666 18.701 19.69 13.913 10.324 18.748 17.654 20.508 8.662 10.358 9.322 12.15 12.666 16.506 19.958 8.672 10.582 13.244 16.811 15.732 17.016 10.49 4.728 5.881 5.637 6.716 9.747 7.459 6.341 6.706 5.441 8.151 9.787 5.753
4.896 8.432 12.982 5.565 7.462 10.233 10.015 8.671 12.62 5.304 7.014 9.967 9.569 6.745 5.27 17.273 14.135 11.316 14.376 11.541 18.061 3.939 6.172 6.821 11.124 8.233 5.66 12.59 14.824 15.933 16.351 15.357 17.334 18.48 13.245 9.803 17.504 16.855 20.411 8.46 10.031 8.802 11.284 11.807 15.517 19.197 8.481 10.26 12.583 16.119 15.445 16.87 10.485 4.708 5.765 5.378 6.181 8.744 6.77 5.766 6.059 4.869 7.129 8.453 5.026
5.179 9.015 14.417 5.897 8.056 11.508 11.047 9.494 14.084 5.758 7.724 11.489 10.878 7.576 5.944 21.007 15.424 12.325 15.961 12.655 19.085 4.307 6.6 7.596 13.31 9.415 6.436 15.035 17.238 17.723 18.062 16.821 18.846 19.723 13.982 10.328 18.84 17.671 19.07 8.662 10.284 9.279 12.187 12.657 16.528 19.032 8.743 10.536 13.261 16.713 15.706 16.952 10.445 4.659 5.728 5.509 6.632 9.785 7.403 6.274 6.631 5.352 8.123 9.862 5.699
5.995 10.548 16.621 6.898 9.434 13.285 12.826 10.993 16.071 6.69 9.023 13.189 12.559 8.767 6.952 23.126 17.755 14.096 18.124 14.472 22.425 4.872 7.822 8.982 15.231 10.94 7.51 16.974 19.609 20.187 20.465 19.094 21.495 22.651 16.048 12.037 21.807 20.571 23.518 10.055 12.211 11.049 14.36 14.923 19.319 23.118 10.115 12.491 15.654 19.779 18.469 20 12.352 5.651 7.117 6.88 8.203 11.767 8.962 7.612 8.07 6.582 9.812 11.683 6.864
4.871 8.597 13.388 5.616 7.694 10.763 10.422 9.001 13.185 5.507 7.423 10.765 10.246 7.204 5.72 19.096 14.825 11.86 15.13 12.034 18.713 4.026 6.447 7.357 12.287 8.879 6.134 13.96 16.12 16.916 17.207 15.985 17.86 18.753 13.241 9.836 17.726 16.7 20.104 8.158 9.857 8.822 11.422 11.898 15.525 18.936 8.224 10.089 12.521 15.801 14.875 16.092 9.908 4.488 5.639 5.405 6.38 9.138 7.003 5.998 6.392 5.214 7.789 9.272 5.482
5.115 8.938 14.045 5.829 7.948 11.234 10.748 9.229 13.591 5.6 7.555 11.114 10.471 7.303 5.77 19.72 14.714 11.763 15.267 12.156 18.142 4.157 6.525 7.518 12.846 9.08 6.232 14.317 16.334 16.812 17.213 16.129 18.175 19.058 13.698 10.221 18.538 17.487 19.078 8.623 10.379 9.365 12.186 12.6 16.347 19.133 8.673 10.609 13.317 16.694 15.793 17.1 10.6 4.8 5.983 5.765 6.863 9.899 7.453 6.317 6.68 5.409 8.115 9.7 5.62
3.242 5.69 8.744 3.696 5.083 7.054 6.662 5.637 8.384 3.604 4.961 7.447 7.149 4.984 3.913 12.358 9.188 7.294 9.838 8.172 13.044 2.884 4.705 5.466 9.055 6.439 4.402 9.919 11.38 11.849 12.356 11.964 14.078 15.185 10.838 8.092 14.17 12.781 15.722 6.702 8.437 7.752 10.167 11.23 14.848 17.688 7.532 9.072 10.641 12.524 11.246 11.983 7.416 3.387 4.275 4.076 4.706 6.543 4.91 4.148 4.382 3.513 5.098 5.85 3.381
5.12 8.923 13.687 5.827 7.914 10.871 10.413 9.068 13.25 5.635 7.628 10.997 10.351 7.204 5.69 18.317 14.627 12.116 15.894 13.243 20.738 4.447 7.13 8.038 12.885 8.995 6.071 13.31 15.101 16.538 17.821 17.44 20.24 21.334 15.156 11.283 20.037 18.494 22.033 9.154 11.164 9.933 12.494 12.548 15.844 19.439 8.952 11.213 14.012 17.518 16.23 17.68 11.282 5.184 6.498 6.139 7.019 9.542 6.972 5.777 6.002 4.817 7.042 8.305 4.997
5.932 10.5 16.264 6.83 9.382 13.081 12.64 10.959 16.112 6.808 9.197 13.221 12.477 8.777 7.018 23.07 18.149 14.765 19.058 15.189 23.438 5.044 8.141 9.238 15.002 10.679 7.388 16.713 19.47 20.753 21.545 20.256 22.616 23.599 16.662 12.385 22.021 20.488 24.685 10.152 12.295 10.917 13.889 14.291 18.621 23.049 10.234 12.666 15.623 19.449 18.251 19.92 12.38 5.654 7.116 6.769 7.839 10.91 8.244 7.062 7.568 6.23 9.287 11.032 6.574
5.141 9.029 13.901 5.919 8.03 11.292 10.796 9.283 13.454 5.678 7.626 11.219 10.473 7.343 5.833 19.711 14.44 11.729 15.12 12.144 16.859 4.124 6.536 7.636 12.924 9.037 6.27 14.321 15.815 16.813 17.091 16.044 17.741 18.738 13.66 10.243 18.389 17.557 19.339 8.624 10.48 9.485 12.33 12.669 16.111 19.314 8.678 10.714 13.413 16.703 15.932 17.174 10.71 4.888 6.129 5.967 7.1 10.184 7.593 6.459 6.845 5.555 8.328 9.915 5.698
5.848 10.227 15.973 6.72 9.11 12.878 12.302 10.569 15.448 6.419 8.652 12.725 11.976 8.361 6.62 22.13 16.798 13.379 17.301 13.822 20.109 4.702 7.466 8.637 14.674 10.363 7.138 16.233 18.503 19.072 19.493 18.263 20.563 21.433 15.561 11.658 21.038 19.985 22.183 9.815 11.901 10.78 13.995 14.457 18.579 22.107 9.875 12.171 15.296 19.113 18.105 19.574 12.167 5.551 6.96 6.746 8.029 11.509 8.67 7.34 7.771 6.318 9.435 11.247 6.524
4.744 8.184 12.657 5.465 7.371 10.172 9.907 8.7 12.888 5.589 7.49 10.734 10.103 6.997 5.479 17.843 14.795 12.524 16.585 13.686 20.923 4.329 6.76 7.428 11.645 8.006 5.344 11.769 14.04 16.269 18.37 18.144 20.617 20.928 14.203 10.244 17.674 15.941 18.932 7.977 9.628 8.466 10.474 10.396 13.228 17.015 8.267 10.334 12.817 15.771 14.36 15.602 10.003 4.541 5.564 5.134 5.729 7.62 5.49 4.524 4.722 3.844 5.741 7.042 4.384
4.928 8.579 13.535 5.678 7.678 10.795 10.504 9.007 13.168 5.494 7.341 10.698 10.276 7.171 5.651 18.885 14.73 11.664 14.932 11.942 18.629 4.016 6.362 7.226 12.309 8.946 6.116 13.802 16.1 16.72 16.94 15.79 17.745 18.719 13.257 9.872 17.87 16.914 19.671 8.293 9.946 8.968 11.663 12.172 15.819 19.121 8.321 10.172 12.737 16.166 15.163 16.4 10.126 4.584 5.719 5.476 6.516 9.407 7.223 6.129 6.47 5.257 7.832 9.376 5.537
5.199 8.984 14.159 5.924 7.967 11.273 10.817 9.268 13.577 5.6 7.501 11.016 10.434 7.247 5.684 18.842 14.688 11.724 15.131 12.085 17.871 4.145 6.485 7.405 12.604 9 6.124 13.832 16.05 16.532 16.952 15.942 18.039 18.955 13.755 10.288 18.557 17.696 19.455 8.789 10.55 9.543 12.354 12.803 16.584 19.506 8.858 10.818 13.628 17.115 16.235 17.668 11.015 4.99 6.206 5.945 7.05 10.1 7.642 6.422 6.764 5.47 8.135 9.714 5.641
5.36 9.372 14.515 6.086 8.251 11.443 11.015 9.435 13.732 5.749 7.702 11.063 10.473 7.298 5.761 18.837 14.64 11.698 15.06 12.116 18.953 4.144 6.63 7.515 12.422 8.913 6.093 13.606 15.62 16.289 16.705 15.764 17.895 19.12 13.794 10.368 18.761 17.823 21.503 8.997 10.889 9.783 12.595 13.035 16.883 20.559 9.111 11.235 14.036 17.767 16.838 18.452 11.584 5.301 6.669 6.369 7.451 10.491 7.936 6.709 7.062 5.715 8.41 9.868 5.787
5.755 10.115 15.795 6.56 8.949 12.501 12.028 10.291 14.993 6.255 8.423 12.195 11.568 8.052 6.376 20.825 16.182 12.878 16.589 13.302 20.587 4.522 7.278 8.314 13.862 9.962 6.809 15.243 17.585 18.133 18.512 17.401 19.712 20.943 14.998 11.306 20.466 19.364 22.446 9.634 11.731 10.587 13.671 14.158 18.297 22.038 9.716 12.043 15.077 19.043 17.886 19.523 12.171 5.593 7.064 6.791 8.018 11.342 8.583 7.261 7.673 6.236 9.223 10.867 6.369
5.257 9.233 14.193 6.047 8.243 11.37 11.055 9.553 13.88 5.832 7.859 11.242 10.735 7.585 6.023 19.312 15.509 12.397 15.748 12.61 19.62 4.258 6.877 7.8 12.737 9.374 6.497 14.512 16.71 17.63 17.892 16.705 18.739 19.758 14.131 10.558 18.942 17.98 21.637 8.858 10.731 9.598 12.359 12.899 16.808 20.393 8.939 11.007 13.645 17.252 16.289 17.674 10.941 5.001 6.326 6.036 7.029 9.957 7.682 6.592 7.009 5.703 8.416 9.914 5.888
5.204 9.226 14.441 6.003 8.254 11.592 11.169 9.587 14.025 5.845 7.925 11.559 10.965 7.674 6.116 20.419 15.508 12.308 15.84 12.645 19.708 4.238 6.861 7.921 13.337 9.551 6.585 14.962 17.138 17.679 17.905 16.686 18.757 19.746 13.959 10.466 18.976 17.865 20.903 8.699 10.61 9.598 12.473 12.945 16.758 20.185 8.746 10.844 13.572 17.116 15.984 17.275 10.653 4.883 6.191 6.006 7.15 10.233 7.775 6.633 7.059 5.768 8.616 10.218 6.004
5.322 9.243 14.846 6.18 8.362 11.912 11.627 9.959 14.605 6.053 8.075 11.929 11.519 8.024 6.303 21.441 16.532 13.025 16.617 13.205 20.445 4.399 6.897 7.873 13.751 10.013 6.833 15.549 18.272 18.784 18.863 17.418 19.44 20.311 14.226 10.543 19.166 18.076 20.309 8.732 10.422 9.472 12.446 13.073 17.036 20.206 8.845 10.728 13.515 17.199 16.007 17.204 10.533 4.738 5.883 5.672 6.868 10.119 7.828 6.647 7.03 5.727 8.614 10.458 6.171
4.924 8.664 13.254 5.712 7.743 10.886 10.493 9.014 12.948 5.537 7.411 10.947 10.258 7.201 5.725 19.653 13.924 11.536 14.695 11.894 15.968 4.002 6.299 7.441 12.664 8.87 6.17 14.189 15.372 16.583 16.775 15.711 17.156 18.059 13.151 9.827 17.542 16.871 18.238 8.181 9.927 9.011 11.761 12.102 15.252 18.254 8.234 10.138 12.669 15.758 15.069 16.123 10.024 4.56 5.7 5.597 6.714 9.737 7.222 6.18 6.564 5.331 8.059 9.664 5.514
5.04 8.874 13.449 5.847 7.914 11.139 10.68 9.198 13.179 5.675 7.589 11.27 10.45 7.344 5.836 20.76 14.09 11.818 14.917 12.231 15.774 4.118 6.382 7.553 13.081 8.998 6.271 14.812 15.51 16.938 17.301 16.18 17.449 18.318 13.46 10.017 17.716 17.194 18.133 8.317 10.033 9.083 11.927 12.238 15.248 18.146 8.383 10.254 12.775 15.722 15.318 16.244 10.14 4.577 5.684 5.557 6.704 9.827 7.222 6.198 6.597 5.319 8.151 9.778 5.525
4.883 8.584 13.532 5.724 7.946 11.211 10.76 9.174 13.354 5.536 7.469 10.713 10.385 7.3 5.781 19.258 15.038 12.339 16.036 12.957 20.41 4.401 7.062 7.964 13.042 9.18 6.309 14.201 16.139 16.796 17.262 16.152 18.268 19.77 14.309 10.77 19.497 18.777 22.165 8.879 10.554 9.182 11.327 11.324 14.475 17.678 7.779 9.635 11.987 15.361 14.681 16.029 9.958 4.577 5.734 5.47 6.35 8.917 6.691 5.616 5.876 4.713 6.878 7.974 4.623
