4.377 7.037 8.581 5.237 11.023 8.931 13.755 10.294 13.752 4.532 12.321 13.561 9.755 6.307 5.249 16.406 16.124 11.317 11.113 9.838 15.77 5.978 6.73 9.086 14.929 8.862 8.557 10.074 12.824 15.668 16.758 22.163 13.131 15.572 19.949 13.564 18.76 22.4 21.623 12.298 13.52 12.727 15.004 19.167 23.365 19.561 10.747 11.736 24.146 16.408 16.78 17.962 22.602 13.614 17.045 17.38 16.616 27.615 15.681 15.853 16.266 15.09 15.115 11.697 11.814
5.601 9.04 10.952 6.708 13.844 11.294 17.012 12.793 16.707 5.739 15.471 17.082 12.348 7.928 6.694 20.372 20.237 14.315 13.699 12.028 18.982 7.442 8.518 11.516 18.417 11.002 10.548 12.448 15.691 18.91 20.031 25.996 15.638 18.448 23.527 16.265 22.285 26.449 25.6 14.95 16.457 15.656 18.423 23.313 28.149 23.614 13.166 14.562 29.542 20.38 20.651 22.039 27.539 16.843 21.049 21.547 20.647 33.689 19.656 19.855 20.467 19.103 19.193 15.026 15.262
5.407 8.722 10.61 6.597 13.383 10.997 16.455 12.521 16.494 5.452 14.726 16.269 11.973 7.786 6.615 19.692 19.503 14.071 13.681 12.099 19.042 7.421 8.545 11.646 18.431 11.234 10.871 12.847 16.114 19.365 20.63 26.841 16.133 18.838 23.979 16.512 22.532 26.87 26.077 14.844 16.323 15.557 18.314 23.118 27.825 23.438 12.879 14.207 28.608 19.803 20.198 21.543 26.829 16.4 20.38 20.783 19.927 32.443 18.685 18.794 19.312 18.047 18.123 14.111 14.322
4.057 6.26 7.794 4.717 10.205 8.458 13.817 10.379 14.286 4.421 11.811 13.394 9.812 6.114 4.719 15.577 16.039 11.687 11.385 9.75 15.904 5.747 6.026 7.922 13.833 8.332 7.813 8.986 11.656 14.878 16.493 22.788 13.301 15.406 19.905 13.344 18.502 22.624 22.284 12.272 12.831 11.683 13.732 18.114 23.173 19.706 10.413 10.716 22.982 15.785 16.324 17.434 22.502 13.285 16.389 16.667 15.983 28.026 15.604 15.611 15.749 14.45 14.37 10.842 10.68
4.885 7.701 9.374 5.761 11.858 9.682 14.916 11.242 15.129 5.014 13.327 14.756 10.717 6.992 5.746 17.278 17.069 12.1 11.997 10.566 16.671 6.339 7.024 9.299 15.07 9.013 8.65 10.015 12.609 15.333 16.391 21.654 12.909 15.358 19.577 13.376 18.472 22.057 21.406 12.304 13.489 12.66 14.872 19.001 23.293 19.711 10.983 11.949 24.428 16.82 17.397 18.685 23.615 14.365 18.035 18.448 17.75 29.616 17.002 17.468 18.002 16.796 16.886 13.126 13.25
5.008 7.892 9.545 6.052 11.935 9.907 14.642 11.277 14.731 5.079 13.122 14.497 10.81 7.142 6.084 17.371 17.27 12.636 12.312 10.942 16.945 6.844 7.792 10.483 16.35 10.176 9.85 11.56 14.396 17.228 18.361 23.738 14.564 16.896 21.345 14.924 20.12 23.892 23.265 13.533 14.779 14.099 16.485 20.657 24.762 21.036 11.828 12.944 25.393 17.867 18.221 19.4 24.002 14.962 18.406 18.768 18.034 28.885 17.003 17.082 17.527 16.418 16.474 12.943 13.1
4.902 7.95 9.672 5.923 12.356 10.05 15.162 11.34 14.875 5.024 13.662 15.07 10.846 6.976 5.916 18.361 18.157 12.741 12.255 10.842 17.309 6.728 7.739 10.563 17.134 10.206 9.855 11.711 14.882 18.024 19.113 24.898 14.835 17.551 22.411 15.381 21.115 25.068 24.094 13.898 15.332 14.577 17.185 21.775 26.229 21.847 12.066 13.308 27.023 18.514 18.698 19.919 24.828 15.057 18.796 19.193 18.316 29.894 17.171 17.234 17.687 16.433 16.474 12.851 13.04
5.228 8.512 10.376 6.371 13.212 10.764 16.357 12.35 16.444 5.306 14.662 16.131 11.775 7.599 6.411 19.686 19.341 13.856 13.526 11.936 19.025 7.226 8.316 11.366 18.225 10.948 10.6 12.558 15.838 19.142 20.447 26.855 15.937 18.714 23.943 16.305 22.446 26.851 26.03 14.634 16.106 15.265 18.008 22.864 27.68 23.228 12.613 13.902 28.487 19.438 19.892 21.266 26.66 16.089 20.117 20.49 19.616 32.419 18.377 18.529 19.032 17.728 17.791 13.751 13.941
4.259 6.791 8.489 5.044 11.232 8.994 14.683 10.703 14.801 4.556 12.761 14.151 10.06 6.378 5.039 17.319 16.925 11.845 11.796 10.246 16.963 5.987 6.475 8.738 15.38 8.888 8.477 9.902 12.919 16.298 17.721 24.198 13.837 16.44 21.316 14.054 19.857 24.016 23.179 12.776 13.742 12.626 14.986 19.716 24.743 20.53 10.894 11.493 25.179 16.567 17.227 18.479 23.779 13.782 17.402 17.669 16.868 29.605 15.928 16.221 16.505 15.151 15.136 11.424 11.396
4.573 7.685 9.432 5.615 12.113 9.738 15.042 11.178 15.028 4.605 13.499 14.893 10.635 6.681 5.607 18.238 17.896 12.504 12.097 10.581 17.23 6.236 7.272 10.096 16.507 9.597 9.239 11.033 14.051 17.076 18.206 24.115 13.919 16.489 21.36 14.274 19.985 24.078 23.248 12.711 14.154 13.432 16.007 20.55 25.065 20.818 10.982 12.268 26.113 17.482 17.848 19.143 24.266 14.285 18.12 18.514 17.693 29.945 16.572 16.74 17.279 16.067 16.156 12.362 12.593
4.829 7.863 9.588 5.909 12.124 9.931 14.938 11.322 14.964 4.854 13.354 14.775 10.818 6.973 5.906 17.884 17.722 12.721 12.339 10.874 17.214 6.599 7.626 10.444 16.627 10.047 9.705 11.491 14.452 17.4 18.536 24.188 14.419 16.872 21.55 14.748 20.228 24.181 23.455 13.225 14.583 13.897 16.413 20.798 25.107 21.1 11.477 12.705 25.887 17.835 18.188 19.417 24.267 14.719 18.365 18.742 17.963 29.472 16.853 16.96 17.446 16.293 16.369 12.699 12.906
5.718 9.104 11.043 6.893 13.916 11.473 17.208 13.167 17.341 5.836 15.43 17.043 12.576 8.198 6.914 20.469 20.287 14.686 14.303 12.664 19.879 7.806 8.869 11.989 19.015 11.632 11.214 13.2 16.573 19.985 21.358 27.901 16.897 19.691 25.066 17.348 23.59 28.148 27.395 15.72 17.178 16.332 19.164 24.187 29.206 24.735 13.723 15.009 30.017 20.889 21.293 22.718 28.304 17.429 21.535 21.983 21.089 34.255 19.959 20.031 20.558 19.191 19.236 15.013 15.176
4.841 7.902 9.58 5.738 12.147 9.792 15.156 11.381 15.336 4.952 13.847 15.235 10.91 6.917 5.728 17.897 17.593 12.308 11.886 10.388 16.625 6.183 6.974 9.331 14.98 8.737 8.306 9.704 12.175 14.699 15.628 20.67 12.132 14.344 18.469 12.499 17.357 20.849 20.223 11.386 12.594 11.88 14.013 17.919 21.995 18.528 10.088 11.184 23.486 15.933 16.358 17.638 22.499 13.53 17.145 17.617 16.954 28.796 16.38 16.758 17.436 16.329 16.487 12.764 12.984
5.545 8.713 10.526 6.621 13.157 10.91 16.325 12.599 16.608 5.663 14.673 16.227 12.077 7.911 6.639 19.131 19.042 13.937 13.582 12.009 18.647 7.411 8.325 11.101 17.393 10.754 10.337 12.057 15.013 18.035 19.293 25.175 15.413 17.9 22.696 15.817 21.402 25.537 24.984 14.473 15.743 14.937 17.457 21.987 26.621 22.748 12.749 13.893 27.541 19.372 19.834 21.196 26.448 16.447 20.279 20.728 19.953 32.409 19.104 19.262 19.807 18.546 18.614 14.576 14.717
5.249 8.417 10.216 6.344 12.839 10.564 15.873 12.125 16.036 5.309 14.24 15.747 11.599 7.527 6.344 18.771 18.612 13.45 13.079 11.544 18.121 7.044 8.028 10.842 17.112 10.427 10.045 11.8 14.754 17.728 18.91 24.679 14.881 17.37 22.125 15.261 20.822 24.885 24.245 13.834 15.172 14.426 16.96 21.443 25.949 21.99 12.127 13.347 26.912 18.705 19.137 20.47 25.615 15.71 19.533 19.968 19.192 31.434 18.217 18.392 18.95 17.736 17.827 13.888 14.081
4.494 6.77 8.435 5.23 10.83 9.333 14.836 11.244 15.269 4.764 12.229 14.53 10.664 6.638 5.112 15.85 17.246 12.564 12.148 10.4 16.618 6.161 6.465 8.253 14.436 9.007 8.34 9.42 12.18 15.669 17.389 23.694 13.92 15.949 20.644 14.096 19.165 23.679 23.375 12.959 13.411 12.306 14.485 19.178 24.672 21.045 11.161 11.443 23.866 17.24 17.634 18.754 24.145 14.453 17.555 18.075 17.427 30.018 16.963 17.02 17.209 15.915 15.823 12.044 11.834
5.619 8.991 10.914 6.801 13.776 11.326 17.029 12.993 17.178 5.716 15.276 16.839 12.422 8.101 6.844 20.299 20.06 14.535 14.184 12.548 19.726 7.701 8.786 11.886 18.814 11.493 11.115 13.088 16.401 19.744 21.09 27.549 16.62 19.404 24.684 17.02 23.205 27.686 26.93 15.39 16.852 15.999 18.783 23.717 28.639 24.216 13.374 14.668 29.471 20.413 20.881 22.297 27.822 17.055 21.161 21.571 20.697 33.786 19.514 19.658 20.186 18.851 18.915 14.725 14.905
5.19 7.919 9.823 6.164 12.557 10.747 16.616 12.542 16.688 5.353 13.698 16.052 11.782 7.502 5.967 18.124 19.379 14.045 13.693 11.882 18.807 7.165 7.754 10.141 17.486 10.961 10.337 11.842 15.285 19.386 21.215 28.271 16.699 19.261 24.662 16.948 22.932 27.862 27.208 15.268 16.079 14.992 17.685 23.059 28.876 24.358 13.136 13.719 27.881 19.93 20.29 21.451 27.068 16.33 19.834 20.355 19.552 32.5 18.483 18.531 18.706 17.294 17.188 13.246 13.159
4.932 7.577 9.185 5.785 11.439 9.602 14.562 11.251 14.92 5.063 12.799 14.39 10.735 6.986 5.704 16.289 16.585 12.197 11.904 10.425 16.111 6.34 6.912 9.014 14.389 8.952 8.496 9.73 12.154 14.813 15.972 21.042 12.841 14.896 18.9 13.176 17.832 21.396 21.055 12.195 13.106 12.335 14.421 18.38 22.656 19.511 10.941 11.743 23.367 16.675 17.167 18.355 23.091 14.367 17.651 18.127 17.522 28.765 17.065 17.303 17.778 16.643 16.697 13.077 13.139
5.393 8.206 9.835 6.311 12.23 10.459 15.719 12.377 16.09 5.605 13.649 15.287 11.651 7.606 6.235 17.028 18.03 13.628 13.119 11.488 17.47 7.163 7.792 10.08 15.789 10.338 9.92 11.382 14.119 17.338 19.077 25.189 15.796 18.027 22.594 16.037 21.37 25.534 25.316 14.839 15.763 14.798 17.15 21.738 26.877 23.445 13.256 14.116 27.093 19.673 20.093 21.294 26.382 16.647 20.078 20.457 19.721 31.644 19.162 19.1 19.413 18.03 17.93 14.07 14.081
4.797 7.259 8.656 5.537 10.775 9.243 14.023 11.097 14.485 5.01 12.203 13.668 10.506 6.805 5.516 15.007 16.141 12.239 11.712 10.191 15.489 6.329 6.83 8.749 13.584 8.96 8.571 9.762 12.024 14.812 16.429 21.824 13.705 15.588 19.483 13.862 18.482 22.14 22.136 12.937 13.659 12.722 14.691 18.693 23.364 20.553 11.567 12.238 23.494 17.205 17.665 18.713 23.313 14.747 17.785 18.093 17.495 28.344 17.274 17.211 17.451 16.215 16.146 12.64 12.614
4.87 8.112 9.992 5.878 13.22 10.355 16.339 11.743 15.923 5.14 14.829 16.155 11.128 7.129 5.944 20.348 19.617 13.043 12.829 11.395 18.865 6.876 7.824 10.767 18.36 10.37 10.108 12.06 15.609 19.194 20.361 27.022 15.55 18.847 24.273 16.086 22.76 27.041 25.599 14.483 16.082 15.023 17.861 23.05 28.046 22.817 12.38 13.615 29.333 18.987 19.411 20.831 26.401 15.386 19.749 20.017 18.992 32.4 17.499 17.918 18.373 16.926 16.98 12.989 13.186
5.778 8.908 11.088 6.866 14.239 11.93 18.66 13.944 18.72 5.991 15.638 17.945 13.113 8.414 6.718 20.95 21.559 15.547 15.339 13.346 21.312 8 8.688 11.535 19.859 12.14 11.548 13.338 17.242 21.699 23.616 31.573 18.557 21.646 27.712 18.859 25.832 31.169 30.303 17.036 18.117 16.881 19.916 25.905 32.238 27.07 14.647 15.383 31.712 22.082 22.671 24.049 30.371 18.182 22.348 22.842 21.891 36.668 20.624 20.78 21.03 19.409 19.332 14.859 14.801
4.938 7.695 9.272 5.918 11.513 9.604 14.151 10.979 14.332 5.011 12.708 14.052 10.543 6.994 5.934 16.562 16.52 12.175 11.863 10.536 16.165 6.602 7.444 9.901 15.291 9.599 9.262 10.787 13.346 15.919 16.967 21.895 13.564 15.69 19.76 13.91 18.667 22.159 21.666 12.721 13.846 13.201 15.391 19.252 23.125 19.799 11.248 12.277 23.88 16.974 17.359 18.512 22.924 14.426 17.708 18.093 17.438 27.89 16.624 16.758 17.233 16.188 16.265 12.83 12.98
4.482 6.835 8.244 5.27 10.283 8.752 13.148 10.244 13.396 4.603 11.388 12.917 9.714 6.307 5.159 14.4 15.177 11.21 10.823 9.484 14.557 5.858 6.383 8.269 13.208 8.471 8.042 9.185 11.474 14.121 15.358 20.179 12.442 14.273 18.046 12.73 17.048 20.485 20.237 11.741 12.522 11.79 13.781 17.573 21.711 18.754 10.514 11.226 21.932 15.939 16.268 17.281 21.595 13.541 16.427 16.84 16.279 26.342 15.807 15.85 16.175 15.11 15.093 11.849 11.881
5.006 7.524 9.18 5.778 11.723 10.086 15.874 12.352 16.453 5.404 13.434 15.419 11.642 7.366 5.78 17.092 18.641 14.011 13.441 11.567 18.137 7.066 7.439 9.554 15.929 10.24 9.662 11.005 13.993 17.755 19.853 27.01 16.459 18.675 23.658 16.422 22.074 26.794 26.663 15.112 15.657 14.343 16.628 21.545 27.382 23.772 12.925 13.293 26.52 19.159 19.589 20.712 26.179 16.062 19.323 19.628 18.87 31.586 18.587 18.333 18.361 16.881 16.706 12.827 12.627
5.808 9.22 11.155 6.954 13.935 11.519 17.183 13.147 17.164 5.855 15.405 17.069 12.547 8.151 6.883 20.172 20.129 14.515 13.966 12.275 19.046 7.575 8.609 11.588 18.247 11.152 10.651 12.471 15.585 18.703 19.871 25.768 15.602 18.127 23.03 16.051 21.765 25.828 25.039 14.766 16.189 15.489 18.186 22.924 27.675 23.483 13.166 14.486 28.931 20.318 20.658 22.048 27.473 17.018 21.045 21.597 20.77 33.587 19.925 20.054 20.708 19.411 19.527 15.375 15.608
4.833 8.178 10.04 5.811 13.304 10.334 16.495 11.831 16.15 5.133 15.208 16.468 11.256 7.101 5.9 20.606 19.766 13.093 12.778 11.269 18.813 6.732 7.679 10.553 17.95 9.983 9.679 11.571 14.956 18.396 19.543 26.148 14.883 18.069 23.47 15.442 22.039 26.345 24.982 13.981 15.617 14.569 17.363 22.505 27.574 22.444 12.045 13.363 29.379 18.806 19.28 20.775 26.578 15.37 19.868 20.177 19.169 33.276 17.818 18.294 18.872 17.416 17.502 13.318 13.544
5.088 7.429 8.665 5.468 10.244 9.008 13.536 11.225 15.62 5.873 13.998 15.948 11.95 7.585 5.993 15.632 16.427 12.55 12.054 10.833 17.006 7.332 7.552 9.251 13.554 8.538 7.846 8.717 10.55 12.816 14.624 20.732 14.091 16.507 21.783 16.301 21.294 25.346 25.141 15.032 15.732 14.582 16.478 20.334 24.676 21.543 12.336 13.042 25.244 19.441 19.734 20.675 25.322 16.296 19.666 20.218 19.331 30.88 19.234 19.029 19.442 18.25 18.101 14 13.539
4.197 6.916 8.469 5.194 10.784 8.8 13.232 9.954 13.116 4.202 11.768 13.014 9.481 6.085 5.183 16.049 15.881 11.345 10.981 9.661 15.39 5.843 6.834 9.488 15.246 9.153 8.858 10.568 13.371 16.125 17.146 22.335 13.176 15.412 19.694 13.379 18.393 21.941 21.132 11.805 13.086 12.518 14.851 18.843 22.657 18.869 10.169 11.304 23.2 15.853 16.103 17.145 21.359 12.838 16.04 16.334 15.601 25.565 14.442 14.465 14.844 13.829 13.89 10.762 10.975
