5.471 6.94 8.761 6.742 7.498 9.69 9.226 7.729 8.86 7.039 8.299 8.178 7.792 8.375 7.372 13.74 13.186 11.29 11.551 9.718 16.067 8.176 7.224 9.748 11.735 12.809 8.95 12.614 14.317 14.792 14.898 16.944 17.673 14.971 13.116 12.224 15.411 17.961 19.033 12.122 12.629 12.54 14.798 14.312 18.158 20.933 14.001 12.241 13.651 21.568 19.466 19.592 23.594 12.877 12.991 15.969 16.325 14.652 13.927 14.165 16.405 13.383 16.279 18.12 11.847
6.617 8.309 10.306 7.658 8.887 11.334 10.475 8.337 9.379 7.403 9.245 8.468 8.025 9.278 7.608 15.14 14.681 12.175 12.072 10.001 18.424 9.236 7.875 10.859 13.058 14.196 9.377 14.254 15.458 16.218 16.623 19.04 19.187 16.893 14.71 13.328 17.427 20.484 21.373 12.963 13.744 13.503 16.64 15.901 20.407 23.713 15.45 13.378 14.218 23.779 21.053 20.978 25.683 13.782 13.5 18.064 18.459 16.634 15.562 15.388 17.505 14.421 17.395 18.952 11.952
3.9 4.903 6.212 4.736 5.259 6.893 6.619 5.527 6.354 4.994 5.887 5.795 5.506 5.925 5.183 10.018 9.821 8.473 8.695 7.247 12.246 6.107 5.28 7.061 8.552 9.444 6.533 9.276 10.663 11.145 11.308 13.007 13.687 11.553 10.013 9.199 11.59 13.635 14.61 9.173 9.428 9.231 10.868 10.482 13.456 15.784 10.467 9.007 9.924 15.981 14.557 14.788 18.088 9.669 9.586 11.697 11.925 10.637 10.034 10.144 11.794 9.547 11.68 13.145 8.473
4.013 5.352 7.023 5.125 5.86 7.938 7.406 6.01 7.092 5.391 6.604 6.467 6.116 6.676 5.732 12.076 11.092 9.179 9.448 7.703 13.997 6.241 5.46 7.809 9.668 10.591 6.909 10.439 11.923 12.219 12.221 14.145 14.687 12.019 10.33 9.522 12.515 14.828 15.675 9.22 9.733 9.597 11.635 11.07 14.584 16.959 10.492 9.002 10.208 17.564 15.274 15.421 19.198 9.454 9.654 12.304 12.568 11.059 10.442 10.653 12.676 9.937 12.657 14.338 8.672
4.128 5.242 6.621 4.997 5.588 7.384 7.133 5.95 6.837 5.305 6.257 6.142 5.834 6.298 5.485 10.793 10.79 9.282 9.419 7.731 13.174 6.469 5.57 7.408 8.922 10.053 6.948 9.936 11.409 12.048 12.244 14.072 14.805 12.408 10.632 9.661 12.184 14.496 15.759 9.742 9.956 9.638 11.35 11.012 14.359 17.069 11.193 9.533 10.415 16.887 15.654 15.975 19.55 10.221 10.075 12.209 12.483 11.214 10.589 10.695 12.493 10.093 12.433 14.06 8.983
4.054 5.163 6.543 4.975 5.584 7.406 7.16 5.952 6.845 5.326 6.322 6.243 5.968 6.476 5.666 11.266 11.193 9.535 9.676 7.963 13.65 6.665 5.762 7.72 9.472 10.748 7.382 10.589 12.226 12.889 13.024 14.927 15.644 13.039 11.162 10.176 12.912 15.396 16.608 10.191 10.434 10.146 12.045 11.698 15.202 17.879 11.571 9.822 10.735 17.447 15.953 16.044 19.416 10.056 9.896 12.026 12.339 11.028 10.371 10.456 12.19 9.801 12.016 13.532 8.596
5.562 7.166 9.133 6.937 7.784 10.16 9.573 7.945 9.181 7.221 8.62 8.482 8.069 8.707 7.614 14.61 13.634 11.491 11.787 9.858 16.703 8.184 7.274 10.013 12.153 13.194 9.019 12.964 14.658 15.002 15.004 17.089 17.729 14.861 13.01 12.157 15.527 18.103 19.046 11.89 12.508 12.442 14.803 14.227 18.151 20.795 13.61 11.91 13.385 21.583 19.188 19.298 23.411 12.513 12.772 15.918 16.298 14.578 13.868 14.145 16.495 13.338 16.438 18.37 11.813
3.96 5.173 6.807 4.965 5.648 7.727 7.276 5.891 6.927 5.227 6.367 6.235 5.883 6.412 5.48 11.809 11.034 9.188 9.428 7.617 13.993 6.194 5.276 7.439 9.305 10.334 6.713 10.11 11.67 12.083 12.141 14.134 14.768 12.065 10.265 9.336 12.251 14.669 15.682 9.166 9.505 9.27 11.249 10.74 14.307 16.902 10.448 8.821 9.878 17.298 15.241 15.517 19.514 9.531 9.519 12.052 12.361 10.882 10.228 10.396 12.427 9.733 12.416 14.2 8.557
4.428 5.579 7.058 5.314 5.896 7.791 7.555 6.349 7.315 5.694 6.667 6.533 6.187 6.669 5.822 11.384 11.54 10.135 10.362 8.515 14.368 7.135 6.107 8.078 9.612 10.72 7.508 10.739 12.371 13.085 13.444 15.541 16.42 13.851 11.882 10.755 13.413 15.845 17.308 10.852 11.05 10.652 12.384 11.945 15.545 18.633 12.401 10.572 11.495 18.381 17.055 17.601 21.647 11.417 11.169 13.418 13.533 12.11 11.442 11.537 13.415 10.85 13.323 15.081 9.687
4.223 5.39 6.86 5.25 5.877 7.687 7.31 6.092 7.02 5.544 6.6 6.528 6.24 6.754 5.943 11.435 10.883 9.257 9.486 7.94 13.407 6.651 5.876 8.028 9.817 10.792 7.446 10.65 12.157 12.56 12.618 14.388 14.972 12.571 10.962 10.195 12.962 15.174 16.043 10.051 10.474 10.384 12.327 11.89 15.152 17.394 11.413 9.901 11.014 17.601 15.714 15.725 18.883 10.087 10.14 12.492 12.757 11.384 10.769 10.918 12.65 10.223 12.474 13.894 8.956
5.731 7.465 9.672 7.172 8.119 10.876 10.221 8.376 9.786 7.51 9.063 8.878 8.402 9.108 7.853 16.115 14.926 12.5 12.878 10.573 18.783 8.633 7.534 10.462 12.902 14.182 9.415 13.903 15.87 16.333 16.379 18.896 19.666 16.254 14.054 12.958 16.788 19.828 21.008 12.656 13.26 13.036 15.675 15.001 19.638 22.862 14.477 12.499 14.021 23.693 20.836 21.15 26.24 13.334 13.539 17.02 17.428 15.46 14.637 14.915 17.643 13.997 17.619 19.925 12.356
4.128 5.464 7.053 5.287 5.984 7.867 7.347 6.039 7.042 5.51 6.673 6.571 6.252 6.788 5.928 11.526 10.659 8.858 9.058 7.541 12.973 6.216 5.584 7.913 9.622 10.371 6.993 10.227 11.544 11.725 11.667 13.282 13.695 11.37 9.924 9.301 12.035 14.049 14.697 8.979 9.547 9.554 11.438 10.926 13.95 15.884 10.151 8.86 10.093 16.493 14.485 14.446 17.509 9.077 9.391 11.889 12.161 10.792 10.244 10.467 12.268 9.82 12.243 13.683 8.577
4.874 6.153 7.729 5.972 6.621 8.472 8.029 6.739 7.711 6.167 7.251 7.122 6.754 7.207 6.333 11.537 11.027 9.48 9.755 8.299 13.54 6.978 6.172 8.282 9.874 10.628 7.429 10.363 11.764 12.154 12.227 13.913 14.583 12.441 10.962 10.264 12.872 14.864 15.639 10.091 10.559 10.541 12.406 11.967 15.04 17.312 11.792 10.415 11.681 18.352 16.543 16.634 20.088 11.138 11.294 13.894 14.172 12.688 12.06 12.296 14.256 11.685 14.207 15.8 10.39
4.832 6.125 7.78 5.902 6.568 8.583 8.147 6.762 7.779 6.096 7.215 7.079 6.703 7.194 6.26 12.042 11.47 9.764 9.997 8.327 14.107 6.954 6.053 8.186 9.894 10.785 7.375 10.49 11.92 12.296 12.362 14.144 14.782 12.435 10.814 9.996 12.676 14.848 15.769 9.853 10.211 10.057 11.899 11.441 14.654 17.033 11.233 9.735 10.845 17.617 15.917 16.182 19.884 10.653 10.721 13.273 13.609 12.177 11.547 11.744 13.729 11.123 13.72 15.462 9.953
5.287 7.207 9.512 6.949 7.997 10.789 9.988 8.084 9.599 7.384 9.168 9.047 8.612 9.477 8.222 17.078 15.585 12.694 13.009 10.699 19.314 8.725 7.858 11.586 14.339 15.515 10.114 15.422 17.555 17.779 17.62 20.216 20.779 16.926 14.645 13.729 18.179 21.386 22.284 13.072 14.042 14.074 17.086 16.177 20.961 23.836 14.583 12.589 14.476 24.433 20.94 20.618 25.009 12.276 12.768 16.43 16.701 14.591 13.747 14.023 16.547 12.934 16.381 18.337 11.039
4.594 5.676 7.138 5.461 6.01 7.843 7.593 6.38 7.321 5.788 6.781 6.677 6.336 6.796 5.951 11.417 11.484 10.107 10.466 8.805 14.774 7.555 6.448 8.488 10.196 11.229 7.818 10.985 12.697 13.4 13.735 15.927 16.967 14.499 12.58 11.496 14.315 16.769 18.019 11.442 11.635 11.305 13.168 12.646 16.113 19 12.819 10.984 11.994 19.122 17.623 17.976 22.084 12.031 11.766 14.161 14.319 12.687 11.861 11.885 13.709 11.108 13.479 15.182 9.869
4.496 5.498 6.814 5.284 5.81 7.434 7.155 6.096 7.018 5.665 6.632 6.513 6.14 6.513 5.718 10.532 10.713 9.642 10.204 8.844 14.465 7.533 6.454 8.417 9.931 10.717 7.491 10.374 12.117 12.99 13.374 15.543 16.774 14.504 12.667 11.643 14.312 16.376 17.272 11.23 11.579 11.408 13.219 12.579 15.619 18.237 12.767 11.178 12.324 19.194 17.412 17.45 21.384 12.067 11.841 14.106 14.032 12.241 11.327 11.345 13.081 10.713 12.88 14.375 9.495
3.901 5.027 6.393 4.901 5.499 7.122 6.71 5.599 6.462 5.146 6.147 6.074 5.81 6.283 5.548 10.385 9.716 8.214 8.404 7.086 11.799 5.945 5.347 7.38 8.902 9.604 6.669 9.505 10.7 10.911 10.9 12.349 12.75 10.732 9.44 8.861 11.26 13.058 13.676 8.642 9.1 9.086 10.745 10.313 12.982 14.714 9.697 8.5 9.55 15.141 13.452 13.446 16.124 8.726 8.928 11.082 11.323 10.128 9.628 9.801 11.358 9.229 11.319 12.578 8.137
3.795 4.967 6.597 4.771 5.453 7.56 7.117 5.732 6.77 5.059 6.197 6.07 5.725 6.263 5.33 11.877 11.054 9.169 9.423 7.554 14.197 6.11 5.16 7.316 9.267 10.379 6.66 10.158 11.799 12.252 12.32 14.417 15.074 12.227 10.344 9.359 12.377 14.925 15.996 9.202 9.516 9.24 11.285 10.767 14.511 17.236 10.483 8.781 9.81 17.545 15.351 15.644 19.787 9.443 9.382 11.917 12.229 10.724 10.049 10.2 12.256 9.513 12.224 14.035 8.325
5.332 6.786 8.601 6.543 7.307 9.598 9.19 7.626 8.758 6.842 8.097 7.963 7.57 8.154 7.11 13.81 13.426 11.399 11.595 9.596 16.302 8 6.957 9.353 11.389 12.668 8.68 12.37 14.168 14.765 14.865 17 17.786 14.891 12.859 11.824 15.014 17.775 19.04 11.79 12.168 11.935 14.171 13.732 17.739 20.777 13.584 11.685 12.928 21.028 19.18 19.413 23.692 12.488 12.48 15.347 15.799 14.167 13.411 13.613 15.92 12.882 15.85 17.871 11.445
4.652 5.83 7.344 5.616 6.204 8.037 7.673 6.408 7.334 5.791 6.793 6.663 6.306 6.737 5.879 11.051 10.713 9.22 9.45 7.921 13.184 6.675 5.793 7.716 9.244 10.061 6.965 9.763 11.106 11.51 11.626 13.302 13.974 11.861 10.342 9.553 11.989 14.001 14.915 9.466 9.76 9.598 11.268 10.854 13.812 16.114 10.822 9.4 10.423 16.676 15.252 15.547 19.08 10.431 10.444 12.814 13.115 11.756 11.142 11.311 13.158 10.735 13.132 14.787 9.652
3.665 4.623 6.003 4.472 5.018 6.806 6.531 5.356 6.227 4.774 5.721 5.638 5.342 5.804 5.015 10.523 10.254 8.721 8.928 7.277 12.991 6.071 5.09 6.955 8.668 9.717 6.48 9.501 11.077 11.621 11.778 13.709 14.45 11.963 10.162 9.176 11.794 14.13 15.248 9.151 9.292 8.991 10.744 10.313 13.576 16.152 10.281 8.595 9.426 16.054 14.524 14.803 18.459 9.334 9.075 11.192 11.449 10.105 9.439 9.508 11.226 8.907 11.137 12.741 7.879
4.462 6.085 8.06 5.844 6.753 9.199 8.523 6.89 8.209 6.242 7.759 7.63 7.25 7.986 6.885 14.697 13.341 10.929 11.275 9.203 16.927 7.429 6.609 9.701 12.069 13.17 8.53 13.125 14.979 15.257 15.201 17.585 18.147 14.738 12.678 11.756 15.602 18.445 19.338 11.22 11.987 11.891 14.476 13.695 17.988 20.657 12.532 10.755 12.287 21.138 18.044 17.972 22.129 10.675 11.017 14.141 14.362 12.535 11.8 12.021 14.266 11.078 14.155 15.931 9.481
5.082 6.594 8.581 6.385 7.241 9.752 9.222 7.565 8.854 6.826 8.283 8.171 7.779 8.494 7.378 15.261 14.381 12.097 12.426 10.204 18.157 8.437 7.318 10.259 12.726 14.062 9.38 13.904 15.987 16.533 16.623 19.206 20.012 16.517 14.186 13.016 16.86 19.974 21.219 12.74 13.232 12.98 15.574 14.879 19.387 22.532 14.216 12.084 13.46 22.628 19.958 20.096 24.691 12.459 12.442 15.528 15.826 13.951 13.098 13.25 15.583 12.326 15.438 17.434 10.752
4.244 5.295 6.64 5.123 5.637 7.141 6.732 5.74 6.631 5.307 6.202 6.008 5.537 5.76 4.934 8.953 8.92 7.92 8.289 7.012 12.138 6.474 5.597 7.478 9.018 9.893 7.019 9.994 11.736 12.498 12.724 14.467 15.145 12.656 10.867 9.976 12.764 15.336 17.129 11.363 12.151 12.156 14.285 13.559 16.74 19.119 12.718 10.737 11.491 17.738 16.088 16.286 20.181 11.39 11.525 14.173 14.414 12.807 12.178 12.178 14.041 11.223 13.102 13.943 8.752
4.489 5.602 6.981 5.329 5.769 7.344 7.071 6.121 7.081 5.628 6.469 6.215 5.752 6.005 5.214 9.62 9.536 8.314 8.722 7.556 12.567 6.657 5.823 7.724 9.319 10.397 7.539 10.635 12.331 13.035 13.196 14.752 15.028 12.618 11.23 10.584 13.444 16.214 18.176 12.279 12.821 12.631 14.68 14.058 17.572 19.767 13.103 11.142 12.133 18.742 17.15 17.779 22.261 12.471 12.418 15.162 15.631 14.17 13.487 13.516 15.206 11.991 13.974 15.031 9.631
5.746 7.244 10.178 7.407 7.698 11.094 10.229 8.685 9.874 7.463 9.295 8.691 8.215 8.538 7.262 14.794 13.128 10.563 10.368 8.59 16.659 7.392 6.566 10.27 11.781 12.187 7.923 12.758 12.814 13.947 14.151 16.369 16.735 13.779 11.201 10.179 15.208 16.944 18.246 10.88 10.547 12.282 14.088 13.186 16.414 19.593 12.432 10.134 12.983 20.017 17.882 17.835 22.582 11.701 11.809 15.101 15.528 14.038 12.395 13.836 14.525 11.5 14.464 16.985 10.547
4.645 6.213 8.231 5.936 6.831 9.398 8.749 7.062 8.391 6.298 7.765 7.593 7.172 7.86 6.705 14.734 13.398 11.033 11.422 9.242 17.27 7.426 6.447 9.256 11.609 12.827 8.244 12.67 14.549 14.949 14.971 17.452 18.141 14.735 12.619 11.578 15.342 18.283 19.355 11.2 11.821 11.585 14.141 13.427 17.951 20.99 12.755 10.896 12.32 21.712 18.656 18.873 23.696 11.401 11.612 14.841 15.134 13.254 12.487 12.726 15.23 11.803 15.173 17.249 10.257
4.216 5.309 6.668 5.002 5.613 7.565 7.447 6.164 7.06 5.369 6.331 6.203 5.887 6.367 5.489 11.387 11.859 10.152 10.194 8.195 14.388 6.872 5.732 7.44 9.097 10.625 7.224 10.387 12.131 13.08 13.345 15.48 16.445 13.627 11.419 10.131 12.81 15.638 17.383 10.43 10.407 9.822 11.623 11.353 15.185 18.601 11.965 9.897 10.558 17.759 16.989 17.455 21.71 10.936 10.488 12.52 12.944 11.645 10.897 10.923 12.896 10.353 12.886 14.846 9.292
3.943 5.035 6.529 4.881 5.503 7.44 7.103 5.834 6.786 5.214 6.265 6.181 5.878 6.397 5.545 11.577 11.074 9.37 9.609 7.853 14.001 6.492 5.555 7.612 9.527 10.692 7.143 10.488 12.175 12.713 12.824 14.85 15.542 12.831 10.972 9.992 12.882 15.385 16.481 9.902 10.17 9.903 11.879 11.425 15.012 17.655 11.167 9.444 10.401 17.59 15.671 15.872 19.576 9.855 9.728 12.042 12.334 10.911 10.234 10.335 12.175 9.645 12.037 13.662 8.455
